Time (s),Acceleration x (m/s^2),Acceleration y (m/s^2),Acceleration z (m/s^2)
9.001492868,0.6162800668062306,-0.379820409380524,-0.16131721570958674
9.006247608,0.5775526490077569,-0.19642703144011456,-0.13842467274324355
9.011002347,0.544692217812795,-0.01592475913125,-0.11609416220686174
9.015757035,0.5198497034150865,0.1594831080071735,-0.09490552155594646
9.020511774,0.5049068916518301,0.32772655033377496,-0.07541463600911545
9.025266514,0.501418772461939,0.48691226333481225,-0.0581422383853358
9.030021253,0.5105643834622104,0.6353630417622559,-0.043563445870299505
9.034775993,0.5331076622891752,0.7716521057540323,-0.03209824932026712
9.039530733,0.5693695552420945,0.8946314847750034,-0.024103156197047025
9.044285472,0.6192123259612825,1.0034537243548758,-0.01986417006653482
9.049040212,0.68203667492107,1.0975863522254878,-0.019591266658835142
9.053794951,0.7567919269451883,1.1768187296308628,-0.023414497442574407
9.058549639,0.8419991781723384,1.2412611145928993,-0.03138181554352307
9.063304378,0.9357869244273355,1.2913359706709668,-0.043458675622992514
9.068059118,1.0359383288237054,1.3277617611780417,-0.05952941033276344
9.072813858,1.1399489374282104,1.351529669094224,-0.07940033375220322
9.077568597,1.245093328359644,1.3638738714322365,-0.1028044700498699
9.082323337,1.3484988923595225,1.3662361679165969,-0.12940775664096982
9.087078076,1.4472247020341042,1.3602259118736275,-0.15881652781970834
9.091832816,1.5383432426033548,1.3475763108970362,-0.190586049010561
9.096587555,1.619022658445962,1.3300982518110993,-0.22422984473956312
9.101342295,1.6866071249560832,1.3096328558018862,-0.25922954631398504
9.106096983,1.7386929895027645,1.288003984150132,-0.2950449789667676
9.110851722,1.7731984399074794,1.2669718934506171,-0.331124213400052
9.115606462,1.7884246505034855,1.2481891840874826,-0.3669133231384646
9.120361201,1.783106616842204,1.2331601012695104,-0.40186561617672595
9.125115941,1.7564522095167683,1.2232041394185644,-0.43545014595790493
9.12987068,1.708168342541339,1.2194247736370967,-0.4671593510897315
9.13462542,1.6384735486068316,1.2226840011447286,-0.4965157227544917
9.13938016,1.5480966682193509,1.2335832245793046,-0.5230774496028259
9.144134899,1.438261777520432,1.2524508504731242,-0.5464430373439212
9.148889639,1.3106598853651124,1.2793368122326865,-0.5662549398914508
9.153644378,1.167408309373231,1.3140140602087271,-0.582202268030766
9.158399066,1.010998980444404,1.3559868955068428,-0.594022659575112
9.163153805,0.8442372158989326,1.4045058633870409,-0.6015034031676718
9.167908545,0.6701727364953888,1.458588770883431,-0.6044819085170902
9.172663285,0.4920248783942173,1.5170472555361856,-0.6028456113485007
9.177418024,0.31310406606814417,1.5785182108335714,-0.5965313938755341
9.182172764,0.13673166613066287,1.6414992711315672,-0.5855245929186825
9.186927503,-0.03383966359995063,1.7043874757049593,-0.5698576592341025
9.191682243,-0.19550307787597254,1.765520168898367,-0.5496085239900841
9.196436983,-0.34537016334221554,1.8232171514373248,-0.5248987218532061
9.201191722,-0.4808372971722955,1.875823076931486,-0.4958913143978401
9.205946462,-0.5996441697404182,1.9217490874008487,-0.46278865161005234
9.210701201,-0.6999231301735654,1.959512702145428,-0.4258300021193458
9.215455941,-0.7802382742490851,1.9877750152550553,-0.38528907392607326
9.220210628,-0.8396134745923981,2.00537431816403,-0.34147143709145056
9.224965368,-0.8775488468244145,2.011355344223957,-0.2947118492006811
9.229720108,-0.8940254454361448,2.004993431127342,-0.24537147491030067
9.234474847,-0.8894982828249427,1.9858130123995759,-0.19383498403591995
9.239229587,-0.8648780570939489,1.953599978790357,-0.1405075094503642
9.243984326,-0.8215022518113707,1.9084075915727383,-0.08581144674220446
9.248739066,-0.7610965269326436,1.8505557796088619,-0.030183081352040356
9.253493805,-0.6857275478263201,1.7806238075193719,0.025930965728175083
9.258248545,-0.5977485928791427,1.6994364602299827,0.08207747713639424
9.263003285,-0.4997394347198328,1.6080440463018348,0.1378005618062435
9.267758024,-0.3944421023431835,1.5076966754325891,0.19264575514859725
9.272512764,-0.28469419940171997,1.3998134108941698,0.24616428535493615
9.277267503,-0.17336147701415097,1.2859470319238193,0.29791748707386845
9.282022243,-0.06327133813859417,1.167745260699611,0.3474813341520962
9.28677693,0.04285111354444654,1.04690941018638,0.3944510521452345
9.29153167,0.1424429717078875,0.925151489879729,0.43844576031795357
9.29628641,0.23315800537146156,0.8041508638641396,0.47911308315562273
9.301041149,0.3129145244495354,0.6855115877718987,0.5161336635723219
9.305795889,0.3799356437478612,0.5707215568626054,0.5492255038576204
9.310550628,0.43278118262240944,0.4611145756519555,0.57814805544351
9.315305368,0.4703706802937969,0.357836409731572,0.6027059743295559
9.320060108,0.4919972584238285,0.2618158023745815,0.6227524552770609
9.324814847,0.49733231469005373,0.17374133240831993,0.6381920548237172
9.329569587,0.48642127525953327,0.0940448565134595,0.6489829113109117
9.334324326,0.4596708621787508,0.02289212022592781,0.6551382702681197
9.339079066,0.4178285365967316,-0.039819060040826054,0.656727226515061
9.343833805,0.36195495460816457,-0.09445284328562359,0.6538746009050684
9.348588545,0.293390415148708,-0.14162165480859137,0.6467598802375635
9.353343285,0.21371638630021142,-0.18216496481973174,0.6356151639213872
9.358098024,0.12471326668327656,-0.21712102823048066,0.6207220808033569
9.362852764,0.0283155728674252,-0.24769228580880523,0.6024076643114467
9.367607503,-0.07343425631474661,-0.2752053422400924,0.5810392034577362
9.372362243,-0.17843227919094887,-0.3010666325315229,0.5570181205553638
9.377116983,-0.28455859446309767,-0.32671505645161913,0.5307729623873744
9.38187167,-0.3897209915336922,-0.3535729934880128,0.5027516281532343
9.38662641,-0.49189579433527836,-0.3829972011481467,0.4734129925898593
9.391381149,-0.5891651041288692,-0.41623114167787373,0.4432181137790271
9.396135889,-0.6797497784195308,-0.4543602726103386,0.41262123971676656
9.400890628,-0.7620376243852046,-0.49827177331829464,0.38206084319542133
9.405645368,-0.8346064331556832,-0.5486200635722396,0.3519509189873754
9.410400108,-0.8962416328765828,-0.6057993039439145,0.3226727700679322
9.415154847,-0.9459484901837198,-0.6699238568018812,0.29456749182135916
9.419909587,-0.9829589372678426,-0.7408174374761325,0.26792933772199484
9.424664326,-1.0067332405541531,-0.818011406143131,0.24300012071226249
9.429419066,-1.0169568529060447,-0.9007523513209221,0.21996477494820377
9.434173805,-1.0135329008735818,-0.9880188055739029,0.19894817480858754
9.438928545,-0.9965708496565954,-1.0785466238116412,0.18001328216233844
9.443683285,-0.9663719598364069,-1.1708622556633739,0.1631606674392561
9.448438024,-0.923412200735166,-1.263322867193974,0.14832942318316947
9.453192764,-0.8683233148878029,-1.354162024605824,0.13539945927674013
9.457947503,-0.8018727360974524,-1.4415394533763894,0.1241951369977585
9.462702243,-0.7249430496787046,-1.5235932388205131,0.11449016588351386
9.467456983,-0.6385116480592367,-1.59849274483114,0.10601365527935497
9.472211722,-0.5436311788910145,-1.6644905010179987,0.098457183869537
9.476966462,-0.441411307851861,-1.7199713469484579,0.09148272742635224
9.481721201,-0.333002226493258,-1.763497225744762,0.08473126849378976
9.486475941,-0.21958022932735186,-1.7938461855401935,0.07783190150698413
9.49123068,-0.10233556698928878,-1.8100443712768906,0.07041124147775131
9.49598542,0.01753734218827298,-1.8113900632810593,0.06210294168798591
9.500740108,0.13884738639016103,-1.7974691322699272,0.052557123959472846
9.505494899,0.2604120870347435,-1.7681616192472545,0.04144952349549921
9.510249587,0.38106105650211547,-1.723639496799521,0.02849015028139872
9.515004326,0.4996379598281162,-1.664356007610116,0.013431273037528405
9.519759066,0.6150014247023617,-1.5910272886056134,-0.003925457911009681
9.524513805,0.7260253885931048,-1.504607259161899,-0.02372291466634346
9.529268545,0.8315993879290887,-1.4062569670467326,-0.04604356386777282
9.534023285,0.9306292827588704,-1.2973097384536632,-0.07090581855376835
9.538778024,1.0220388735902168,-1.1792335650314767,-0.09826174957261292
9.543532764,1.1047728085486281,-1.0535921814314397,-0.12799620423635383
9.548287503,1.1778011023531623,-0.9220062449935883,-0.1599273488963938
9.553042243,1.2401254977461822,-0.7861159308551021,-0.1938086226868268
9.557796983,1.2907877987716618,-0.6475461091809792,-0.22933206195839106
9.562551722,1.3288801975382922,-0.5078750861473273,-0.2661329291219571
9.567306462,1.3535575057968863,-0.36860767753975165,-0.3037955561518735
9.572061201,1.3640510938796746,-0.23115315461109923,-0.3418602922079216
9.576815941,1.359684236341792,-0.09680836726221216,-0.37983142657471874
9.58157068,1.3398884698670592,0.03325387996672042,-0.41718594158784783
9.58632542,1.3042204882053963,0.15799133893873601,-0.45338293422792975
9.59108016,1.2523790342902252,0.2764940491046349,-0.48787352861971983
9.595834899,1.1842212039629039,0.3879817869794719,-0.5201110845272783
9.600589639,1.0997775509937258,0.49179786459420083,-0.5495614898883859
9.605344378,0.9992653806053774,0.5874000052244501,-0.5757133103272992
9.610099118,0.8830996387582313,0.6743490866931523,-0.598087558072629
9.614853858,0.751900846241801,0.7522965695966559,-0.6162468397636253
9.619608597,0.6064995883369911,0.8209714216458398,-0.6298036499250389
9.624363337,0.4479371500585557,0.8801673123982284,-0.6384275961771669
9.629118076,0.2774619812172187,0.9297307879256518,-0.641851373932718
9.633872816,0.09652178234926204,0.9695510457598016,-0.6398753513527224
9.638627555,-0.09324888044054482,0.9995518205754419,-0.632370677286921
9.643382295,-0.29004539914019045,1.0196857648034157,-0.6192808823730614
9.648137035,-0.4919142244245079,1.0299315704904586,-0.6006220023299089
9.652891774,-0.6967779517128018,1.0302939343651167,-0.5764813084409778
9.657646514,-0.9024639743671108,1.0208063224870523,-0.5470147792243804
9.662401253,-1.1067361661421222,1.0015363492088925,-0.512443486005017
9.667155993,-1.3073289470344838,0.9725934523366916,-0.4730490914128746
9.671910733,-1.501982994466554,0.9341384268073125,-0.429168672933266
9.676665472,-1.688481789062992,0.8863942768990206,-0.3811890839331801
9.681420212,-1.8646881343878712,0.829657765396604,-0.3295410533390244
9.686174951,-2.0285797654415094,0.7643109801046032,-0.2746932041033728
9.690929691,-2.178283163135432,0.6908322059127783,-0.21714614176229696
9.69568443,-2.312104722056384,0.6098053858926447,-0.1574267297917622
9.70043917,-2.428558476247806,0.5219274785105674,-0.09608263010567908
9.70519391,-2.5263896711050644,0.42801306998259236,-0.03367714681328944
9.709948649,-2.60459357646539,0.3289956801167329,0.02921562877392192
9.714703389,-2.662429063375419,0.22592530470221708,0.09201541174204723
9.719458128,-2.699426610872368,0.11996186454269776,0.15414012871052685
9.724212868,-2.715390564841403,0.012364376482378115,0.21501023309958994
9.728967608,-2.7103956336714923,-0.09552417977321381,0.27405304497894484
9.733722347,-2.6847777699847235,-0.20229615930861364,0.3307072341763719
9.738477087,-2.6391197492061003,-0.30650240718166405,0.3844275569394106
9.743231826,-2.574231909431179,-0.40667880214838026,0.43468993536355677
9.747986566,-2.491128658478672,-0.5013755694389608,0.48099693584500625
9.752741305,-2.3910014789387266,-0.5891886102276371,0.5228836596304719
9.757496045,-2.2751892662091913,-0.6687919857363294,0.5599240075199271
9.762250785,-2.145146913582151,-0.7389706121193979,0.5917372250416842
9.767005524,-2.002413108012507,-0.798652172112987,0.6179945777311707
9.771760264,-1.8485783162479739,-0.8469372333617295,0.638425952783829
9.776515003,-1.6852539204064263,-0.8831265824211493,0.652826137855935
9.781269743,-1.514043403164923,-0.9067448373008729,0.6610604946622552
9.786024483,-1.3365163856120974,-0.9175594882933581,0.6630697284864473
9.790779222,-1.1541861877015365,-0.9155946336765977,0.6588734584163468
9.795533962,-0.9684914165365461,-0.901138819553943,0.6485723196008459
9.800288701,-0.7807818982068145,-0.8747465566512219,0.6323483788555523
9.805043441,-0.5923090638016651,-0.8372332658611586,0.6104637167421182
9.80979818,-0.4042206909467053,-0.7896635929789985,0.5832571180706994
9.81455292,-0.217559701718341,-0.7333332256055674,0.5511389110735768
9.81930766,-0.0332665395065366,-0.6697445358304519,0.5145840937679865
9.824062399,0.14781549639822575,-0.6005765554069872,0.4741239742972998
9.828817139,0.3249326796092087,-0.5276499603235921,0.43033662158219005
9.833571878,0.49741182066858836,-0.4528878940055243,0.3838364673825463
9.838326618,0.6646505389992653,-0.37827358837191877,0.3352634183430444
9.843081358,0.8261075701773892,-0.3058058456231356,0.2852718278257803
9.847836097,0.9812937514469254,-0.23745351740540926,0.23451964629037228
9.852590837,1.1297642138183732,-0.1751101589285253,0.18365802151747626
9.857345628,1.2711121741439189,-0.12055004157193652,0.13332156285008084
9.862100368,1.404964574733918,-0.07538667754014604,0.08411942373895441
9.866855108,1.530979670249256,-0.04103494463650606,0.03662730052128374
9.871609847,1.6488465200072946,-0.018677800074850676,-0.008619602486740395
9.876364587,1.7582862160677333,-0.009238442663134776,-0.05113262779772213
9.881119326,1.859054570194186,-0.013358627077171836,-0.09047474960329392
9.885874066,1.9509459012438968,-0.031383657648122704,-0.12626471163235653
9.890628805,2.0337975119599245,-0.06335439818760465,-0.15818024548345183
9.895383545,2.107494421432942,-0.10900643545549239,-0.18596039656693825
9.900138285,2.1719739251226966,-0.16777633382124232,-0.2094069829970467
9.904893024,2.2272295844646597,-0.23881472440230328,-0.22838521212005086
9.909647764,2.2733142972362295,-0.32100579012902614,-0.24282348140541085
9.914402503,2.310342161864007,-0.41299254482376635,-0.2527123956670924
9.919157243,2.338488918048714,-0.5132071646387382,-0.258103040647676
9.923911983,2.3579908180754234,-0.6199055180789097,-0.25910456281960914
9.928666722,2.369141855041728,-0.7312049589824905,-0.2558811152373398
9.933421462,2.372289344211207,-0.845124396371547,-0.248648237546656
9.938176201,2.36782792068368,-0.9596256356596932,-0.2376687431966664
9.942930941,2.356192079727107,-1.072654995634645,-0.22324818775027522
9.94768568,2.337847444615539,-1.1821842421647437,-0.20572998944581217
9.95244042,2.3132809996986254,-1.2862499391667406,-0.18549026835325358
9.95719516,2.282990572465226,-1.3829903960359364,-0.16293246538078365
9.961949899,2.247473886034742,-1.4706794844249629,-0.13848179818814088
9.966704639,2.2072175310876947,-1.5477567021306367,-0.11257960786240345
9.971459378,2.16268622198174,-1.6128529744488647,-0.08567764733668383
9.976214118,2.114312704126964,-1.6648118005889823,-0.05823235926715155
9.980968858,2.0624886674548,-1.7027054717808223,-0.03069918730605397
9.985723649,2.0075569934890174,-1.7258462059744497,-0.003526961001282601
9.990478389,1.9498056214794626,-1.733792159194176,0.022847608143622977
9.995233128,1.889463263701308,-1.7263483836029863,0.04800528275429991
9.999987868,1.8266971337799605,-1.703562905350122,0.07154946962953228
10.00474261,1.7616127779454815,-1.6657181897386681,0.09311116174395931
10.00949735,1.6942560209733675,-1.6133183457985156,0.11235360457879737
10.01425209,1.6246169597458597,-1.5470724957939308,0.1289766326784543
10.01900683,1.5526358611434128,-1.4678747965050907,0.14272061632003097
10.02376157,1.4782107503110256,-1.376781647457929,0.15336995400824088
10.0285163,1.4012064129574175,-1.2749866560282936,0.16075604531679716
10.03327105,1.3214644838062586,-1.1637939501870505,0.164759681054821
10.03802578,1.2388142550275023,-1.0445904365928689,0.16531279394494183
10.04278052,1.1530838154912255,-0.9188175952011802,0.162399522628022
10.04753526,1.0641111254748157,-0.7879433824431434,0.15605655431214846
10.05229,0.971754642662825,-0.6534347847400503,0.14637272605728957
10.05704474,0.8759031435628661,-0.5167315244850637,0.1334878804983055
10.06179948,0.7764844284019543,-0.37922137371191966,0.11759098724406625
10.06655422,0.6734726546937335,-0.24221747855221812,0.09891755446468567
10.07130896,0.5668941116379491,-0.10693804217706006,0.07774636483506729
10.0760637,0.4568313205183267,0.025511343078203044,0.05439557551842607
10.08081844,0.3434254215440339,0.15415248085019784,0.02921822383414776
10.08557318,0.2268768818515812,0.2781462956954263,0.0025971800132277623
10.09032797,0.10744462999236234,0.3968013745285942,-0.0250604124193802
10.09508271,-0.01455621298072398,0.5095792526590506,-0.05332916813106383
10.09983745,-0.13875777863274644,0.6160964207833077,-0.08177192076201965
10.10459219,-0.26474379787975144,0.7161230742451549,-0.10994656507273104
10.10934693,-0.39205454012154506,0.8095786683038612,-0.13741322277953474
10.11410167,-0.5201920192050327,0.8965243854796701,-0.16374165934093168
10.11885641,-0.6486251491556605,0.9771526667985841,-0.18851885858190037
10.12361115,-0.7767945688742467,1.0517740100926587,-0.21135663826024054
10.12836589,-0.9041169151191798,1.1208012945688215,-0.23189916629713658
10.13312063,-1.02998839944869,1.184731949079551,-0.24983021845658374
10.13787537,-1.1537876310971589,1.2441283397108063,-0.26488000627884456
10.14263011,-1.2748777203685546,1.2995968088235623,-0.2768313995112432
10.14738485,-1.3926077929921366,1.351765850609329,-0.2855253687407969
10.15213959,-1.5063141404932092,1.4012639548666854,-0.2908654786595789
10.15689433,-1.6153213185009272,1.4486976879365343,-0.2928212675759162
10.16164907,-1.7189435760322551,1.4946306044545115,-0.2914303535945027
10.16640386,-1.8164870452952855,1.5395635929819365,-0.2867991151042816
10.1711586,-1.9072531346635935,1.5839172502081378,-0.27910180932502837
10.17591334,-1.9905435399323652,1.6280168504737635,-0.2685780257895462
10.18066808,-2.065667216773526,1.6720804291182276,-0.2555284273862371
10.18542282,-2.131949541288321,1.7162104300212122,-0.24030880862707654
10.19017756,-2.188743732603796,1.7603892807363588,-0.22332258909292924
10.1949323,-2.2354444346729934,1.8044791536506966,-0.20501194359097355
10.19968704,-2.27150317102462,1.848226048927804,-0.18584783407013938
10.20444177,-2.2964452134224045,1.891268195086741,-0.16631924365671408
10.20919651,-2.3098872567590614,1.9331486079788676,-0.1469219222169278
10.21395125,-2.3115551763885653,1.973331483096901,-0.12814694475719526
10.21870599,-2.301301064688609,2.011221926517311,-0.1104693688915987
10.22346073,-2.2791187029524864,2.0461883656328523,-0.09433726192429667
10.22821552,-2.2451566241466816,2.077586833404481,-0.08016135370949252
10.23297026,-2.199727962875536,2.1047862009955343,-0.06830555761669453
10.237725,-2.1433163713350694,2.1271933538156182,-0.05907858660731581
10.24247974,-2.0765774021603085,2.144277272567914,-0.05272687135253424
10.24723448,-2.0003349160281676,2.155590997237758,-0.049428958328633824
10.25198922,-1.9155722560869686,2.160790517436507,-0.04929152456869893
10.25674396,-1.82341813298786,2.159649743243004,-0.05234709187335807
10.2614987,-1.7251273722710603,2.152070860766867,-0.05855346036797607
10.26625344,-1.6220568783173643,2.138089559021394,-0.06779481581674457
10.27100818,-1.5156373549952462,2.1178748212160814,-0.07988440428014743
10.27576292,-1.4073414841138525,2.0917231950076727,-0.0945686179571445
10.28051766,-1.2986493944668265,2.0600476824641887,-0.11153230276839954
10.28527245,-1.1910123560767814,2.0233616109462487,-0.1304050854872131
10.29002719,-1.0858157077044912,1.9822580501963918,-0.15076852735234128
10.29478193,-0.9843420723155798,1.9373855187078437,-0.17216393885062886
10.29953667,-0.8877359357629179,1.8894208658849205,-0.19410072833058375
10.30429141,-0.7969706587287171,1.8390403206576826,-0.21606519339029662
10.30904615,-0.7128189613774782,1.7868897605017153,-0.23752968662867055
10.31380089,-0.6358278648685826,1.7335552784310355,-0.25796208848645885
10.31855563,-0.5662989944621046,1.6795351125090279,-0.2768354988837288
10.32331037,-0.5042750454899839,1.625213956847932,-0.29363802321430593
10.32806511,-0.4495330853108525,1.570840599449455,-0.3078824887364946
10.33281985,-0.40158521055142693,1.5165097349533707,-0.31911589586973343
10.33757459,-0.35968689925401004,1.462148683308214,-0.326928391844685
10.34232938,-0.32285319403442075,1.4075096119268895,-0.3309615517473687
10.34708412,-0.2898826302840241,1.3521677120419704,-0.3309157605180996
10.35183886,-0.25938859097875094,1.2955256226253569,-0.32655650554666604
10.3565936,-0.229837536148034,1.2368242303735455,-0.3177194130089466
10.36134834,-0.19959332914437636,1.1751598050106546,-0.30431389431663586
10.36610308,-0.1669666704574359,1.1095072586842267,-0.28632531314628057
10.37085782,-0.13026845843612433,1.0387491495145382,-0.2638156354807917
10.37561256,-0.0878657299628769,0.9617098850792314,-0.23692257818696988
10.3803673,-0.03823869818535196,0.8771944241422638,-0.20585731862141018
10.38512204,0.019962695516058074,0.7840306265126883,-0.17090086407055913
10.38987683,0.08786435677082625,0.6811142639505057,-0.13239920457118484
10.39463157,0.16631739543619045,0.5674555824275348,-0.0907573872932609
10.3993863,0.25585288555438523,0.44222620132972035,-0.046432657372739744
10.40414105,0.35664356763113025,0.3048050522822613,7.318909441306824e-05
10.40889578,0.46847390639366365,0.15482200318738537,0.04822209727790037
10.41365052,0.5907197485603601,-0.007802214358790593,0.09744855336224588
10.41840526,0.7223386177939,-0.1828211502987156,0.14716875884107797
10.42316,0.8618714415765311,-0.3696341879023155,0.19679004937986158
10.42791474,1.007456231336522,-0.5672657551736079,0.2457204288850892
10.43266948,1.156853937705078,-0.7743533278757058,0.2933780876298474
10.43742427,1.3074863832609636,-0.9891451945816105,0.3392007692266422
10.44217901,1.4564858423623355,-1.2095087530787745,0.38265484508587416
10.44693375,1.6007554989892927,-1.432949869351012,0.42324394765621315
10.45168849,1.7370396764891483,-1.6566435590458912,0.4605170074191019
10.45644323,1.862002405709387,-1.8774759519257866,0.4940755361559432
10.46119797,1.972312589005399,-2.0920971786646247,0.5235800025264931
10.46595271,2.064733736730576,-2.2969844839665807,0.5487551563769367
10.47070745,2.1362160101599206,-2.48851452879926,0.5693941758358959
10.47546219,2.183988109828482,-2.6630435070279015,0.5853615362480729
10.48021698,2.205646409095382,-2.816993378567171,0.5965945307517586
10.48497172,2.199238656544467,-2.9469422241055065,0.6031034045889341
10.48972646,2.1633395651358813,-3.0497164677539454,0.6049700939474728
10.4944812,2.0971156797848387,-3.1224825052493768,0.6023455827041956
10.49923594,2.0003770782594414,-3.162835126749427,0.5954459083097504
10.50399068,1.8736137216520101,-3.1688800435447217,0.5845468652112032
10.50874542,1.718014634009994,-3.1393078251891073,0.5699774747693355
10.51350016,1.535468551718671,-3.0734566350001415,0.5521123173397584
10.51825495,1.328545228053028,-2.9713613235635568,0.5313628557282888
10.52300969,1.1004571848409612,-2.8337867052215455,0.5081679177738065
10.52776443,0.855002344811361,-2.662243201828323,0.4829835448997455
10.53251917,0.5964886282140885,-2.458983488053417,0.45627244696246616
10.53727391,0.32964223136347015,-2.226979305585993,0.42849332611365726
10.54202865,0.05950190073084325,-1.9698782165990287,0.40009034137915644
10.54678339,-0.20869794786857984,-1.6919407200499823,0.3714829828330107
10.55153813,-0.46965196317539254,-1.3979588312768039,0.34305661327504927
10.55629292,-0.7181127999107371,-1.0931578939201052,0.3151539191081235
10.56104766,-0.9490204101179261,-0.7830840193404558,0.28806749119709874
10.5658024,-1.1576277634373453,-0.47348010016979447,0.26203372950133486
10.57055714,-1.3396191675443399,-0.1701537944119854,0.23722823069207558
10.57531188,-1.4912176031424547,0.12115879527817178,0.21376277586826173
10.58006662,-1.6092778673474766,0.3949298279725418,0.19168398814967716
10.58482136,-1.6913628137874068,0.6459728414291541,0.17097368126223694
10.5895761,-1.735800562803438,0.8695683863631813,0.15155087461131314
10.59433089,-1.7417212050525321,1.0615784987740775,0.13327541141136987
10.59908563,-1.7090722106260938,1.218546667946595,0.11595308614589157
10.60384037,-1.6386124579376484,1.3377804047457724,0.09934216566431783
10.60859511,-1.5318854873058827,1.4174140563484097,0.08316117194960773
10.61334985,-1.3911732394102099,1.45645013139618,0.06709777943608676
10.61810459,-1.2194321352923378,1.4547780729620794,0.05081866043611875
10.62285933,-1.0202138698085783,1.4131701225904614,0.033980085007960834
10.62761412,-0.7975737041564064,1.3332546321679375,0.016239046541144792
10.63236886,-0.5559693400263862,1.2174678758250495,-0.0027353540338160734
10.6371236,-0.30015363036592796,1.0689860660094375,-0.023250566844546877
10.64187834,-0.035064430159202346,0.8916398623634841,-0.04557961893394149
10.64663308,0.2342851783661544,0.6898141579396161,-0.06995083872562773
10.65138782,0.5029132285038667,0.46833631742929727,-0.09653859974380347
10.65614256,0.7659689962953086,0.2323563140321348,-0.125455376813124
10.6608973,1.0188244888120033,-0.012777642403469687,-0.15674536556598154
10.66565209,1.2571553031482958,-0.2616443769269487,-0.19037986052646985
10.67040683,1.4770093555081083,-0.5088724244688797,-0.22625452077189012
10.67516157,1.6748625056742292,-0.7492568485898099,-0.26418857953128605
10.6799163,1.8476606396584663,-0.9778672930848562,-0.30392598192051024
10.68467104,1.9928482951542985,-1.1901447983210234,-0.3451383716331855
10.68942579,2.108384392713284,-1.3819854269654879,-0.3874297999840781
10.69418052,2.192746044720936,-1.5498092981552691,-0.43034300264632047
10.69893532,2.2449217341474896,-1.6906141947374904,-0.4733670789927342
10.70369006,2.2643953744602516,-1.8020134553986555,-0.5159464095715364
10.7084448,2.2511228806590187,-1.8822583663560675,-0.5574906493999904
10.71319954,2.205502908643971,-1.9302457054460909,-0.5973856289889736
10.71795427,2.1283433713319146,-1.9455114511106057,-0.6350049752814398
10.72270901,2.020825231348698,-1.9282119429497906,-0.6697222309378181
10.72746375,1.8844649160068165,-1.879093968635012,-0.7009232090743496
10.73221854,1.7210765125356948,-1.7994553591458713,-0.7280182826016691
10.73697329,1.5327346908177344,-1.691097710015353,-0.7504542843367167
10.74172802,1.321739077679545,-1.5562728229875389,-0.7677256942965396
10.74648276,1.0905805817391019,-1.3976243940144197,-0.7793848162654742
10.7512375,0.8419099514483696,-1.218126373509994,-0.7850506929122467
10.75599224,0.5785086512844135,-1.0210193055337002,-0.7844165692766046
10.76074704,0.30326197086306006,-0.8097458241017494,-0.7772557790612779
10.76550177,0.019134145733683442,-0.5878863545806363,-0.7634259891944642
10.77025651,-0.27085482987977416,-0.3590959414723464,-0.7428717910073621
10.77501125,-0.5636510794478162,-0.12704300485823403,-0.7156256695940747
10.77976599,-0.8561878181894466,0.10464928062447625,-0.6818074170451626
10.78452073,-1.145405832157994,0.3324583860129352,-0.6416220817698728
10.78927547,-1.42827384523945,0.5530140909562831,-0.5953565667170627
10.79403026,-1.7018091143891676,0.7631459609428011,-0.5433750054321329
10.798785,-1.9630985370511649,0.9599262463064164,-0.48611305765460366
10.80353974,-2.209320487599312,1.1407078569039566,-0.4240712762913942
10.80829448,-2.4377675239367362,1.3031571066911163,-0.3578077054354905
10.81304922,-2.645870022761669,1.4452809604932915,-0.28792987464076225
10.81780401,-2.831220714010234,1.565448554821979,-0.21508635772735116
10.82255875,-2.99159999296392,1.6624068088995374,-0.13995806484065962
10.82731349,-3.125001793426055,1.7352899934841695,-0.06324943431045069
10.83206823,-3.229659707941715,1.7836231848739437,0.01432031403763411
10.83682297,-3.3040729422045416,1.8073195998526337,0.09202571049925873
10.84157771,-3.3470315923900222,1.806671883804944,0.1691432102950769
10.84633245,-3.357640639393312,1.7823375076278163,0.2449588862289323
10.85108724,-3.3353419676336564,1.7353185176108064,0.31877553520194585
10.85584198,-3.2799336445728224,1.6669359737395524,0.3899191208128154
10.86059672,-3.1915856479014044,1.5787995030352995,0.45774450505863173
10.86535146,-3.070851208224312,1.472772482624132,0.5216404570477173
10.8701062,-2.918672952832801,1.350933449542831,0.5810339651426905
10.87486099,-2.7363830956503707,1.215534408616202,0.6353939202968154
10.87961573,-2.525697021753125,1.0689567742759791,0.684234281235795
10.88437047,-2.2886997606863013,0.9136657353160366,0.7271168744254609
10.88912521,-2.027825026748705,0.7521638717033864,0.7636540198602275
10.89387995,-1.745826720356676,0.5869448780807861,0.7935112018264813
10.89863469,-1.445743026022769,0.4204482578704577,0.8164100135563407
10.90338948,-1.1308535028557822,0.2550158433617398,0.8321315857471848
10.90814422,-0.804629835291119,0.09285096970047056,0.840520651442198
10.91289896,-0.4706811850266171,-0.06401891588164077,0.8414902986803793
10.9176537,-0.13269534656155169,-0.21377549269029889,0.8350273221006949
10.92240844,0.20562285786218196,-0.3548380156678003,0.8211979222574551
10.92716323,0.540614319836171,-0.48588642857809317,0.8001533445058598
10.93191797,0.868727770911968,-0.6058786938922509,0.7721349290771589
10.93667271,1.1865794850556957,-0.7140619968901107,0.7374779847017482
10.94142745,1.491008771227159,-0.8099775920295049,0.6966139099861011
10.94618219,1.7791275731292986,-0.8934591770198954,0.650070064597414
10.95093693,2.048362677736058,-0.9646248058494843,0.5984670202419892
10.95569172,2.296489296665746,-1.0238624869710542,0.5425129792961948
10.96044646,2.5216551160692267,-1.0718097559465747,0.4829953178412892
10.9652012,2.7223942957260516,-1.1093276598750266,0.4207693745718937
10.96995594,2.897631313660121,-1.137469738412449,0.3567447558510874
10.97471068,3.0466749705720058,-1.1574467260766501,0.29186955052736524
10.97946542,3.1692032584238192,-1.1705878254498447,0.22711293852507053
10.98422021,3.2652401318554944,-1.1782995043369642,0.16344673075592356
10.98897495,3.335125479736344,-1.1820228467991312,0.10182639584116103
10.99372969,3.3794797683168816,-1.1831905348343437,0.04317211782908742
10.99848443,3.3991649194244347,-1.1831845526996299,-0.011649602165548096
11.00323917,3.3952430064564783,-1.1832956894276099,-0.061843329565299685
11.00799396,3.368934309651356,-1.1846858681682397,-0.10670064089637181
11.0127487,3.3215761817033784,-1.1883542557625935,-0.14561425331932976
11.01750344,3.254584044697707,-1.1951080053940493,-0.17809001316035095
11.02225818,3.1694156769350976,-1.20553836266136,-0.20375647046227885
11.02701297,3.0675397593938127,-1.2200027245462444,-0.22237182374869446
11.03176771,2.950409441761509,-1.2386130852802726,-0.2338280814938754
11.03652245,2.819441462956308,-1.261231137264088,-0.2381523547556621
11.04127719,2.6760011272537034,-1.2874701237428736,-0.23550526887810588
11.04603193,2.5213932014120353,-1.3167033681123177,-0.2261765596830376
11.05078672,2.3568585677218703,-1.3480792377776771,-0.2105779980721797
11.05554146,2.183576250043594,-1.3805421432232963,-0.18923386174814497
11.0602962,2.00267023178215,-1.4128590293075654,-0.16276923816755848
11.06505094,1.815220312734581,-1.4436506887244016,-0.13189649366848194
11.06980568,1.6222761109158308,-1.4714271193062596,-0.09740027702828857
11.07456042,1.4248732094132457,-1.4946260593024874,-0.06012144196057989
11.07931521,1.2240503793278739,-1.5116537695744803,-0.020940275707422407
11.08406995,1.0208667793796484,-1.5209270898010188,0.01924058541220733
11.08882469,0.8164180416739909,-1.5209157773852557,0.0595131841133013
11.09357943,0.6118502015783122,-1.5101841421151372,0.09898085962186347
11.09833417,0.4083705166113485,-1.487431015604464,0.13677411976573878
11.10308896,0.20725434237388962,-1.451527140655148,0.17206545959524835
11.1078437,0.009847389262101094,-1.4015491299580936,0.20408285565168854
11.11259844,-0.18243713289553054,-1.3368092234335245,0.232121715290921
11.11735318,-0.3681267703837271,-1.256880166185761,0.25555512400380903
11.12210792,-0.5457035508751228,-1.161614631965055,0.2738423073388736
11.12686271,-0.7136230238230601,-1.051158728192256,0.28653530131197225
11.13161745,-0.8703382400951686,-0.9259592364211737,0.293283896696136
11.13637219,-1.0143280853333652,-0.7867643651234462,0.29383897761648003
11.14112693,-1.144129192326843,-0.6346179185414601,0.2880544043759268
11.14588167,-1.2583704970008993,-0.470846915075331,0.27588759049418937
11.15063646,-1.355809376568374,-0.2970428205184078,0.2573988976865895
11.1553912,-1.4353682202335616,-0.115036694388671,0.23274992902843103
11.16014594,-1.4961702331621265,0.07313132033627595,0.20220075157414716
11.16490068,-1.5375732621327936,0.265247605670147,0.16610603615572303
11.16965547,-1.5592004545116116,0.45896509668276264,0.1249100719687457
11.17441021,-1.5609666185501463,0.6518469427383212,0.0791406011215933
11.17916495,-1.543099239606213,0.8414129240262426,0.02940142408078323
11.18391969,-1.5061532208783834,1.0251876739566168,-0.0236362515977732
11.18867443,-1.4510185564878924,1.2007497088201773,-0.07924371366682197
11.19342922,-1.3789203074427323,1.3657802406410184,-0.1366458520451293
11.19818396,-1.2914104347898328,1.518110747581889,-0.19503337766707654
11.2029387,-1.1903512460125558,1.6557682977160362,-0.25357601346800146
11.20769344,-1.0778904276803642,1.7770176643298292,-0.311436472304629
11.21244823,-0.956427867848092,1.880399330743504,-0.3677849966530578
11.21720297,-0.8285747148352052,1.9647625556772448,-0.42181420139091375
11.22195771,-0.6971053733634953,2.0292927522883164,-0.47275393144438127
11.22671245,-0.5649034010868842,2.073532522261856,-0.5198858163471319
11.23146719,-0.4349025311360542,2.097395780156061,-0.5625571715194501
11.23622198,-0.31002429716900703,2.1011745046623775,-0.6001938642026049
11.24097672,-0.1931139589836378,2.085537766744752,-0.6323117394853806
11.24573146,-0.08687659825859297,2.051522814960129,-0.658526202036933
11.2504862,0.006184644235122022,2.0005181505137606,-0.6785595847498859
11.25524099,0.08382620104216429,1.9342387019064822,-0.6922460120536502
11.25999573,0.14411566502863796,1.854693411269647,-0.6995335768404256
11.26475047,0.18547558157281804,1.7641457670491685,-0.7004837784228636
11.26950521,0.2067179486406915,1.6650680510847256,-0.6952682931397185
11.27425995,0.20706825714468263,1.5600902986433673,-0.6841632520499292
11.27901474,0.1861782998388426,1.4519451812943325,-0.6675412743041709
11.28376948,0.14412742464402162,1.3434101974666022,-0.6458615518995198
11.28852422,0.08141238815857357,1.2372486778272778,-0.6196583073191096
11.29327896,-0.0010735500482256283,1.1361511690724388,-0.5895279556055029
11.29803375,-0.10207119657579086,1.0426787427627977,-0.5561153012408624
11.30278849,-0.21999417226020992,0.9592096853022215,-0.520099092310478
11.30754323,-0.3529740631447421,0.8878908684745944,-0.482177244392192
11.31229797,-0.4989100225096984,0.8305948908223678,-0.4430520377005629
11.31705276,-0.6555208171714759,0.7888838364430664,-0.40341558398804495
11.3218075,-0.8203973712782707,0.7639802391973102,-0.3639358531287602
11.32656224,-0.9910540218003332,0.7567455858322227,-0.32524354068533345
11.33131698,-1.1649769424036278,0.7676664567475104,-0.287920044536307
11.33607177,-1.3396684936685315,0.7968481985484921,-0.25248679872947066
11.34082651,-1.5126865926650723,0.8440158533405581,-0.2193961845989579
11.34558125,-1.6816785368214062,0.90852193690087,-0.18902420197458042
11.35033599,-1.8444090387588368,0.9893605594542204,-0.16166503706120885
11.35509073,-1.9987825078357178,1.0851873150944007,-0.13752760926495475
11.35984552,-2.1428598385038424,1.1943443245962215,-0.11673411870542738
11.36460026,-2.274870135836702,1.3148897970482436,-0.09932055233244587
11.369355,-2.3932179339709165,1.4446314739113186,-0.08523904411755368
11.37410974,-2.4964865540632024,1.5811633300944896,-0.07436192973792191
11.37886454,-2.583438310443447,1.7219049257850074,-0.06648729423736803
11.38361927,-2.6530123070634923,1.8641428258199997,-0.06134578574530414
11.38837401,-2.7043205684342824,2.005073526707366,-0.05860845946317233
11.39312875,-2.736643218454116,2.1418473521297527,-0.05789542078900865
11.39788355,-2.7494233590343597,2.2716127940496293,-0.05878505011231861
11.40263828,-2.7422622142937367,2.39156078769511,-0.06082360987883962
11.40739302,-2.7149150032454394,2.498968415215955,-0.0635350531388012
11.41214776,-2.667287891544723,2.591241536136878,-0.06643086925456623
11.41690256,-2.5994362561420754,2.665955844975647,-0.06901981562308365
11.4216573,-2.51156437912901,2.7208958595629182,-0.07081739476978127
11.42641204,-2.4040265717856686,2.7540913492151025,-0.07135494601074197
11.43116677,-2.277329620043364,2.763850720900722,-0.07018823269038003
11.43592157,-2.1321363408111673,2.748790894427181,-0.06690542186713548
11.4406763,-1.9692699455498963,2.7078632148500112,-0.06113437362312282
11.44543105,-1.7897188215377309,2.640374972308996,-0.052549180082249944
11.45018578,-1.5946412600978868,2.546006127286625,-0.040875916233791484
11.45494058,-1.3853695842615856,2.424820874440414,-0.02589758200877214
11.45969532,-1.1634130597109644,2.2772737226508046,-0.007458225163102169
11.46445006,-0.9304589203483259,2.104209824462481,0.01453376335351819
11.4692048,-0.6883708135903425,1.9068593556422937,0.040103194768776926
11.47395959,-0.4391839804107825,1.686825825334149,0.06920649140858326
11.47871433,-0.18509653943366938,1.4460682888216714,0.10173099269225697
11.48346907,0.07154365147319831,1.1868775370634956,0.13749519950284111
11.4882238,0.3282569269061845,0.9118464478062941,0.17624999978158268
11.4929786,0.5824547063831587,0.6238347986098166,0.21768091208524398
11.49773334,0.8314672762927491,0.32592895716965925,0.26141137044407653
11.50248808,1.0725761378361218,0.02139697274326643,0.3070070542213586
11.50724282,1.303050360588804,-0.2863603098124007,0.3539812416018681
11.51199761,1.5201861892649038,-0.5938614041461729,0.4018011361804718
11.51675235,1.7213490261883162,-0.8975988125847232,0.44989508713830445
11.52150709,1.9040168623630378,-1.194095257244033,0.4976606025471684
11.52626183,2.065824247318806,-1.4799605531960747,0.5444730499774382
11.53101662,2.2046059472276993,-1.7519480862423116,0.5896949494019353
11.53577136,2.3184395079067692,-2.007009794794591,0.6326857810868022
11.5405261,2.4056859830933983,-2.2423485185062173,0.6728122411511894
11.54528089,2.465028092803493,-2.455466572884051,0.7094588686231016
11.55003563,2.4955050452977137,-2.644209441328018,0.7420389383740508
11.55479037,2.496543207935906,-2.8068035418959965,0.7700054716871253
11.55954511,2.467981771619364,-2.941887121663327,0.7928621720673057
11.5642999,2.4100925422460664,-3.048533452966463,0.810174058165964
11.56905464,2.3235930239336877,-3.126265650188894,0.8215775428198074
11.57380938,2.209652036738969,-3.1750625912394077,0.8267896962807147
11.57856412,2.069887233376503,-3.195355613411591,0.8256164291019596
11.58331891,1.9063540387241842,-3.1880158578227182,0.8179593323736402
11.58807365,1.721525725665733,-3.1543323579277733,0.8038209188689717
11.59282839,1.518264554504602,-3.0959812014900097,0.7833080202838045
11.59758313,1.299784134531852,-3.0149863354231345,0.7566331175662774
11.60233792,1.06960340863596,-2.9136728207760183,0.7241134172900319
11.60709266,0.8314929075519802,-2.794613571190434,0.6861675380881403
11.6118474,0.5894141612742784,-2.660570812279172,0.6433097349237198
11.61660219,0.34745338287481253,-2.5144336718008247,0.5961416609859145
11.62135693,0.1097507461102422,-2.359153442884776,0.5453417426753778
11.62611167,-0.11957324528418968,-2.197678148862208,0.4916523190773198
11.63086641,-0.3364926594513797,-2.032888075522161,0.4358647712914965
11.6356212,-0.5371505776464326,-1.867533924919717,0.378802936992622
11.64037594,-0.7179313004557719,-1.7041791864965357,0.32130516940176246
11.64513068,-0.8755285605983498,-1.5451482196112083,0.26420545562178005
11.64988542,-1.007008062788149,-1.3924814003674182,0.2083140560772331
11.65464021,-1.1098628131935249,-1.247898508763354,0.15439816391229327
11.65939495,-1.1820599018688591,-1.1127713238322579,0.10316310911247596
11.66414969,-1.2220776525187218,-0.9881061592973802,0.05523464426944356
11.66890448,-1.2289323429707926,-0.8745368155946157,0.011142844827412247
11.67365922,-1.2021940117472039,-0.7723281513806451,-0.02869186462658957
11.67841396,-1.1419911838907995,-0.6813901939472187,-0.0639700839201448
11.6831687,-1.0490046551432735,-0.6013024180216406,-0.09452178814226445
11.68792349,-0.9244507528015036,-0.5313475312636728,-0.12031129731086965
11.69267823,-0.7700547344541261,-0.47055381843988714,-0.14143858297474465
11.69743297,-0.5880151885858956,-0.4177448222439601,-0.1581367200259281
11.70218776,-0.3809604647834115,-0.37159488601060403,-0.17076539662268994
11.7069425,-0.15189828971517538,-0.33068886242943396,-0.17980051358684673
11.71169724,0.09584017762380821,-0.2935841136245643,-0.18582003422021237
11.71645198,0.3586605286756639,-0.2588728018472345,-0.18948638162850898
11.72120677,0.6327681610021308,-0.22524240527925285,-0.19152581777719044
11.72596151,0.9142328268548785,-0.19153239683621057,-0.1927053706985054
11.73071625,1.1990533087358,-0.15678509976939237,-0.19380799722166647
11.73547104,1.4832209011973747,-0.1202888838575324,-0.1956067713191065
11.74022579,1.7627804558192761,-0.08161208848590105,-0.19883896502263032
11.74498052,2.0338878570907744,-0.04062634910312991,-0.20418093229200274
11.74973526,2.292862940082084,0.002481646540881026,-0.21222470990608697
11.75449006,2.5362370339980993,0.047210547113046536,-0.22345720972701127
11.7592448,2.7607945148376776,0.0927570115194317,-0.238242793606509
11.76399954,2.96360796919425,0.13804035309957546,-0.25680989986218256
11.76875433,3.142066801361289,0.18173838183680263,-0.27924223627381617
11.77350907,3.293899347106096,0.22233323128978183,-0.30547487869231443
11.7782638,3.417188777966993,0.2581655534358304,-0.33529542661592415
11.7830186,3.510383276636427,0.28749511964252045,-0.3683501761140364
11.78777334,3.572301123053058,0.30856559964102726,-0.40415508284070556
11.79252808,3.6021314389540273,0.3196711197053748,-0.4421111081555488
11.79728282,3.5994313851158632,0.31922213805046973,-0.48152337277633217
11.80203761,3.5641205839863406,0.3058082248627366,-0.5216233880473962
11.80679235,3.496473450154529,0.27825549453602716,-0.5615934995262638
11.81154709,3.3971099576889126,0.23567670040863814,-0.6005925686681094
11.81630188,3.2669851684931857,0.17751235381208127,-0.6377818463044441
11.82105662,3.107377606468951,0.10356165074852092,-0.6723499688504039
11.82581136,2.919876309831032,0.014002457496999745,-0.7035360479227002
11.8305661,2.7063661536647046,-0.09059990682428543,-0.7306499372882767
11.83532089,2.4690108351517943,-0.20929487778707895,-0.7530889512061194
11.84007563,2.2102327843433525,-0.34075919795513987,-0.7703505649322482
11.84483037,1.9326892304350833,-0.48331880679120304,-0.7820409247697411
11.84958516,1.6392437352231781,-0.6349787924029995,-0.7878792929964228
11.8543399,1.332932706778337,-0.7934599696321403,-0.7876988116177027
11.85909464,1.0169267177425665,-0.9562406045194416,-0.7814441555504344
11.86384943,0.6944868507014003,-1.1206018710070074,-0.7691667426958915
11.86860417,0.36891674237961547,-1.2836757846025362,-0.7510181744544158
11.87335891,0.04351145299585817,-1.442494581332458,-0.7272425092603899
11.8781137,-0.27849530563256364,-1.5940407628250555,-0.6981678464181421
11.88286844,-0.5939837403593966,-1.7352972717220632,-0.6641975431036693
11.88762318,-0.8999983285973507,-1.8632974616200304,-0.6258012269248752
11.89237792,-1.193793913732195,-1.9751746576696299,-0.5835056196961849
11.89713271,-1.4728756352918475,-2.0682111559895677,-0.5378850724088727
11.90188745,-1.7350310508695903,-2.1398864834063716,-0.48955164152918373
11.90664219,-1.9783531885165506,-2.1879246452863925,-0.43914452298634793
11.91139698,-2.201253741269997,-2.210339946474912,-0.38731870568690724
11.91615172,-2.4024661499228794,-2.205480799885909,-0.334732805432926
11.92090646,-2.581038880128853,-2.172070761357655,-0.2820361782387369
11.92566125,-2.73631974393689,-2.1092458696964873,-0.22985556819767652
11.93041599,-2.867932600426935,-2.0165872468294146,-0.17878169548835482
11.93517073,-2.9757481567534487,-1.8941478399830647,-0.1293563120396171
11.93992547,-3.059850852845445,-1.7424721755620054,-0.08206032666731133
11.94468026,-3.1205039378635053,-1.5626080468856984,-0.03730361514055881
11.949435,-3.158114833819006,-1.3561091741554978,0.0045829207124057905
11.95418974,-3.1732027391827056,-1.1250280502484535,0.04335259166910721
11.95894454,-3.1663701669455726,-0.8718984127677029,0.07884516160833276
11.96369927,-3.138279758510403,-0.5997070515088577,0.11098598039608182
11.96845401,-3.0896372953520714,-0.3118549592389707,0.1397820977169021
11.9732088,-3.0211813782846906,-0.012108148955056736,0.16531563810043284
11.97796355,-2.9336797941933304,0.29546122115230583,0.1877348844678877
11.98271828,-2.8279321730834264,0.6065424654534919,0.2072436424552516
11.98747308,-2.7047781771411867,0.9166614935507126,0.22408952780354632
11.99222782,-2.5651101712567863,1.2212619406902223,0.23855183015351103
11.99698256,-2.409889105712823,1.5157905862624892,0.25092956361682656
12.0017373,-2.240162196348006,1.7957851628585033,0.26153022844987034
12.00649209,-2.0570809144515803,2.0569625316816147,0.27065969270727663
12.01124683,-1.8619177974703087,2.295305129307777,0.2786134732792317
12.01600157,-1.656080661411121,2.5071435785172063,0.2856695688522379
12.02075636,-1.4411229335622466,2.6892334034169507,0.29208288842576996
12.0255111,-1.21874902359872,2.8388238963624954,0.29808123765230915
12.03026584,-0.9908139024818733,2.953717349766633,0.30386277218155894
12.03502063,-0.75931634871007,3.032317086234744,0.309594795537404
12.03977537,-0.5263856349945708,3.0736629898334598,0.3154137593426184
12.04453011,-0.294261748803537,3.077453551898534,0.3214263086881621
12.0492849,-0.06526955092987494,3.044053787183277,0.3277112020732548
12.05403964,0.15821243826371717,2.97448873954989,0.33432192370014613
12.05879438,0.3737876885865931,2.8704226690629633,0.3412897969349018
12.06354917,0.5790806122797479,2.7341243823818364,0.34862740173664697
12.06830391,0.7717775452652443,2.5684195247362664,0.35633209572507385
12.07305865,0.9496684055318483,2.3766309848636475,0.36438943919359607
12.07781344,1.1106876625316173,2.162508865823442,0.372776331429191
12.08256818,1.2529533012954444,1.930151737405003,0.3814636829919705
12.08732292,1.3748025760532745,1.683921103501151,0.3904184799231031
12.09207771,1.4748235137259522,1.4283511845606507,0.3996051436145844
12.09683245,1.5518813366504265,1.1680562259257237,0.4089861534786341
12.10158719,1.605139211373792,0.9076375930469848,0.41852197241860556
12.10634193,1.6340729786261758,0.6515929005877957,0.4281703856439746
12.11109672,1.6384797596228269,0.40422934180097025,0.43788541765655253
12.11585146,1.6184805475217197,0.1695832367203884,0.4476160199369692
12.1206062,1.5745170664051595,-0.04865239489468801,0.4573047205263074
12.12536099,1.5073433072835387,-0.24719070077495583,0.46688640185191577
12.13011573,1.4180122329895715,-0.42320308659865075,0.47628733476378216
12.13487052,1.3078581883514673,-0.5743596636587893,0.4854245547814827
12.13962526,1.1784755672849634,-0.6988575544808651,0.4942056280103883
12.14438,1.0316942825486977,-0.7954369224837865,0.5025288225063443
12.14913474,0.8695525640652918,-0.863384939599849,0.5102836766420255
12.15388954,0.6942675841076275,-0.9025282224860043,0.5173519379229407
12.15864427,0.5082043769975607,-0.9132145433610217,0.523608831454648
12.16339901,0.3138434901510727,-0.8962848490962592,0.5289246051376829
12.16815381,0.11374777374169134,-0.8530367989067115,0.5331662887821245
12.17290854,-0.08947131131869869,-0.7851811563935628,0.5361995984389173
12.17766329,-0.29318751228664724,-0.6947924471894515,0.5378909167269605
12.18241808,-0.4947933969834665,-0.5842553219597766,0.5381092840964682
12.18717282,-0.6917334431082409,-0.4562080502721631,0.5367283426725633
12.19192756,-0.8815362988503214,-0.3134845190852165,0.5336281823095247
12.19668235,-1.0618459130487476,-0.15905602589992957,0.5286970485299733
12.20143709,-1.2304512295247296,0.004025953522606127,0.5218328855648172
12.20619183,-1.3853141303634835,0.1726849740108295,0.5129447046899085
12.21094662,-1.5245953001125936,0.3438719036225184,0.501953786239603
12.21570136,-1.6466776719028775,0.5146135321589973,0.48879473963632053
12.2204561,-1.7501871123965123,0.6820569147331299,0.47341645613859484
12.22521089,-1.8340100088888318,0.8435090126274803,0.45578299122147453
12.22996563,-1.897307440382812,0.9964713374493225,0.43587440651146875
12.23472037,-1.9395256447677456,1.1386694353160434,0.41368758638746095
12.23947516,-1.9604025351099055,1.2680771631036796,0.3892370258474263
12.2442299,-1.9599700679633072,1.3829358073518763,0.3625555695031963
12.24898464,-1.9385523242302507,1.4817681778405856,0.3336950708499982
12.25373943,-1.8967592275208507,1.5633878723811678,0.3027269373549332
12.25849417,-1.835475895171012,1.626903957511326,0.26974252843362706
12.26324891,-1.755847691300373,1.6717213423561785,0.2348533767857531
12.2680037,-1.6592611269201247,1.6975371415471512,0.1981912065072699
12.27275844,-1.5473208264987783,1.7043333306325754,0.15990772365433847
12.27751318,-1.4218228518312466,1.692365997638379,0.1201741579252405
12.28226797,-1.2847247420870698,1.6621514911425384,0.07918053952714822
12.28702271,-1.1381126940517903,1.6144497613857036,0.03713470383652622
12.29177745,-0.9841663694470214,1.5502451883005564,-0.005738972503896371
12.29653224,-0.8251218766348447,1.4707251894770994,-0.04920108877730997
12.30128698,-0.6632335306473893,1.37725690167664,-0.09299896575089517
12.30604172,-0.5007350463950077,1.2713622308025323,-0.13686858932505108
12.31079651,-0.3398008635451592,1.1546915665677833,-0.18053672204164214
12.31555125,-0.18250833719937232,1.0289964593869811,-0.22372315717719557
12.32030599,-0.030801555277108296,0.8961015590262235,-0.26614309837397654
12.32506079,0.1135424412185408,0.7578761187615688,-0.30750965717215645
12.32981552,0.24894426004838535,0.6162053767703023,-0.3475364694065488
12.33457026,0.37404882974979076,0.4729621388545554,-0.38594043745155127
12.33932506,0.48774743850121033,0.32997890256498164,-0.42244460707110204
12.3440798,0.589194511963761,0.189020880256592,-0.45678118370993465
12.34883454,0.6778186041127343,0.051760294816947765,-0.48869468295232793
12.35358933,0.7533272023827888,-0.08024766597467894,-0.5179451948568965
12.35834407,0.8157050995471441,-0.20558684466393803,-0.5443117248644133
12.3630988,0.8652062567535099,-0.3229996698386977,-0.567595558192506
12.3678536,0.9023392699415886,-0.4314038966394431,-0.5876235820741251
12.37260834,0.9278467476028277,-0.5299061822357166,-0.6042514909536173
12.37736308,0.942679101801572,-0.6178121861533737,-0.6173667926026549
12.38211787,0.9479634369359983,-0.6946329395243926,-0.6268915270447308
12.38687261,0.9449683836386733,-0.760087295984059,-0.6327846056039319
12.39162735,0.9350658616309937,-0.8141003593094117,-0.6350436759779049
12.39638214,0.9196908593250896,-0.8567978772193731,-0.6337064225297645
12.40113688,0.900300384655921,-0.888496693988692,-0.6288512194368052
12.40589162,0.878332768001598,-0.9096914622470083,-0.6205970674082387
12.41064641,0.8551684836019373,-0.9210379210985903,-0.6091027616772389
12.41540115,0.8320936024490965,-0.9233331477786796,-0.5945652593461669
12.42015594,0.8102669003590625,-0.9174932782912087,-0.5772172372747468
12.42491068,0.7906915233006855,-0.9045292648621385,-0.557323856414348
12.42966542,0.774191961615839,-0.8855212919695877,-0.5351787733526809
12.43442016,0.7613969098355194,-0.8615925066357072,-0.5110994638125351
12.43917495,0.7527283954300257,-0.8338827315648906,-0.48542194593785415
12.44392969,0.7483973561905027,-0.8035228206746258,-0.4584950141178148
12.44868448,0.7484056415432563,-0.771610285014822,-0.430674117067962
12.45343922,0.7525542169737799,-0.7391867637134162,-0.402315035396946
12.45819396,0.7604571694021948,-0.7072178423366272,-0.3737675305753938
12.46294875,0.7715609480944776,-0.676575634970645,-0.34536914507186806
12.46770349,0.7851681320756144,-0.648024452288364,-0.31743932948912174
12.47245823,0.8004648936107326,-0.6222097808290504,-0.2902740564243617
12.47721302,0.8165512331341966,-0.5996507019131873,-0.26414105520027176
12.48196776,0.8324729999196357,-0.580735783946794,-0.23927577147367152
12.4867225,0.8472546883918242,-0.565722390946598,-0.2158781259427552
12.4914773,0.8599320115039836,-0.5547392648706936,-0.19411011973816983
12.49623204,0.8695832954222282,-0.5477921618587536,-0.17409431056801591
12.50098677,0.8753588078453325,-0.5447722544282672,-0.15591316152777437
12.50574157,0.8765072205570332,-0.5454669538640136,-0.13960924227882351
12.5104963,0.8723985119040524,-0.5495727595654247,-0.12518624056729755
12.51525105,0.8625427344043282,-0.5567097048348288,-0.11261072305291002
12.52000584,0.8466042039553812,-0.5664369416992477,-0.1018145703886594
12.52476058,0.82441080678722,-0.5782689916267727,-0.09269800290975487
12.52951532,0.7959582647332857,-0.5916921854879788,-0.08513310846845007
12.53427011,0.7614093449957001,-0.6061808257199087,-0.07896778024804749
12.53902485,0.7210881438867122,-0.6212126267554283,-0.07402996804432349
12.54377959,0.675469711716468,-0.6362830261255992,-0.07013214175867284
12.54853438,0.6251654150163916,-0.6509180074345212,-0.06707586262555706
12.55328912,0.5709045496470915,-0.6646851364093449,-0.06465635824051118
12.55804386,0.5135128206623034,-0.677202580590274,-0.06266700296554328
12.56279865,0.45388838842044443,-0.6881459592216197,-0.06090361533213903
12.56755339,0.39297624232220957,-0.6972529489729788,-0.059168496910023405
12.57230813,0.3317417020969507,-0.7043256492784224,-0.05727415075650265
12.57706292,0.27114386123556833,-0.7092307845748343,-0.05504663082058381
12.58181766,0.21210977749638515,-0.7118978865844549,-0.05232848650403196
12.58657245,0.15551018050551194,-0.7123156560133851,-0.048981279304662374
12.59132719,0.10213740564997066,-0.7105267483207303,-0.04488766080450913
12.59608193,0.052686177404018,-0.7066212616619618,-0.039953012218953095
12.60083672,0.007737756955341818,-0.700729226234961,-0.03410665417508836
12.60559146,-0.03225215593174234,-0.6930124031734551,-0.027302640510961415
12.6103462,-0.06696151121246474,-0.6836556988262897,-0.01952015121408631
12.61510099,-0.09620586792150129,-0.6728584886317516,-0.010763497309918714
12.61985573,-0.11993823861073531,-0.6608261261431916,-0.0010617458102588125
12.62461047,-0.13824495898447284,-0.6477618888757575,0.009532032038963066
12.62936526,-0.15133783916151625,-0.6338595842241906,0.020941888719187094
12.63412,-0.15954295635442806,-0.6192970056802807,0.03307050341896613
12.63887474,-0.16328653573652138,-0.6042303921384449,0.04580105468048169
12.64362954,-0.16307843419609394,-0.5887900024896343,0.05899945056492421
12.64838427,-0.15949378959668228,-0.5730768762929762,0.07251689565550512
12.65313901,-0.15315342717476105,-0.5571608116865499,0.08619276452358703
12.6578938,-0.14470362766472394,-0.5410795558619529,0.09985774077547555
12.66264855,-0.1347958621558984,-0.5248391723311788,0.11333716977705566
12.66740334,-0.12406708905488538,-0.50841552276592,0.12645456198371388
12.67215808,-0.11312118914128973,-0.49175677854666133,0.13903517306588487
12.67691282,-0.1025120839999835,-0.47478685717371344,0.15090957770203065
12.68166761,-0.09272903912471653,-0.4574096604362711,0.16191714742032193
12.68642235,-0.08418459447979357,-0.43951397442540285,0.17190934081654738
12.69117709,-0.07720549190992675,-0.4209788765379982,0.1807527182565101
12.69593188,-0.07202688075502482,-0.4016794823281463,0.1883316035045724
12.70068662,-0.06878998126666455,-0.3814928561164016,0.1945503312665236
12.70544136,-0.06754327157439996,-0.36030390405362356,0.1993350408510307
12.71019615,-0.06824713984918648,-0.33801106674877235,0.20263499943022828
12.71495089,-0.07078181053878883,-0.31453162993715744,0.20442346037481882
12.71970563,-0.07495821474431454,-0.28980647528868003,0.20469807933796794
12.72446042,-0.0805313363760001,-0.26380409969130153,0.20348092044893132
12.72921516,-0.08721543881738708,-0.23652374229954326,0.20081808637610588
12.7339699,-0.09470047466733468,-0.20799747764154486,0.19677900078448665
12.73872469,-0.1026689149072986,-0.17829116306464698,0.19145536320683867
12.74347943,-0.11081221041080908,-0.14750417063274782,0.18495978815294473
12.74823422,-0.1188461205260822,-0.11576788538671676,0.17742413492684397
12.75298896,-0.12652420898292424,-0.08324300954089642,0.16899753306507298
12.7577437,-0.13364891114687089,-0.05011577056137375,0.15984411005712854
12.76249844,-0.14007970969174743,-0.01659318502452679,0.15014043166945623
12.76725323,-0.14573810694548575,0.01710242475186297,0.14007266931395584
12.77200797,-0.15060924030779552,0.05073943134063951,0.12983351282816133
12.77676276,-0.15474014298324923,0.08408317093303315,0.11961885130823717
12.7815175,-0.15823479912840388,0.11690222552702623,0.10962425057127785
12.78627224,-0.16124627543577025,0.14897447104941033,0.10004126448848963
12.79102704,-0.16396632580296197,0.18009266208912225,0.09105362881882416
12.79578177,-0.16661295802710596,0.21006935183724557,0.08283339920329502
12.80053651,-0.1694165186365032,0.23874098194712556,0.0755371082432093
12.8052913,-0.1726048936013011,0.265971019211124,0.0693020291573358
12.81004604,-0.1763884408421383,0.2916520613482871,0.06424264518980168
12.81480079,-0.18094526866664767,0.3157068797475415,0.060447434710000844
12.81955558,-0.18640745584087243,0.3380884100552952,0.05797609115293882
12.82431032,-0.19284877621280022,0.3587787400989522,0.056857302931946824
12.82906511,-0.2002744447634672,0.3777871776877904,0.05708721896873396
12.83381985,-0.2086133427776133,0.3951475080157236,0.0586287183552317
12.83857459,-0.2177131067631039,0.41091457198748726,0.06141158612656558
12.84332938,-0.2273383778647556,0.42516031336308,0.06533367012941484
12.84808412,-0.23717240597318393,0.43796945464508075,0.0702630568328064
12.85283886,-0.24682208794935384,0.4494349691837842,0.07604125893977891
12.85759365,-0.25582639708752947,0.45965351966353546,0.08248735881490148
12.86234839,-0.2636680369902534,0.46872103045582886,0.08940300358485764
12.86710313,-0.26978803311602306,0.47672855296052125,0.09657810410271281
12.87185792,-0.2736028641764197,0.4837585690090353,0.10379705318394242
12.87661266,-0.274523637026302,0.4898818581598137,0.11084524966377828
12.8813674,-0.2719767253305071,0.4951550313636383,0.11751569410522192
12.88612219,-0.26542522572841265,0.4996188075445264,0.1236154094945937
12.89087693,-0.25439053651383436,0.5032970827175396,0.12897143664583752
12.89563172,-0.23847333422532538,0.5061968145769951,0.13343616089234883
12.90038646,-0.2173732149852646,0.5083087196627598,0.13689174618378566
12.9051412,-0.1909062826051688,0.5096087553525778,0.139253486593997
12.90989599,-0.15902000691044782,0.5100603349149454,0.14047193326320997
12.91465073,-0.12180474476635231,0.509617200602142,0.14053371411508803
12.91940547,-0.07950141235920907,0.5082268574022265,0.13946102914382452
12.92416026,-0.03250491755869856,0.505834449110936,0.1373098692557702
12.928915,0.01863689963176338,0.5023869396829689,0.13416706549293397
12.93366974,0.07322891963317942,0.49783744740162666,0.13014632370637175
12.93842454,0.13043893526323372,0.49214956838476465,0.12538343574573144
12.94317927,0.18931217873287684,0.48530152059400067,0.12003088255459197
12.94793401,0.24878983949208758,0.47728994120893947,0.1142520585186317
12.95268881,0.30773110607140813,0.46813318010321675,0.10821535044807057
12.95744354,0.3649381634729497,0.4578739505583522,0.1020882977552077
12.96219834,0.4191834979924991,0.44658122443224063,0.09603204154796958
12.96695308,0.4692388015912749,0.43435129080324847,0.09019624003849265
12.97170782,0.5139047248625978,0.42130793204589756,0.08471458913219207
12.97646261,0.5520406986193335,0.4076017066381164,0.07970104551499117
12.98121735,0.5825940281332622,0.39340836114057937,0.07524681019352537
12.98597209,0.6046274619193208,0.37892642233331325,0.07141809693906895
12.99072688,0.6173444512515993,0.36437404259833567,0.06825468418061006
12.99548162,0.6201113513788322,0.349985186592824,0.06576923062188947
13.00023636,0.6124758755698104,0.3360052559209274,0.06394732282968064
13.00499115,0.5941812029004013,0.32268625302820353,0.06274821487039232
13.00974589,0.565175261300067,0.31028158835869846,0.062106213288749074
13.01450068,0.52561485481841,0.2990406376478073,0.06193265387365392
13.01925542,0.4758644690196553,0.28920315964694443,0.06211840984423022
13.02401016,0.4164897589649929,0.28099368827625426,0.06253686553422387
13.02876495,0.34824589012690865,0.2746160165727051,0.06304728664078886
13.03351969,0.2720610577238533,0.2702478924604436,0.06349851802421763
13.03827443,0.189015651800948,0.2680360481729079,0.06373294204794905
13.04302922,0.10031766224010062,0.2680916857449359,0.06359063278449296
13.04778396,0.007275027055028786,0.2704865396124286,0.0629136421817599
13.0525387,-0.08873428498661266,0.27524963328376567,0.06155035219361865
13.05729349,-0.18629360388015906,0.28236484003653334,0.05935982162928133
13.06204823,-0.28397941154076584,0.2917693477872353,0.056216048521164685
13.06680297,-0.3803928230927248,0.3033531157803947,0.052012058795468365
13.07155776,-0.4741898207701367,0.3169593952611136,0.04666372065404646
13.0763125,-0.5641094105127029,0.33238636710039127,0.040113172619178024
13.08106724,-0.6489989413680652,0.3493899255093869,0.03233174402902135
13.08582204,-0.7278359211202134,0.3676876078174361,0.023322243076907
13.09057677,-0.7997457765304096,0.3869636357262977,0.01312049213298265
13.09533157,-0.8640151405688444,0.4068749942281685,0.0017960046065620078
13.10008631,-0.9201003979564899,0.42705843207049665,-0.010548277976285998
13.10484104,-0.9676313784847009,0.4471382246324203,-0.023777236820553157
13.10959584,-1.0064102478194996,0.4667344992862504,-0.037725822941475015
13.11435058,-1.036405800145915,0.4854718878773951,-0.052202265373340315
13.11910532,-1.0577434986066028,0.5029882437595967,-0.06699216207831289
13.12386011,-1.0706917314273026,0.5189431442365806,-0.08186333550829288
13.12861485,-1.0756448491252997,0.5330258949226131,-0.09657130199408671
13.13336959,-1.073103619662363,0.5449627611587196,-0.11086518037740314
13.13812438,-1.0636537858761994,0.5545231728331688,-0.1244938513821012
13.14287912,-1.0479434373291758,0.5615246812225193,-0.1372121746262796
13.14763391,-1.0266599208768836,0.5658364873704829,-0.14878707371826203
13.15238865,-1.000507012430276,0.5673814084600443,-0.15900331051357086
13.15714339,-0.9701830554102431,0.5661361996027738,-0.1676687867328633
13.16189818,-0.9363607365227335,0.562130202235314,-0.17461923413288896
13.16665292,-0.8996691143424622,0.5554423459986718,-0.179722181823231
13.17140766,-0.8606784403159828,0.5461965875668298,-0.1828801184599664
13.17616245,-0.8198882168433305,0.5345559259803129,-0.1840327947623013
13.18091719,-0.7777188259738884,0.5207151877389764,-0.18315863582496705
13.18567193,-0.734506938077617,0.5048928239150204,-0.18027525243952996
13.19042672,-0.6905047757616689,0.48732200341736076,-0.17543905666469173
13.19518146,-0.6458831682854593,0.4682413189913044,-0.16874399996433936
13.19993625,-0.6007381916011829,0.4478854436407937,-0.16031946299691996
13.20469099,-0.5551010561888426,0.4264760834918981,-0.15032733554945274
13.20944573,-0.5089507859111627,0.40421356798483626,-0.13895833484307524
13.21420052,-0.462229130742426,0.3812693998513569,-0.12642762252565123
13.21895526,-0.4148570763635749,0.3577800565236263,-0.11296979653700713
13.22371,-0.3667522548087784,0.3338422928305092,-0.0988333537325723
13.2284648,-0.31784652346475484,0.30951014361100515,-0.0842747412603183
13.23321954,-0.2681029667717124,0.28479376567653053,-0.06955213673726013
13.23797427,-0.21753158834224173,0.2596601928035992,-0.05491911640014664
13.24272907,-0.1662030021397267,0.23403600672281782,-0.04061838413334384
13.24748381,-0.11425949903202258,0.2078118533695135,-0.026875741192237918
13.25223854,-0.06192295682385522,0.18084865952921284,-0.013894476324106347
13.25699334,-0.00949917410973206,0.15298533360414332,-0.0018503493478177933
13.26174808,0.042621662948905195,0.12404766907411925,0.009112671303543656
13.26650287,0.09396853023918315,0.0938581138051279,0.01888577465549213
13.27125761,0.14399713005922754,0.06224602565653377,0.027397657825635153
13.27601235,0.1921013120956929,0.029058007066352795,0.034615770498916454
13.28076714,0.23762803649565134,-0.005832100085309904,0.04054639514774398
13.28552188,0.27989541627669173,-0.0425139722121962,0.045233540502914005
13.29027662,0.31821324525263867,-0.08103270427762359,0.04875666267500051
13.29503141,0.3519053106415921,-0.12138220376509644,0.05122726531969584
13.29978615,0.38033270929792934,-0.1635003776888752,0.05278446726166243
13.30454089,0.4029173328005192,-0.20726634999446697,0.053589663356797844
13.30929568,0.41916465974590905,-0.25249987695253945,0.05382044105681374
13.31405042,0.4286849971038843,-0.29896305180458427,0.05366394780178866
13.31880516,0.43121235198980634,-0.3463643076278153,0.05330992845277326
13.32355995,0.42662019365287784,-0.39436464049573505,0.05294366425581393
13.32831469,0.4149334789849376,-0.4425858864342218,0.05273904527598199
13.33306948,0.39633645286954156,-0.4906207999154454,0.05285199962039912
13.33782422,0.37117588497113785,-0.5380446040250915,0.053414488197203354
13.34257896,0.3399595589840796,-0.584427618018764,0.05452925437489806
13.34733375,0.3033499865931857,-0.6293485204434826,0.05626549280915767
13.35208849,0.26215347649418264,-0.6724077770694329,0.05865557009209749
13.35684323,0.21730484666837038,-0.7132407524123778,0.06169289316417371
13.36159802,0.16984821994653315,-0.7515300303660141,0.06533098303944333
13.36635276,0.12091448121875277,-0.787016491945412,0.06948377442790828
13.3711075,0.07169609257388175,-0.8195087351734993,0.07402712704599898
13.3758623,0.023420054531802677,-0.848890472610789,0.07880150061301501
13.38061704,-0.02268013797792932,-0.8751256045340139,0.08361571191967043
13.38537177,-0.06539267262418152,-0.8982607386483229,0.08825166025909262
13.39012657,-0.10355487519735454,-0.9184250089819312,0.09246988021299238
13.3948813,-0.1360791498648769,-0.9358271362145433,0.0960157617844136
13.3996361,-0.1619767104016142,-0.9507497679913085,0.09862626906286776
13.40439084,-0.18037853835502096,-0.9635412382673989,0.10003698942872374
13.40914558,-0.19055314880109406,-0.9746049844533146,0.09998935295515184
13.41390037,-0.19192088780198133,-0.9843869527631587,0.0982378721398089
13.41865511,-0.1840646144039498,-0.9933613975008543,0.09455726147313259
13.42340985,-0.16673672533504683,-1.0020155321770328,0.0887493017852417
13.42816464,-0.13986255822705523,-1.010833515847958,0.08064931434848621
13.43291938,-0.1035402589404272,-1.0202802580522508,0.07013210415375568
13.43767412,-0.058037224999993316,-1.0307855058487472,0.05711722183401976
13.44242891,-0.003783250395163844,-1.0427286452277118,0.04157338236953434
13.44718365,0.05863948877784389,-1.0564246152586971,0.0235218706325548
13.45193844,0.12850943901022968,-1.0721113030055596,0.003038764364571498
13.45669318,0.20498144174611754,-1.089938762591584,-0.019744181020226074
13.46144792,0.2871049711135422,-1.109960580495802,-0.04464011165476608
13.46620271,0.3738444367549,-1.1321276856276754,-0.07140919866854352
13.47095745,0.46410104914904243,-1.1562848703104387,-0.09976232732742457
13.47571219,0.5567356537907749,-1.1821702414554822,-0.1293663060465008
13.48046698,0.6505918735595622,-1.2094177568863582,-0.15985047888151485
13.48522172,0.7445188631523527,-1.2375629197251574,-0.19081455660753713
13.48997646,0.8373929790537007,-1.2660516060050302,-0.2218374205773943
13.49473125,0.9281377040279665,-1.2942518908295353,-0.25248660531100875
13.49948599,1.015741234565201,-1.3214686213394762,-0.2823281334211883
13.50424073,1.0992712372037674,-1.3469603665617582,-0.31093636016389026
13.50899552,1.1778863960076698,-1.3699582619762336,-0.33790348240750495
13.51375026,1.2508444994579677,-1.3896861677405947,-0.36284837627899863
13.51850506,1.3175069449732417,-1.4053814808328515,-0.385424449894458
13.5232598,1.377339671898253,-1.4163158886139704,-0.4053262352498667
13.52801454,1.4299106693245578,-1.421815328612526,-0.422294498464211
13.53276933,1.4748843417011237,-1.4212784289704887,-0.4361197182704608
13.53752407,1.5120131475271676,-1.4141927463423432,-0.44664386286960833
13.5422788,1.5411270465992688,-1.4001481917399003,-0.4537604768160355
13.5470336,1.5621213906407019,-1.378847136937951,-0.4574131650136543
13.55178834,1.5749439628575064,-1.3501108203216057,-0.4575926251777578
13.55654308,1.5795819082658134,-1.3138818161283754,-0.4543324310337443
13.56129787,1.5760492954049263,-1.270222488879379,-0.44770380611519045
13.56605261,1.5643760110641456,-1.2193095189497538,-0.4378096539645691
13.57080735,1.544598615649502,-1.1614247489134673,-0.42477812734617176
13.57556214,1.516753683333222,-1.09694275623162,-0.40875602877497086
13.58031688,1.4808740257809303,-1.0263156981063934,-0.3899023373836586
13.58507162,1.4369880595077185,-0.9500560907634027,-0.3683821508835398
13.58982641,1.3851224325484894,-0.8687182709290785,-0.34436131324351227
13.59458115,1.325307881700001,-0.7828793370015946,-0.3180019667003859
13.59933589,1.2575881497439507,-0.6931203794630018,-0.28945922053975826
13.60409068,1.1820316535236428,-0.6000087853910927,-0.2588790701101502
13.60884542,1.0987454597615591,-0.5040823437452312,-0.22639763072754407
13.61360016,1.0078909998511847,-0.40583579111449825,-0.19214167753776323
13.61835495,0.9097008438751706,-0.30571032717527535,-0.1562304110343743
13.62310969,0.8044957648697197,-0.20408650076112636,-0.11877830597123608
13.62786448,0.6927012625115071,-0.10128072681070875,-0.07989885358089246
13.63261922,0.5748626840281349,0.002454452894988768,-0.03970897408445775
13.63737396,0.45165808003270475,0.10692640097456536,0.001666143808346486
13.64212875,0.323907963696408,0.2119948883936248,0.044088030144481906
13.64688349,0.19258120222911795,0.31756138845630755,0.08740000331214821
13.65163823,0.0587963586858165,0.4235556022037964,0.13142257059420315
13.65639302,-0.07618208224431995,0.5299197641291341,0.1759493923284688
13.66114776,-0.21095303097306856,0.6365913648368515,0.22074401851796926
13.66590256,-0.3439939171946949,0.7434849927476124,0.26553757775820125
13.6706573,-0.47368170516393326,0.8504740390342013,0.31002756695594147
13.67541204,-0.5983196845297276,0.9573730289460363,0.3538778580684716
13.68016683,-0.7161697062901163,1.0639213400472836,0.3967200051234631
13.68492157,-0.8254893064490371,1.169769045853993,0.4381559008597943
13.6896763,-0.9245729267037005,1.2744655838865255,0.477761797910409
13.6944311,-1.0117962105104061,1.3774518912282898,0.5150936751984736
13.69918584,-1.0856621350233489,1.4780565780376043,0.5496938956362799
13.70394058,-1.1448475462296108,1.5754966188600599,0.5810990642739194
13.70869537,-1.1882485069061097,1.6688829311287299,0.6088489544208255
13.71345011,-1.2150227555510422,1.757231077309077,0.6324963220593545
13.71820485,-1.2246275224861696,1.8394771684474125,0.6516173778763827
13.72295964,-1.2168509738176683,1.9144988597622583,0.6658226363267784
13.72771438,-1.1918356719134178,1.9811411144719995,0.6747678192690715
13.73246912,-1.1500926623780883,2.038246178085941,0.6781644645654739
13.73722391,-1.0925051187827253,2.084686966539367,0.6757898813661505
13.74197865,-1.0203208802063977,2.119402846393649,0.6674961029938824
13.74673339,-0.9351336757721078,2.141436592843132,0.6532175112888434
13.75148818,-0.8388533134545657,2.1499711685697376,0.6329768379268963
13.75624292,-0.7336655861990671,2.1443648870952154,0.6068892852463794
13.76099771,-0.6219830877000359,2.124183516335868,0.575164551091989
13.76575245,-0.5063885068738119,2.089227943050118,0.5381065910511558
13.77050719,-0.38957226183916077,2.039556152019175,0.49611100956138127
13.77526198,-0.27426652501833715,1.9754984659253405,0.44966003950888056
13.78001672,-0.16317777391707947,1.8976652314691467,0.3993151468758499
13.78477146,-0.05891998119833451,1.8069464118764316,0.3457073803053539
13.78952625,0.03604955334177887,1.7045028427468951,0.28952567254375755
13.79428099,0.1194899070085775,1.5917492138275449,0.23150338892072506
13.79903573,0.1894301810251342,1.4703291401256136,0.17240350361822906
13.80379052,0.24421575289983277,1.3420829689010825,0.1130028613678105
13.80854526,0.2825460690943847,1.2090092234550764,0.054076041582726796
13.8133,0.30350319215387556,1.0732208015242914,-0.0036206260205260787
13.8180548,0.3065705982899751,0.9368972187895593,-0.05936434781637116
13.82280954,0.291641999593127,0.8022343114510734,-0.11247994689998446
13.82756427,0.25902023192644197,0.6713928828567945,-0.16235230008319296
13.83231907,0.20940649736683534,0.5464477972481525,-0.2084367850739013
13.83707381,0.1438804729956759,0.429338991105293,-0.25026749450957514
13.84182854,0.06387199306189371,0.32182579373591136,-0.2874630784597031
13.84658334,-0.028874821352948412,0.22544582911961084,-0.31973017792892383
13.85133808,-0.13234397164573436,0.1414796165176538,-0.34686450551719944
13.85609287,-0.24429540520541165,0.07092180418712019,-0.3687497138204148
13.86084761,-0.3623170469461182,0.014459765095260214,-0.3853542649595447
13.86560235,-0.48387978303526535,-0.02753993764146221,-0.39672657221221036
13.87035714,-0.6063941235858298,-0.055036938053103245,-0.40298872360443955
13.87511188,-0.7272672839687325,-0.06831426205374015,-0.4043291162907272
13.87986662,-0.8439594636416808,-0.06796751152466171,-0.40099433169267945
13.88462141,-0.9540381623190367,-0.05488643491115887,-0.3932805688233365
13.88937615,-1.0552294516364444,-0.030229478811296243,-0.3815249306102837
13.89413089,-1.1454652126393354,0.004607910304057225,-0.366096826851426
13.89888568,-1.2229254524567754,0.04803031644688574,-0.34738971788519485
13.90364042,-1.286074924850262,0.09828367840857544,-0.32581337609479233
13.90839516,-1.3336933969615776,0.15349977934877618,-0.301786791126624
13.91314995,-1.364899027456367,0.21174271321323893,-0.2757317944808378
13.91790469,-1.3791644494219628,0.27105611069519797,-0.24806743620657232
13.92265943,-1.3763252856301678,0.329509909355841,-0.21920511594424283
13.92741422,-1.356580964809413,0.3852454843777466,-0.18954445411128026
13.93216896,-1.3204878551292942,0.43651801716952515,-0.159469883610932
13.93692375,-1.2689448835254513,0.48173506742439703,-0.12934794173023853
13.94167849,-1.2031719637405704,0.5194904286900007,-0.0995252391995535
13.94643323,-1.124681707985895,0.5485924857995461,-0.07032707411027786
13.95118802,-1.0352450423964978,0.5680864515619768,-0.04205664057823682
13.95594276,-0.9368514803876451,0.577270036074671,-0.014994755791084915
13.9606975,-0.8316649264272493,0.57570229047942,0.010600003776837966
13.9654523,-0.721975982073834,0.5632055629262509,0.03449090182194914
13.97020704,-0.610151803533878,0.5398607023181354,0.056462554749702056
13.97496177,-0.4985846132756215,0.5059958389357335,0.0763205571118623
13.97971657,-0.38963999583440434,0.46216925384410873,0.09389142460273511
13.98447131,-0.2856061087783507,0.4091470146142635,0.1090230399910158
13.98922604,-0.1886449131778208,0.3478761972408488,0.12158574004880848
13.99398084,-0.10074647381473682,0.2794546278496743,0.13147410719068947
13.99873558,-0.023687299082523088,0.20509815861412792,0.13860943540362952
14.00349032,0.04100641283980286,0.12610653721581447,0.14294273875175542
14.00824511,0.09208987680445849,0.04382893642470254,0.14445807729500723
14.01299985,0.12862456305237335,-0.04036982038764233,0.14317590361107188
14.01775459,0.14999631406629232,-0.12514136932739017,0.1391560935511948
14.02250938,0.15592642125812642,-0.2091833838029283,0.1325003224160714
14.02726412,0.14647550072725166,-0.29126588118519336,0.12335348132147786
14.03201886,0.12204016220368585,-0.3702536702519836,0.11190389150715217
14.03677365,0.08334261842606751,-0.4451245166809944,0.09838215660651374
14.04152839,0.031413531366578616,-0.5149827757874127,0.08305858322094604
14.04628313,-0.03243146431012205,-0.5790684129747204,0.06623918824493194
14.05103792,-0.10662098222267077,-0.6367614969069397,0.048260389706067275
14.05579266,-0.18936214140355065,-0.6875824032032412,0.029482542596075603
14.06054745,-0.2786790333365069,-0.7311881030046323,0.010282531476515928
14.06530219,-0.3724544722336363,-0.767365026865736,-0.008954332193032715
14.07005693,-0.46847402487944134,-0.7960190865333177,-0.027842838193238215
14.07481172,-0.5644712676518693,-0.8171635029113477,-0.0460065544285576
14.07956646,-0.6581732011279146,-0.8309051268198734,-0.06308638409687328
14.0843212,-0.7473447686936949,-0.8374299498888823,-0.07874875660852174
14.08907599,-0.8298314754089792,-0.8369884862742119,-0.09269323710570951
14.09383073,-0.9035991865848532,-0.8298816622035586,-0.10465937402915536
14.09858547,-0.9667703000725989,-0.8164477807568319,-0.11443263631526603
14.10334026,-1.0176556277529702,-0.797051036429247,-0.12184931911268235
14.108095,-1.0547814832486553,-0.7720719425691315,-0.1268003204872142
14.11284974,-1.076911645455953,-0.7418999109750238,-0.12923371386180868
14.11760454,-1.083064040797939,-0.706928093723791,-0.12915606358793605
14.12235927,-1.0725221507139684,-0.667550469497036,-0.12663245446574448
14.12711401,-1.0448412959658273,-0.6241610364783091,-0.12178522986220114
14.13186881,-0.9998500701929318,-0.5771548666163835,-0.11479145683678564
14.13662354,-0.9376472898290139,-0.5269306858964744,-0.10587916014860037
14.14137828,-0.8585948968358031,-0.47389457522987377,-0.09532239019726894
14.14613308,-0.7633072967391287,-0.4184643385682143,-0.08343521260036131
14.15088782,-0.6526376391984818,-0.3610740600650126,-0.07056472831766034
14.15564256,-0.5276615535948935,-0.30217837134955017,-0.05708325188866118
14.16039735,-0.3896588398038651,-0.24225597350562214,-0.04337979129852213
14.16515209,-0.24009358673606546,-0.18181200532368771,-0.02985098744899363
14.16990683,-0.08059315088167335,-0.12137891744962159,-0.016891685756405917
14.17466162,0.0870736235556634,-0.06151559720173492,-0.004885327508770319
14.17941636,0.2610186196932887,-0.0028045856095224447,0.005805636709327116
14.1841711,0.4392568378954401,0.05415266987752895,0.014849096599904313
14.18892589,0.6197287644775454,0.10874248321696456,0.02195217050267714
14.19368063,0.8003225850129336,0.1603473812459302,0.026869402822774446
14.19843537,0.9788961645203663,0.20835612012972246,0.029410039625385888
14.20319016,1.1532987648980297,0.2521749799312045,0.029444155375892442
14.2079449,1.321392507636582,0.2912399964860743,0.02690741451250644
14.21269964,1.4810736162783955,0.3250297494723042,0.02180427128036074
14.21745443,1.6302934886870293,0.3530782978405485,0.014209441906396295
14.22220917,1.767079655063964,0.3749878376007481,0.004267525442349205
14.22696391,1.8895566749547494,0.3904406517155018,-0.007809297475319444
14.2317187,1.9959670158574572,0.399209927411156,-0.021745497553720565
14.23647344,2.08469193733498,0.40116903285068783,-0.03720830520636669
14.24122818,2.1542723768506726,0.3962988732147955,-0.05381557141677127
14.24598297,2.203429795491985,0.3846929861014589,-0.07114519434147984
14.25073771,2.2310868918537667,0.3665600878883541,-0.08874586722756647
14.2554925,2.236388029841306,0.34222384613603635,-0.10614885485936852
14.26024724,2.2187191516846174,0.3121197274986425,-0.12288046953056143
14.26500198,2.1777268634509217,0.2767888543551484,-0.13847489514225247
14.26975677,2.113336290888008,0.2368688940664792,-0.1524869989216636
14.27451151,2.0257672141400334,0.1930820994540818,-0.164504771548603
14.27926625,1.9155479076932718,0.14622071446647544,-0.17416104426320275
14.28402105,1.7835260445310492,0.0971300513219487,-0.1811441430779793
14.28877578,1.6308759784314493,0.046689630585180844,-0.18520715568414828
14.29353052,1.4591017020654315,-0.004207150425367415,-0.18617550915102693
14.29828532,1.2700347957104516,-0.054674296217413654,-0.18395259038786582
14.30304006,1.065826734517025,-0.10385487168367931,-0.17852318950950122
14.3077948,0.8489350117818082,-0.1509424493803462,-0.16995460862614095
14.31254959,0.6221026602501659,-0.1952017482518404,-0.15839535218798342
14.31730433,0.38833091030805994,-0.23598787830178475,-0.14407139542180675
14.32205907,0.15084490869615472,-0.2727636344970022,-0.1272801102468905
14.32681386,-0.0869473722803434,-0.3051143279381369,-0.108382009849343
14.3315686,-0.3215026857480991,-0.3327597015568147,-0.08779055083974036
14.33632334,-0.5491959500155263,-0.35556254942002535,-0.0659603023441259
14.34107813,-0.7663787912065367,-0.373533741193705,-0.04337385088311036
14.34583287,-0.9694422060901307,-0.3868334447201264,-0.020527855540256823
14.35058761,-1.154882191439127,-0.39576843830881475,0.0020813017141389323
14.3553424,-1.3193670470290377,-0.4007855081543479,0.023971810690809545
14.36009714,-1.4598049551567975,-0.40246103267813826,0.044690212842808476
14.36485188,-1.57341037103427,-0.4014869615297889,0.06382422175596207
14.36960667,-1.657767724382447,-0.39865349915943893,0.08101417112152479
14.37436141,-1.7108909306676652,-0.39482889784143615,0.09596272586538157
14.37911615,-1.7312772379865418,-0.39093684949939,0.10844255814225864
14.38387094,-1.7179539902138414,-0.3879320367245358,0.11830177027814417
14.38862568,-1.6705169669670379,-0.3867744585097376,0.12546693633649275
14.39338042,-1.5891590655423835,-0.38840318349497416,0.12994372712176364
14.39813521,-1.4746882198361546,-0.3937102017119989,0.1318151751343499
14.40288995,-1.3285336081214032,-0.40351504459313986,0.13123772191037414
14.40764469,-1.1527393878335117,-0.4185408230346504,0.12843526609313835
14.41239948,-0.9499454136792194,-0.4393922963191466,0.12369149236811401
14.41715422,-0.7233546470071076,-0.46653653341983187,0.11734080551131887
14.42190896,-0.47668724921672373,-0.5002866657739862,0.10975821774829352
14.42666375,-0.21412166729635218,-0.5407891598510757,0.10134854014738781
14.43141849,0.05977664008927379,-0.588014960909758,0.09253521008186884
14.43617323,0.3401378302967276,-0.641754777832045,0.08374904901739066
14.44092802,0.6218802890477815,-0.7016186939472233,0.07541719278277992
14.44568276,0.899811501681901,-0.7670402007474616,0.06795237783081874
14.4504375,1.1687351227486513,-0.8372846600118439,0.0617427115589546
14.4551923,1.4235618857969894,-0.9114621043106982,0.05714201184056178
14.45994704,1.65942174990718,-0.9885441856256616,0.054460776870192594
14.46470177,1.8717745003495432,-1.0673849773727608,0.05395784362157175
14.46945657,2.0565159199085934,-1.1467452284045663,0.05583281041402151
14.4742113,2.210076634425156,-1.2253195618904316,0.06021933218370632
14.47896605,2.3295108169935705,-1.3017660114416654,0.0671794394745775
14.48372084,2.4125721119546624,-1.3747371959578354,0.07669907496666561
14.48847558,2.4577744099239,-1.44291235812005,0.0886850741279069
14.49323037,2.464435461309299,-1.505029433834058,0.1029638295571014
14.49798511,2.4327017456510727,-1.559916285172286,0.11928186532991816
14.50273985,2.3635535009140476,-1.6065202203486322,0.13730850666876682
14.50749459,2.2587893420793606,-1.6439349425253338,0.15664076478743327
14.51224938,2.120990444899923,-1.6714241148093651,0.17681047303673206
14.51700412,1.9534648250154192,-1.688440800162348,0.1972936155995704
14.52175886,1.7601727951842832,-1.6946421296142626,0.21752169110762345
14.52651365,1.5456352264236821,-1.6898986673099734,0.23689485858878565
14.53126839,1.3148267624012189,-1.67429807395656,0.25479653128358487
14.53602313,1.0730566243584247,-1.6481428189852554,0.27060902393195674
14.54077792,0.8258400726069219,-1.6119418539136183,0.28372982623267573
14.54553266,0.5787639320869971,-1.566396331968306,0.29358806805214327
14.5502874,0.33734981706651246,-1.512379638103713,0.29966075344119353
14.55504219,0.10691878586939357,-1.4509121747544678,0.30148836100573506
14.55979693,-0.10753888441309879,-1.3831315273166758,0.2986894297489018
14.56455167,-0.3014852837761951,-1.310258803969853,0.29097376819448106
14.56930646,-0.4709445813209341,-1.233562100171026,0.27815394026090723
14.5740612,-0.612598009939437,-1.1543181711689352,0.2601546963950204
14.57881594,-0.7238617267400596,-1.073773498790863,0.23702003693021914
14.58357073,-0.8029456639246139,-0.9931060056948526,0.20891762169662623
14.58832547,-0.8488920313497441,-0.9133886971011064,0.17614028115215508
14.59308021,-0.8615926946050051,-0.8355564937324714,0.13910444409427725
14.597835,-0.8417852146545896,-0.7603774581738341,0.09834537677613672
14.60258974,-0.7910278833737785,-0.6884295090882778,0.05450922559307656
14.60734448,-0.711654612687087,-0.6200835642500345,0.008341964450810877
14.61209927,-0.6067110237680321,-0.5554938564019106,-0.03932454033164699
14.61685401,-0.4798735272545862,-0.4945959294626459,-0.08758903063425881
14.62160875,-0.33535357609493277,-0.437112552866312,-0.13549951896528703
14.62636354,-0.1777896009589447,-0.38256749833634635,-0.18207364525567335
14.63111829,-0.012129397827258692,-0.33030681900826725,-0.22632021917709635
14.63587302,0.15649407512151706,-0.2795269703893383,-0.26726141423936095
14.64062782,0.3228904198135147,-0.22930883135948074,-0.30395506482387025
14.64538256,0.4819399261345379,-0.17865643538650117,-0.3355165098679697
14.6501373,0.6287190198196931,-0.1265390196236885,-0.3611394317026521
14.65489209,0.7586200401188711,-0.0719348526251713,-0.3801151636952955
14.65964683,0.8674625152640552,-0.013875217423040468,-0.39184999133616466
14.66440157,0.951593320473863,0.04851309029068108,-0.39588004652319225
14.66915636,1.0079733736552627,0.11596833894972954,-0.39188348498594044
14.6739111,1.0342488432448518,0.18905898927875467,-0.3796897291158476
14.67866584,1.0288052058218062,0.2681546800322078,-0.35928564101310373
14.68342063,0.9908028932863844,0.35340415964683314,-0.3308185563660567
14.68817537,0.9201937052220808,0.44472099662226855,-0.29459615821919455
14.69293011,0.8177176251633621,0.5417776188567327,-0.2510832052123186
14.6976849,0.6848801619638732,0.6440079334218144,-0.20089515854889356
14.70243964,0.5239108296329301,0.7506184741163284,-0.14478878296851014
14.70719438,0.33770386922005763,0.8606077249730301,-0.08364983477612715
14.71194917,0.12974279070582412,0.972792983657448,-0.01847799721056856
14.71670391,-0.09598924472641414,1.085843868723499,0.04963072003561653
14.72145865,-0.3351107889612203,1.1983213473369105,0.11950383730378224
14.72621344,-0.5829524791505899,1.3087209724219322,0.18991417302986052
14.73096818,-0.8346734352003509,1.4155188757625694,0.25960311852722956
14.73572292,-1.085380546542156,1.5172189702086807,0.32730496301769313
14.74047766,-1.3302474533310105,1.6123997718801315,0.3917717716578346
14.74523245,-1.5646300627087113,1.6997592626449538,0.451798288734612
14.74998719,-1.7841755679827642,1.7781562733833634,0.5062463156933832
14.75474193,-1.9849221529729828,1.8466469777844121,0.5540679976716656
14.75949672,-2.163386858913439,1.904515241831348,0.5943274440199949
14.76425146,-2.316639458565077,1.9512957718645363,0.6262201128686837
14.7690062,-2.442360610917297,1.9867892392347266,0.6490894143419955
14.77376099,-2.5388830474591684,2.011068826118721,0.6624400381079893
14.77851573,-2.6052150527935827,2.0244779279709006,0.6659475922716612
14.78327047,-2.64104603083244,2.0276190545225012,0.6594642517865882
14.78802526,-2.6467344727239603,2.0213342823478095,0.6430202506545113
14.79278,-2.6232791435601346,2.0066779156903696,0.6168212043736007
14.79753474,-2.572274764386214,1.9848822965018544,0.5812414061946155
14.80228954,-2.4958538706932933,1.9573179579918114,0.5368133904365044
14.80704427,-2.3966168675487105,1.9254495266751606,0.4842141858422318
14.81179901,-2.2775525648870727,1.890788933354429,0.42424878060901716
14.81655375,-2.1419516550259976,1.854847581011043,0.35783138130780157
14.82130854,-1.9933156814252464,1.8190891271661502,0.28596506976053104
14.82606328,-1.835264042461871,1.7848844663709618,0.2097204508525371
14.83081808,-1.6714414849805908,1.7534703506971818,0.13021385016905088
14.83557282,-1.5054283860848714,1.725912876796482,0.048585573991236995
14.84032756,-1.340655917878938,1.7030768175008335,-0.03402130605301474
14.8450823,-1.1803279561915427,1.6856015060504508,-0.11648123122747726
14.84983709,-1.0273513425370666,1.6738837117910652,-0.19770513313359034
14.85459183,-0.8842758452460038,1.668067692780708,-0.2766577953301896
14.85934657,-0.75324489511884,1.6680423828621063,-0.352373333486925
14.86410136,-0.6359578973410847,1.673445473337611,-0.4239685792006499
14.8688561,-0.5336446482306155,1.6836739841915542,-0.490654205742048
14.87361084,-0.44705211364558917,1.6979007867510871,-0.5517434906818729
14.87836563,-0.3764435543677648,1.7150964374999138,-0.606658670297529
14.88312037,-0.3216097124410043,1.7340556093239774,-0.6549349006429107
14.88787511,-0.28189150574930033,1.7534273590899316,-0.6962218952000692
14.8926299,-0.256213425054951,1.7717484461789061,-0.7302833563271697
14.89738464,-0.24312659838540157,1.7874789121381123,-0.7569943592679347
14.90213938,-0.24086028930512832,1.7990391431324149,-0.7763368876709696
14.90689417,-0.2473804308704653,1.804847660049082,-0.788393759403219
14.91164891,-0.2604536650693639,1.8033589117278195,-0.79334121540323
14.91640365,-0.27771525669765496,1.7931003816131856,-0.7914404632612133
14.92115844,-0.29673918097799906,1.7727083553488343,-0.7830284647000627
14.92591318,-0.3151086480528929,1.7409617358985061,-0.7685082326161782
14.93066792,-0.33048532816175574,1.696813333770301,-0.7483388656930372
14.93542266,-0.3406755817038813,1.639418102941931,-0.7230255066847767
14.94017745,-0.3436920794307901,1.5681578379521366,-0.6931093733180353
14.94493219,-0.33780931805535863,1.4826618938680982,-0.6591579837115736
14.94968693,-0.3216116917633846,1.3828235378700056,-0.6217556815325784
14.95444172,-0.294032965561436,1.268811588654687,-0.5814945557120893
14.95919646,-0.25438620729032085,1.1410770482102082,-0.5389658397173421
14.9639512,-0.202383467356012,1.0003544814609873,-0.4947518621687755
14.96870599,-0.13814474517618588,0.8476579555513388,-0.449418603830555
14.97346073,-0.06219604529232386,0.6842714150297337,-0.40350889880278323
14.97821547,0.024543400442217176,0.5117334441217781,-0.35753630399493114
14.98297026,0.12078439094909715,0.33181645366746537,-0.31197965287943824
14.987725,0.2249008667032755,0.1465004280768928,-0.26727830680624154
14.99247974,0.3349719832099935,-0.04205852399453637,-0.22382811776266892
14.99723454,0.44883201544961115,-0.23156445404160778,-0.18197811785716625
15.00198927,0.5641267504197867,-0.41962220731351474,-0.14202795060305948
15.00674401,0.678374854408836,-0.6037817905503573,-0.10422605522641573
15.0114988,0.7890325804453413,-0.781585728125176,-0.0687686067075706
15.01625355,0.8935601150229072,-0.9506185326988126,-0.0357992021531061
15.02100828,0.9894878528987777,-1.1085572957510548,-0.005409271247879794
15.02576302,1.0744809312082397,-1.2532222957985775,0.02236082238230369
15.03051782,1.146400442569385,-1.3826264339525378,0.04752003018710564
15.03527256,1.2033598729019759,-1.4950222441441212,0.07012426495839864
15.0400273,1.243775464991894,-1.588945195416661,0.09027349399136292
15.04478209,1.2664093857971725,-1.6632520124155965,0.1081083278446872
15.04953683,1.2704047672256078,-1.7171527927414916,0.12380614876474791
15.05429157,1.2553118904016831,-1.7502357992591677,0.13757681628072288
15.05904636,1.2211049872715154,-1.7624839522929834,0.14965798152929413
15.0638011,1.1681893376634211,-1.754282238806984,0.16031003839737396
15.06855584,1.0973985434272728,-1.7264154886937448,0.1698107396833799
15.07331063,1.009982063775926,-1.68005623545335,0.17844951115048546
15.07806537,0.9075832969426189,-1.6167426709917916,0.1865215062477635
15.08282011,0.7922086912858277,-1.538347011268577,0.19432145875467033
15.0875749,0.6661885613819707,-1.4470348988741726,0.2021374071631209
15.09232964,0.5321304674679388,-1.3452167673364692,0.21024437946941138
15.09708438,0.3928661846342789,-1.2354923671000035,0.21889813654723617
15.10183912,0.25139343583448054,-1.12058989257697,0.22832907472365954
15.10659391,0.11081368505876574,-1.003301342814571,0.23873638503887776
15.11134865,-0.025732620133792964,-0.8864158866213137,0.2502825617059392
15.11610339,-0.1551319074314949,-0.772653080558144,0.26308834905617867
15.12085818,-0.27436296610582656,-0.664597802249707,0.2772282158173832
15.12561292,-0.38056060038456535,-0.5646387125338123,0.29272644597748115
15.13036766,-0.47107604201316694,-0.47491195172941386,0.30955393333258896
15.13512245,-0.5435328056911415,-0.39725161395784425,0.32762576000774213
15.13987719,-0.5958767983946912,-0.33314833658978793,0.34679962915854523
15.14463193,-0.6264196507773898,-0.28371709756791913,0.3668752132405581
15.14938672,-0.6338744182718175,-0.24967503982101483,0.38759447640365235
15.15414146,-0.6173829935702076,-0.2313298477577544,0.4086430345072106
15.1588962,-0.5765347743577188,-0.22857889468059206,0.4296526267369967
15.16365094,-0.5113763354327631,-0.24091907076412175,0.45020478362724503
15.16840573,-0.4224120585920582,-0.267466897799151,0.46983578075171384
15.17316047,-0.3105958732508914,-0.3069882478967326,0.48804295852944446
15.17791521,-0.1773144521560959,-0.35793671737084953,0.504292460959308
15.18267,-0.024362385864651673,-0.41849947245939306,0.5180283975888216
15.18742474,0.14608997769315493,-0.4866491881686905,0.5286833666297183
15.19217948,0.33153520161369093,-0.5602005517772778,0.5356902008323854
15.19693427,0.5291729962331145,-0.6368697027374571,0.5384947225318689
15.20168901,0.7359590016028161,-0.7143349327989107,0.5365692309479081
15.20644375,0.9486570470923116,-0.7902969740887266,0.5294264003814447
15.21119849,1.1638938040418225,-0.8625372570663485,0.516633243574877
15.21595329,1.3782147610886377,-0.928972621815086,0.49782478620644166
15.22070802,1.588140488979452,-0.9877051107877765,0.47271710017948043
15.22546276,1.7902222177295561,-1.0370656534813005,0.44111935010393466
15.23021756,1.981095820254992,-1.0756506670454244,0.40294451691817434
15.2349723,2.1575333796948395,-1.1023508337573789,0.35821847518683086
15.23972704,2.3164916087267398,-1.116371567614521,0.30708711790237203
15.24448183,2.4551564842524694,-1.1172449381575502,0.24982124690134805
15.24923657,2.570983556461128,-1.1048330697694881,0.1868189807550175
15.25399131,2.6617334847533782,-1.0793232688956624,0.11860547736236494
15.25874604,2.725502441890067,-1.0412153406968159,0.04582982624091922
15.26350084,2.7607471098654766,-0.9913017338507601,-0.03074096608997058
15.26825558,2.7663040654285833,-0.9306412944690955,-0.11023089973802708
15.27301032,2.7414034210108156,-0.8605275180807156,-0.1916667415864315
15.27776511,2.6856766513396746,-0.7824522658715344,-0.273992479897163
15.28251985,2.599158601752851,-0.6980659624906626,-0.3560862686486337
15.28727459,2.4822837455860833,-0.6091353215824735,-0.4367795988596775
15.29202938,2.3358768377542756,-0.5174996537710407,-0.5148783757389794
15.29678412,2.161138199630985,-0.4250268004874856,-0.5891855172071522
15.30153886,1.959623963287228,-0.33356970550288007,-0.6585246201603684
15.30629365,1.7332216957504112,-0.2449245841839366,-0.7217641692796856
15.31104839,1.4841219101020404,-0.16079157880916362,-0.7778416962725733
15.31580313,1.2147860438074147,-0.08273869791151761,-0.8257872435893143
15.32055787,0.9279115399874772,-0.01216973017949906,-0.8647454534784554
15.32531266,0.6263946999830732,0.04970329895106034,-0.8939955962867756
15.3300674,0.31329198314149337,0.10188269437111568,-0.9129688748357025
15.33482214,-0.0082195875356676,0.1436023908675922,-0.921262397022148
15.33957693,-0.3348822943981523,0.17433983890314406,-0.9186492980383003
15.34433167,-0.6633973048401423,0.19382247083831194,-0.9050846163530943
15.34908641,-0.9904634626358179,0.20202887076955456,-0.8807066796374735
15.3538412,-1.312814859055707,0.1991848820509015,-0.8458339290159856
15.35859594,-1.6272568151254356,0.18575497487063722,-0.8009572891567641
15.36335068,-1.9306999612339584,0.16242926021810744,-0.7467283630707363
15.36810542,-2.220192144839252,0.13010657740076748,-0.6839438810705224
15.37286021,-2.4929479319588435,0.08987410344258141,-0.6135269542045992
15.37761495,-2.746375496238242,0.04298393886845529,-0.5365057697164594
15.38236969,-2.9781007145747433,-0.009172879550765395,-0.4539904202102918
15.38712448,-3.185988314580769,-0.06509449790388894,-0.3671485824899
15.39187922,-3.368159949668265,-0.12319806553153131,-0.27718076049664225
15.39663396,-3.5230091134236368,-0.1818508343153454,-0.18529578302205274
15.40138875,-3.6492128454109323,-0.23940211715714785,-0.09268720404184745
15.40614349,-3.745740223370608,-0.2942156809722372,-0.0005111945889069707
15.41089823,-3.8118576790864918,-0.34470213598819394,0.09013355704514808
15.41565297,-3.847131213928797,-0.38935086171996386,0.17822350263987036
15.42040776,-3.8514256225115844,-0.4267609830627444,0.2628251055689865
15.4251625,-3.8249008571877843,-0.455670881393573,0.34310668008159423
15.42991724,-3.7680056816854783,-0.4749857004222785,0.4183470530652644
15.43467204,-3.681468769692035,-0.48380229045127077,0.4879410063362465
15.43942677,-3.5662874049969444,-0.4814310333673246,0.5514015601301477
15.44418151,-3.4237139356337876,-0.4674140090147102,0.608359256778491
15.44893625,-3.255240127133706,-0.44153900499409376,0.6585586936746926
15.45369105,-3.0625795512364933,-0.40384893772497604,0.7018526329089761
15.45844578,-2.8476481377094895,-0.35464634177883325,0.7381940782057277
15.46320052,-2.612543009675211,-0.2944926937128703,0.7676267554702265
15.46795532,-2.3595197185075056,-0.22420246079306724,0.7902744595123963
15.47271006,-2.090967994630469,-0.14483189814783703,0.8063297353108759
15.4774648,-1.8093861373099862,-0.057662754188865926,0.8160423473994454
15.48221954,-1.5173541813706526,0.0358188219231538,0.8197079566804893
15.48697433,-1.2175060025465476,0.13394775080619517,0.8176573724746309
15.49172907,-0.9125005558002833,0.23490933841838474,0.8102466820187657
15.4964838,-0.6049924816249522,0.33677180890549896,0.7978484835950937
15.5012386,-0.2976023627812805,0.43752135420625277,0.7808443673920686
15.50599334,0.007113033760975437,0.5350989510084732,0.7596187054477891
15.51074808,0.30669014043196896,0.6274381706227152,0.7345537347583
15.51550282,0.5987871560182819,0.7125032048056502,0.7060258517825689
15.52025761,0.8812113067092301,0.78832634864549,0.6744029865168595
15.52501235,1.15194427534644,0.8530442183498522,0.6400428918475273
15.52976709,1.4091652509439294,0.9049320351047497,0.6032921681737632
15.53452188,1.6512710466789395,0.9424353737390012,0.5644858417401656
15.53927662,1.876892751889536,0.964198853817693,0.5239473247858291
15.54403136,2.0849084244886544,0.9690913375795311,0.48198860413304906
15.54878615,2.274451395951423,0.9562272901735497,0.4389105304021913
15.55354089,2.444913851633068,0.9249840491733249,0.395003110703161
15.55829563,2.595945463071769,0.875014838462307,0.3505457407025675
15.56305037,2.7274469829609527,0.8062574426718107,0.3058073438774282
15.56780516,2.839558862688247,0.7189385297870428,0.261046412804067
15.5725599,2.932645109917996,0.6135736700084249,0.21651096671889383
15.57731464,3.0072727613820995,0.4909631481993561,0.17243845084196346
15.58206938,3.064187494934926,0.35218370577176916,0.12905560817193976
15.58682417,3.104286036339803,0.19857637702720873,0.08657835680828592
15.59157891,3.128586122754632,0.031730607076576725,0.04521170727535403
15.59633365,3.1381948613854873,-0.14653514365043768,0.005149754384646415
15.60108844,3.134276366040248,-0.3341960867170604,-0.033424225133037985
15.60584318,3.1180195664265793,-0.5290468451651914,-0.07033754649760125
15.61059792,3.0906070663202287,-0.7287299834714139,-0.10542775365625363
15.61535266,3.053185878960013,-0.9307670384677,-0.13854212896673493
15.62010745,3.006840793442023,-1.1325917277160442,-0.16953710644626893
15.62486219,2.9525710276241313,-1.3315849724447835,-0.19827763882557317
15.62961693,2.8912707053685893,-1.5251113291029366,-0.22463658390888158
15.63437167,2.823713563980315,-1.7105563790657827,-0.2484941841565796
15.63912646,2.7505421572032915,-1.8853645824171406,-0.26973771384912326
15.6438812,2.6722616766195917,-2.0470770613041323,-0.28826136120704665
15.64863594,2.5892383769336234,-2.1933687431040645,-0.30396640052781015
15.65339073,2.501702465298253,-2.3220842654815854,-0.316761694984836
15.65814547,2.409755206666466,-2.4312720264937764,-0.3265645576920595
15.66290021,2.313379908642515,-2.5192157556588803,-0.3333019891045791
15.66765495,2.212456380505453,-2.5844629888263286,-0.33691230199651173
15.67240974,2.106778410210396,-2.625849852895684,-0.33734713733161253
15.67716448,1.9960737672521598,-2.6425216073478426,-0.33457386075016243
15.68191922,1.8800262144994238,-2.633948448771374,-0.3285783079087584
15.68667401,1.7582989942230882,-2.5999361619199086,-0.31936781922994933
15.69142875,1.6305592385117509,-2.5406312953648413,-0.30697447522266247
15.69618349,1.496502739344145,-2.4565206495283025,-0.2914584169399507
15.70093823,1.3558784983406247,-2.3484249864990914,-0.27291111501164467
15.70569302,1.2085124626810848,-2.2174870000425955,-0.2514584359711944
15.71044776,1.0543298455073695,-2.065153715576679,-0.22726334679605667
15.7152025,0.8933754304012947,-1.8931536188241846,-0.2005280986538575
15.71995724,0.7258312738082208,-1.7034689340965128,-0.17149573985818686
15.72471204,0.5520312491795151,-1.4983035845806663,-0.14045082595391462
15.72946677,0.3724719239649479,-1.2800474633254457,-0.10771921977170416
15.73422151,0.18781932672539994,-1.0512377208296932,-0.07366690312021833
15.73897631,-0.0010887528425054284,-0.8145178302807243,-0.03869775174775782
15.74373104,-0.1932451840770298,-0.5725952233069614,-0.003250254908384192
15.74848579,-0.3874807689061217,-0.32819829807571405,0.03220680952896781
15.75324052,-0.5824763709962384,-0.08403358967256572,0.06717970281513487
15.75799532,-0.7767797667063997,0.15725613687385925,0.10115598154788245
15.76275006,-0.968826949021916,0.3931321538997507,0.13361157379861824
15.7675048,-1.156967486230948,0.621197734878955,0.16401853352101403
15.77225954,-1.3394934163818868,0.8392332103049608,0.1918533040229428
15.77701433,-1.5146710487529973,1.0452275744168715,0.21660530309306125
15.78176907,-1.6807749470736437,1.237406166185709,0.23778563542993378
15.78652381,-1.8361232890020394,1.4142540133123953,0.25493574105987094
15.79127854,-1.979113735541681,1.5745344941061519,0.2676357980714785
15.79603334,-2.1082589053205942,1.7173030397881968,0.2755127112091714
15.80078808,-2.222220533523042,1.8419156699902839,0.2782475338891233
15.80554282,-2.3198414042551057,1.9480322280518805,0.2755821911167534
15.81029756,-2.400174178404,2.0356142612898043,0.26732539520220966
15.81505235,-2.462506297136801,2.1049175756993086,0.2533576730986115
15.81980709,-2.5063802249140736,2.1564795848708287,0.2336354487063819
15.82456183,-2.531608405571271,2.1911016685853597,0.2081941392709643
15.82931662,-2.538282439354423,2.209826856024025,0.1771502270057161
15.83407136,-2.5267761442557344,2.213913249579334,0.1407022543839917
15.8388261,-2.4977423356530633,2.204803704904319,0.09913066911726286
15.84358084,-2.4521033359861084,2.184092377233733,0.05279642278373091
15.84833558,-2.3910354015968585,2.153488828821668,0.0021382171354806445
15.85309037,-2.315947418093163,2.1147804633674983,-0.05233169714953706
15.85784511,-2.2284543622518043,2.069794106794878,-0.1100332309331118
15.86259985,-2.1303461543683997,2.020357586279901,-0.17032568538815246
15.86735464,-2.0235526297345694,1.9682621679194379,-0.23251644287306344
15.87210938,-1.9101054428181068,1.915226695663615,-0.2958709908894868
15.87686412,-1.792097784009141,1.862864229314335,-0.359624073627495
15.88161886,-1.6716428366655005,1.8126519084143726,-0.42299169106994283
15.88637365,-1.5508319303076683,1.7659046743297457,-0.48518360271961103
15.89112839,-1.431693351446301,1.7237533689234323,-0.5454159536022718
15.89588313,-1.3161527536737725,1.6871276000400461,-0.6029236335388036
15.90063787,-1.2059960621120283,1.6567436266918645,-0.656972009761691
15.90539266,-1.1028356960945154,1.63309737498239,-0.7068677338449034
15.9101474,-1.008080842459862,1.6164625539365436,-0.7519684067669411
15.91490214,-0.92291240430964,1.6068937037869027,-0.7916909765043242
15.91965688,-0.8482631289273578,1.604233884285356,-0.8255188251067488
15.92441167,-0.7848032849891409,1.6081266038937447,-0.8530075640346764
15.92916641,-0.7329321157592642,1.6180315071551556,-0.87378959216707
15.93392115,-0.6927751479201315,1.6332432788281617,-0.8875774831197504
15.93867589,-0.6641872952188252,1.6529131881519903,-0.894166266280336
15.94343068,-0.6467615727433695,1.6760726820262974,-0.8934346606693174
15.94818542,-0.6398431360289585,1.7016584385997988,-0.8853453220099581
15.95294016,-0.6425482744311938,1.7285383090343782,-0.8699441746594612
15.9576949,-0.6537879095698941,1.7555376006893224,-0.847358916261379
15.96244969,-0.6722950700228677,1.781465185192684,-0.8177967933396112
15.96720443,-0.6966557360670734,1.8051389466171013,-0.7815417412178484
15.97195917,-0.725342384387073,1.8254101174315616,-0.7389509603482253
15.97671391,-0.7567495225164516,1.8411860844822685,-0.6904509711911504
15.9814687,-0.7892304879221795,1.8514512862217403,-0.6365331626312053
15.98622344,-0.8211347895971999,1.8552858672780883,-0.5777488318974149
15.99097818,-0.8508452799187413,1.8518818074125085,-0.5147037064310309
15.99573292,-0.8768144536970092,1.8405562981680548,-0.44805193395707665
16.00048771,-0.8975991785653379,1.8207622008623672,-0.3784895210155096
16.00524245,-0.9118931703450697,1.7920954825098194,-0.3067471933456127
16.00999719,-0.9185565448795906,1.7542995898373501,-0.23358265032391481
16.01475193,-0.9166418088940032,1.707266783538067,-0.15977219664978914
16.01950672,-0.9054156992119843,1.6510365132083835,-0.08610175874311049
16.02426146,-0.8843763434564872,1.5857909665584482,-0.013357326169495384
16.0290162,-0.8532652974585372,1.5118479736322163,0.05768510653980072
16.03377094,-0.8120741158042148,1.4296514876159923,0.126269989302339
16.03852573,-0.7610452309774467,1.3397598986255521,0.19167291928075067
16.04328047,-0.7006670490658166,1.2428324664124404,0.25321143320889966
16.04803521,-0.6316633093438697,1.1396141830038338,0.31025570231313404
16.05278995,-0.5549768941824963,1.0309193971415953,0.362238922199747
16.05754474,-0.4717484089425072,0.9176145486225625,0.40866717219014964
16.06229948,-0.38328997513096313,0.8006003715967468,0.4491285056403156
16.06705422,-0.291054792134559,0.6807939311039318,0.48330102807473113
16.07180896,-0.1966031221018181,0.5591108565358045,0.5109597261566946
16.07656375,-0.10156543795106075,0.4364481293314974,0.5319818283093174
16.08131849,-0.007603544807744676,0.313667770025561,0.5463505061101279
16.08607323,0.08362946094008578,0.19158175183033327,0.5541567623489387
16.09082797,0.17052949467289316,0.07093844455592199,0.5555993941298775
16.09558276,0.2515811312064499,-0.04758913564116394,0.5509829641727186
16.1003375,0.3253956824356512,-0.16341302786909007,0.5407137567988561
16.10509224,0.3907468138136596,-0.2760377732310034,0.5252937338773936
16.10984698,0.4466028531249896,-0.38506544062745546,0.5053125388517197
16.11460177,0.4921550103675376,-0.49019810935350344,0.4814376250118324
16.11935651,0.5268408123615472,-0.5912377336710772,0.45440261104445334
16.12411125,0.550362157392363,-0.6880833658083289,0.4249939972377666
16.12886599,0.5626975099969828,-0.7807257687964734,0.39403641328190336
16.13362078,0.5641078795077766,-0.8692395086381818,0.3623766149437612
16.13837552,0.5551363541032556,-0.9537726756550308,0.3308665007345333
16.14313026,0.5366010922236566,-1.0345344465975643,0.30034547640803794
16.147885,0.509581804641469,-1.1117807612330304,0.2716225469918786
16.15263974,0.475399894226701,-1.185798448257518,0.24545855412573975
16.15739454,0.4355925577188351,-1.2568881935685396,0.22254899355588675
16.16214927,0.39188129428939317,-1.3253467967055923,0.20350784079835785
16.16690401,0.34613540650501806,-1.391449205593924,0.18885278486207574
16.17165875,0.30033121532535656,-1.4554308522406931,0.1789922277118926
16.17641355,0.2565078355748607,-1.5174708296734913,0.17421435930846382
16.18116829,0.2167204655062317,-1.5776764511480899,0.17467857055790556
16.18592302,0.18299222843502833,-1.6360697157114394,0.18040942114153366
16.19067776,0.15726566300334127,-1.692576169732478,0.19129333486424688
16.19543256,0.14135499100700905,-1.7470166026675493,0.2070781505880132
16.2001873,0.13690029898483969,-1.7991019483078892,0.22737561201891943
16.20494204,0.1453247524440748,-1.8484316820464113,0.25166683454848465
16.20969677,0.16779591819192052,-1.89449591308407,0.2793107397498138
16.21445157,0.20519219768122418,-1.936681271397423,0.3095553937589474
16.2192063,0.2580752697805238,-1.9742805865103703,0.34155212137945173
16.22396104,0.32666930441341757,-2.006506252267788,0.37437219395435706
16.22871579,0.41084754170667165,-2.032507071714599,0.4070258107040945
16.23347058,0.5101266400431377,-2.0513882807160924,0.43848301743119383
16.23822532,0.6236689878056403,-2.0622343591989716,0.46769614013151223
16.24298006,0.7502929553431633,-2.064134155286252,0.4936232591024822
16.2477348,0.8884908436908214,-2.0562077703231516,0.5152522137473501
16.25248959,1.0364540729866571,-2.037634582388885,0.5316246085902319
16.25724433,1.1921049549450229,-2.0076817236077957,0.5418592840423219
16.26199907,1.3531342189034175,-1.9657322744003527,0.5451747177853044
16.2667538,1.5170433178889262,-1.911312398504854,0.5409098322342429
16.27150854,1.6811904361386516,-1.8441166195138312,0.5285427006508779
16.27626334,1.8428390562003452,-1.7640304362763901,0.507706671230771
16.28101808,1.9992079227826787,-1.6711494939781308,0.4782034676033036
16.28577282,2.147521259959557,-1.5657945728365499,0.4400128773946718
16.29052756,2.285058154277135,-1.4485217296860695,0.39329870739055245
16.29528235,2.4092001034654142,-1.3201270312109914,0.33841076187576014
16.30003709,2.517475842549756,-1.1816454516732273,0.2758826868503558
16.30479183,2.6076026894082807,-1.0343436706993183,0.2064256151962812
16.30954657,2.6775237930873454,-0.8797066931252564,0.13091764612132792
16.31430136,2.725440812937621,-0.7194184152566058,0.05038929596740971
16.3190561,2.74984169722476,-0.555336470018628,-0.033994835042169325
16.32381084,2.74952335924984,-0.38946188566630835,-0.12095782775652723
16.32856558,2.7236091616101334,-0.2239042769742513,-0.20913518482839777
16.33332032,2.6715612117510132,-0.060843443144726325,-0.2971019969090648
16.33807511,2.5931875438302976,0.09751163552856333,-0.3834019037225649
16.34282985,2.488644315093333,0.24896533507188856,-0.466577158037002
16.34758459,2.358433183241491,0.39137836091842876,-0.545199062391305
16.35233933,2.2033940594874486,0.5227100684758885,-0.6178980368186107
16.35709407,2.024693455297026,0.6410590893827148,-0.6833925916907648
16.36184886,1.8238086641492433,0.7447012976675134,-0.7405165203493795
16.3666036,1.6025080468390998,0.8321242491428555,-0.7882436842247812
16.37135834,1.3628277215980735,0.9020573442437835,-0.8257098289781101
16.37611308,1.1070449976375882,0.9534970952736403,-0.8522309357496292
16.38086787,0.8376489294933187,0.9857270206856352,-0.867317674620682
16.38562261,0.5573084057408263,0.998331838522988,-0.8706855928246477
16.39037735,0.26883821563827204,0.9912057843153415,-0.8622607474386422
16.39513209,-0.02483644128292677,0.9645550300338875,-0.842180589882193
16.39988683,-0.3207165250771575,0.918894323558955,-0.8107900308307633
16.40464162,-0.615766321676517,0.8550380958828183,-0.7686327553262342
16.40939636,-0.9069507214213742,0.7740863905622569,-0.7164380094181174
16.4141511,-1.1912721261876582,0.6774060535401516,-0.655103229424619
16.41890584,-1.4658065029979457,0.5666076805383848,-0.5856730211823198
16.42366063,-1.7277381058651604,0.4435188549247441,-0.5093151106694355
16.42841537,-1.9743923969194268,0.31015422381092184,-0.4272939744956345
16.43317011,-2.2032667167560414,0.16868295749739748,-0.34094291810096317
16.43792485,-2.412058286507817,0.021394120908215877,-0.25163540211511215
16.44267964,-2.598689173120263,-0.1293395408218912,-0.16075642368511173
16.44743438,-2.7613279150770644,-0.28109893266657937,-0.0696747382985657
16.45218912,-2.898407586032922,-0.4314566188566834,0.02028334402366306
16.45694386,-3.0086401633838684,-0.578015101334261,0.1078579382668637
16.4616986,-3.091027160364889,-0.7184449740198321,0.1918768046409079
16.46645339,-3.1448665655815233,-0.8505225587336561,0.2712734135700598
16.47120813,-3.169756206474291,-0.9721666086368688,0.3451016114049115
16.47596287,-3.165593710604377,-1.0814736268795588,0.41254679254992094
16.48071761,-3.132573282382291,-1.1767512968501719,0.47293361573025805
16.4854724,-3.0711795461678397,-1.2565494644352357,0.525730402728455
16.49022714,-2.9821787312152583,-1.3196880623138638,0.5705504187940704
16.49498188,-2.8666074873819936,-1.3652813316292938,0.6071502565492761
16.49973662,-2.7257596166489724,-1.3927576851627508,0.635425543178626
16.50449136,-2.5611709777751988,-1.4018745725193207,0.65540418606165
16.5092461,-2.374602767870673,-1.3927277526774018,0.6672373859294269
16.51400089,-2.1680233102784623,-1.365754451833131,0.6711886898372482
16.51875563,-1.943588393030218,-1.321729984207396,0.6676214252244046
16.52351037,-1.7036201181063357,-1.2617575403934562,0.6569849361404655
16.52826511,-1.4505841502346113,-1.1872510015768372,0.6398001133491076
16.53301985,-1.187065205910654,-1.0999108164283902,0.6166447525841074
16.53777464,-0.9157406093540146,-1.0016931759376093,0.5881392761637233
16.54252938,-0.6393517715446867,-0.8947729328109191,0.5549333064738501
16.54728412,-0.3606735265377,-0.7815009272873773,0.5176934878252922
16.55203886,-0.08248138387267646,-0.6643565894356153,0.4770928258336325
16.55679365,0.19248308344439247,-0.545896876532142,0.4338016662985788
16.56154839,0.461548315989493,-0.4287027597019994,0.3884802867452046
16.56630313,0.7221497299956348,-0.3153245850155163,0.3417729409129422
16.57105787,0.97186681960954,-0.20822769302853908,0.2943030935887742
16.57581261,1.2084595182562161,-0.1097396846982511,0.24666951905358456
16.5805674,1.429902840334646,-0.022000672613798053,0.19944291462348995
16.58532214,1.6344187734364848,0.053082240293782855,0.1531627008052397
16.59007688,1.8205043935697218,0.11387514971470362,0.10833373743644766
16.59483162,1.9869552356702056,0.15905127103009056,0.06542277309256467
16.59958636,2.132883069139589,0.18761784890526056,0.024854551525649263
16.60434115,2.257727398070224,0.1989355173230739,-0.012992389967395929
16.60909589,2.361260217248272,0.19272978256609588,-0.04779009350225381
16.61385063,2.4435837917670082,0.16909451005027454,-0.07926550700828927
16.61860537,2.505121470426846,0.1284874959553415,-0.10720449308480105
16.62336016,2.546601771195019,0.07171839115278944,-0.13145522711339633
16.6281149,2.5690361753409205,-7.058614581427429e-05,-0.15193069898557443
16.63286964,2.5736912277929935,-0.08543056441665738,-0.16861006584913873
16.63762438,2.562055665207146,-0.18263784946077563,-0.1815386554909023
16.64237912,2.5358033856215,-0.28973085959982825,-0.1908264842312443
16.64713391,2.496753140669657,-0.4045512745550332,-0.1966452225935102
16.65188865,2.446825877476268,-0.5247884505141395,-0.19922361061818028
16.65664339,2.3880006843299704,-0.6480261184379477,-0.19884138840002805
16.66139813,2.3222703018884863,-0.7717903675502672,-0.19582186454627487
16.66615287,2.2515971491253173,-0.8935979205009239,-0.1905232962963447
16.67090761,2.1778707800951564,-1.0110037300058607,-0.183329301106487
16.6756624,2.1028676349281494,-1.1216469675717236,-0.17463856006769313
16.68041714,2.028213878709311,-1.2232945315988937,-0.16485410561118202
16.68517188,1.955352038241627,-1.3138812729365135,-0.15437250580560044
16.68992662,1.885512052645944,-1.3915462188566223,-0.14357326373065885
16.69468141,1.8196872530272725,-1.4546641692227837,-0.13280874548196892
16.69943615,1.7586156824500516,-1.5018721391552958,-0.12239493912552023
16.70419089,1.7027670626259597,-1.532090228993764,-0.11260333239491185
16.70894563,1.6523356093171024,-1.544536613738115,-0.1036541775853415
16.71370037,1.6072387953640601,-1.5387364596227555,-0.09571138291852598
16.71845511,1.5671220596576565,-1.5145246940123838,-0.08887922587538123
16.7232099,1.5313693638652501,-1.4720426749216855,-0.08320102438974922
16.72796464,1.499119407878608,-1.4117289263109054,-0.07865982941659676
16.73271938,1.4692872311848304,-1.3343042227016435,-0.07518112328145546
16.73747412,1.4405908518850377,-1.2407514189042987,-0.07263742953150928
16.74222886,1.411582528408589,-1.1322905244626942,-0.07085466834453401
16.74698365,1.3806841699490746,-1.0103496142608877,-0.0696200317538208
16.75173839,1.3462263667006362,-0.8765322437803807,-0.06869110723565294
16.75649313,1.306490454027643,-0.7325820986419546,-0.06780594597088799
16.76124787,1.2597529581980649,-0.580345654134852,-0.06669375085119016
16.76600261,1.2043316882167927,-0.4217336534481125,-0.06508584635928225
16.7707574,1.1386326345489644,-0.2586822353431088,-0.06272658588933526
16.77551214,1.0611967123594448,-0.09311455402883857,-0.05938385057036827
16.78026688,0.9707452527733639,0.07309626488954757,-0.05485879643053767
16.78502162,0.8662230171548597,0.23816200127690873,-0.04899451475419643
16.78977636,0.7468374095558461,0.40041124985795234,-0.04168328795979849
16.79453115,0.6120925158219401,0.5583176148264539,-0.032872157259878736
16.79928589,0.4618166237950586,0.7105235206755776,-0.022566575230267467
16.80404063,0.29618198755384273,0.8558590761954111,-0.010831998053675386
16.80879537,0.11571578975913238,0.9933555640039103,0.0022066265015241917
16.81355011,-0.078698477568214,1.1222532936001979,0.01636741005511826
16.8183049,-0.2858296649121918,1.2420037494845855,0.031415946734328695
16.82305964,-0.5041177267445235,1.3522661801191953,0.04707136323775796
16.82781438,-0.731702269675225,1.452898995485353,0.06301370507876745
16.83256912,-0.9664601596406951,1.543946553076556,0.07889235594489823
16.83732386,-1.206051072903374,1.6256220940105837,0.09433519957035041
16.8420786,-1.4479695280311564,1.698287722672029,0.10895825757347997
16.84683339,-1.6896016516491787,1.7624323897819514,0.12237556012877031
16.85158813,-1.9282847298251096,1.8186488337796851,0.13420902174991758
16.85634287,-2.161367492152468,1.8676103631643126,0.14409810025715472
16.86109761,-2.386269069970862,1.9100482359534423,0.15170901585450758
16.86585235,-2.600534658901121,1.9467302294365165,0.15674330372530815
16.87060714,-2.801886090066979,1.9784408129184197,0.158945472151641
16.87536188,-2.988265763677579,2.0059631563228595,0.1581095421939647
16.88011662,-3.157872711963056,2.030063044394344,0.1540842569050319
16.88487136,-3.309189923310332,2.051474632474399,0.14677677134187286
16.8896261,-3.441002460185029,2.0708878839192417,0.13615467528605632
16.89438084,-3.5524063188028046,2.088937475485257,0.1222462653646561
16.89913563,-3.6428083809855174,2.106192945975195,0.10513907382153699
16.90389037,-3.7119181673231854,2.123149892194128,0.08497676833961991
16.90864511,-3.759732387227959,2.1402220785821116,0.0619546414310346
16.91339985,-3.786513476060372,2.1577344133951164,0.036313986409494375
16.91815459,-3.7927634064252316,2.1759168429359432,0.008335694162645551
16.92290933,-3.7791940699254045,2.1948993121592046,-0.021666601857441462
16.92766412,-3.746695469626263,2.2147080204073655,-0.05335354624571414
16.93241886,-3.696302869182096,2.2352632519567996,-0.0863670211586354
16.9371736,-3.629163934371426,2.2563790737926923,-0.12033687930293506
16.94192834,-3.5465067893908557,2.2777651657610827,-0.15488733560926635
16.94668308,-3.4496097973602993,2.2990309859700346,-0.18964293647588226
16.95143787,-3.3397737607720073,2.3196923863852392,-0.22423404238409084
16.95619261,-3.218297120743618,2.33918069049751,-0.258301765425669
16.96094735,-3.0864546126421097,2.3568541363193733,-0.2915023060518843
16.96570209,-2.945479709710392,2.3720114819815588,-0.32351064076111863
16.97045683,-2.7965510558406357,2.3839074748692277,-0.3540235290471247
16.97521157,-2.640782954056522,2.3917698044179523,-0.3827618340534807
16.97996636,-2.4792198406588155,2.3948170976819343,-0.4094721833092259
16.9847211,-2.3128345414193054,2.392277477875125,-0.4339280275857718
16.98947584,-2.1425299836274645,2.38340718933136,-0.45593018131563684
16.99423058,-1.9691439349347646,2.3675087958963594,-0.47530694317509753
16.99898532,-1.7934562636237834,2.343948480715418,-0.49191389925936346
17.00374011,-1.6161981683018987,2.3121720105473584,-0.5056335053043477
17.00849485,-1.4380628069657195,2.2717189742679573,-0.5163745316174303
17.01324959,-1.2597167610134503,2.222234960708297,-0.5240714376036795
17.01800433,-1.0818117921434407,2.1634814033231007,-0.5286837236433767
17.02275907,-0.9049963823686145,2.0953428866108545,-0.5301952872175185
17.0275138,-0.7299265843447478,2.0178317802254595,-0.5286137883311954
17.03226854,-0.5572757472170355,1.931090140030771,-0.5239700082340746
17.03702334,-0.3877427196830109,1.835388889518637,-0.5163171679594246
17.04177808,-0.22205816536243203,1.7311243680815134,-0.5057301622444931
17.04653282,-0.06098865585848521,1.6188124019682675,-0.4923046621941218
17.05128756,0.09466176355063873,1.4990801162086484,-0.4761560475726557
17.0560423,0.24405280718842787,1.372655758099388,-0.45741814613609316
17.06079704,0.38631220962734975,1.2403568421774085,-0.4362417800652488
17.06555183,0.5205431835983092,1.1030769512214995,-0.4127931429878148
17.07030657,0.6458351670496656,0.9617715374565777,-0.38725204823152354
17.07506131,0.7612778518379539,0.8174430638169394,-0.3598100936984245
17.07981604,0.865978366672034,0.6711258086346807,-0.33066877938669975
17.08457078,0.9590813505373912,0.5238706306520651,-0.30003759421655174
17.08932558,1.039791506435747,0.3767299575117072,-0.2681320667286207
17.09408032,1.1073980773241274,0.23074322305848907,-0.23517175546468552
17.09883506,1.16130054596261,0.0869229401774646,-0.20137814218439737
17.1035898,1.2010347372475934,-0.053758440623892054,-0.16697238557803204
17.10834454,1.2262984042517282,-0.19038076883069976,-0.13217289643281296
17.11309927,1.236975315616551,-0.32208743588026073,-0.09719270951815247
17.11785407,1.2331568386603649,-0.4480955490930633,-0.0622366536125385
17.12260881,1.21516003331822,-0.5677049779545674,-0.02749835700097375
17.12736354,1.1835413370882246,-0.6803062197500271,0.006842833336921322
17.13211828,1.1391050276493342,-0.7853870330871018,0.040624900653105665
17.13687302,1.0829057926458805,-0.8825377857364034,0.0737060239399687
17.14162776,1.0162449088090058,-0.9714554592527885,0.10596708688801118
17.1463825,0.9406597276849556,-1.0519462488193243,0.13731365115884156
17.1511373,0.8579063748134893,-1.1239266943158506,0.1676772252043317
17.15589204,0.7699357854170047,-1.1874232792836674,0.19701568268111883
17.16064677,0.678863415350726,-1.2425704396819681,0.22531271291211283
17.16540151,0.5869331745499747,-1.2896069351918433,0.25257621444990797
17.17015625,0.49647632469266356,-1.3288705527976037,0.2788355707911903
17.17491099,0.40986625604116894,-1.360791135402171,0.3041377779995321
17.17966578,0.3294702033055265,-1.3858819568007146,0.3285424324669877
17.18442052,0.2575990711266786,-1.4047294973936533,0.3521156374582314
17.18917526,0.19645661316030957,-1.4179817110344135,0.37492295038853823
17.19393,0.1480892441905035,-1.4263349107929884,0.3970215654213531
17.19868474,0.11433776396520609,-1.430519439015302,0.41845200070779076
17.20343948,0.0967922380372305,-1.4312843242773918,0.43922962816541616
17.20819422,0.09675121908648013,-1.4293811644902925,0.45933643904576593
17.21294901,0.11518640548040873,-1.4255475115644478,0.478713475019301
17.21770375,0.15271372366886032,-1.4204900688067719,0.49725436685117164
17.22245849,0.2095716866655096,-1.4148680474062563,0.5148004061293039
17.22721323,0.28560772038354454,-1.4092770620243482,0.531137527603222
17.23196797,0.3802729617783298,-1.404233975766221,0.5459955031825168
17.23672271,0.4926258194206056,-1.4001631289595877,0.5590495519428236
17.2414775,0.6213443540982383,-1.3973844008446612,0.5699244654992283
17.24623224,0.7647472930357562,-1.3961035546871738,0.5782012459920193
17.25098698,0.920823245808248,-1.3964053011510105,0.5834261614282267
17.25574172,1.087267451928185,-1.3982494786685513,0.5851220416499925
17.26049646,1.2615251678004675,-1.401470690574944,0.5828015656586072
17.2652512,1.440840602749926,-1.4057816558299416,0.5759822243005452
17.27000599,1.6223101488131881,-1.4107804240948136,0.5642025789376877
17.27476073,1.8029385251814012,-1.4159614799413178,0.547039375973753
17.27951547,1.97969638230857,-1.420730620299324,0.5241250213489009
17.28427021,2.149577887088859,-1.4244233405429922,0.49516487412068344
17.28902495,2.309656840355583,-1.426326315283914,0.45995379120434876
17.29377969,2.4571399587750684,-1.4257014178626157,0.4183913512639895
17.29853443,2.5894160789651512,-1.421811595823685,0.3704952051571437
17.30328922,2.7041002040600097,-1.4139478160885424,0.3164120399730012
17.30804396,2.7990715031734728,-1.4014562196353633,0.2564256991689725
17.3127987,2.872504584048161,-1.383764585894185,0.19096206940519417
17.31755344,2.9228935808800482,-1.3604072042297035,0.12059042404149696
17.32230818,2.949068825228585,-1.3310472840126573,0.04602100333042253
17.32706292,2.950206090756411,-1.2954961039122448,-0.031901289264607384
17.33181766,2.9258286161565423,-1.2537282014278297,-0.11220708919678887
17.33657245,2.8758023104200596,-1.205892030170865,-0.19381657629309482
17.34132719,2.8003247268762474,-1.1523156586733905,-0.2755570767130398
17.34608193,2.6999085533015457,-1.093507243254483,-0.3561839412709646
17.35083667,2.575360499989964,-1.0301501710398284,-0.4344042657860879
17.35559141,2.42775657023668,-0.9630929303124297,-0.5089029065518572
17.36034615,2.258414762264922,-0.8933339177043558,-0.5783701378077789
17.36510094,2.0688662731353356,-0.822001530307573,-0.6415302047444247
17.36985568,1.8608262503620228,-0.7503300118719132,-0.6971699526989639
17.37461042,1.6361650650806712,-0.6796316235821733,-0.7441666690836596
17.37936516,1.396880963724523,-0.6112657908411446,-0.7815142673164259
17.3841199,1.1450747982711118,-0.5466059392235751,-0.8083469776067606
17.38887464,0.882927346507072,-0.48700477813939846,-0.8239597894914512
17.39362938,0.6126795251096212,-0.4337588236182409,-0.827825011572511
17.39838412,0.33661558413784803,-0.38807297596204243,-0.8196044665841451
17.40313891,0.05704916744814125,-0.3510259868065017,-0.7991570141995399
17.40789365,-0.22368805581143925,-0.3235376645128299,-0.7665412791254138
17.41264839,-0.5032556270950758,-0.30633867549346566,-0.7220136474689179
17.41740313,-0.7793119425845945,-0.2999437982667504,-0.6660217694688689
17.42215787,-1.0495209081333596,-0.30462947093952475,-0.5991939610346686
17.42691261,-1.3115582342534082,-0.3204164348039609,-0.5223250210028528
17.43166735,-1.5631179995575861,-0.3470582107751079,-0.436359068957885
17.43642214,-1.80192008942374,-0.38403604717961604,-0.3423700566198503
17.44117688,-2.025719077759771,-0.43056084505022985,-0.2415406150501172
17.44593162,-2.232315064216032,-0.4855824015328722,-0.13513987552883977
17.45068636,-2.419566906176574,-0.5478061170805609,-0.02450085286459923
17.4554411,-2.5854081936165945,-0.6157170940166629,0.08900208300298035
17.46019584,-2.7278662051331453,-0.6876113207574777,0.20397518739299678
17.46495058,-2.8450839546662534,-0.7616333966107788,0.31902637473345474
17.46970537,-2.9353452896230845,-0.835820016492562,0.4327849590854385
17.47446011,-2.9971028314984682,-0.9081482133238586,0.5439197970233597
17.47921485,-3.029008360672618,-0.9765871582758988,0.651155566808866
17.48396959,-3.0299450422786154,-1.0391521546950713,0.7532869606816035
17.48872433,-2.99906067846269,-1.093959338357284,0.849190624191338
17.49347907,-2.9358009666787392,-1.1392795204926338,0.9378347540664067
17.4982338,-2.8399415598509146,-1.173589584204931,1.018286363965131
17.5029886,-2.711617580104682,-1.195619870759427,1.0897163382554016
17.50774334,-2.5513491504538486,-1.2043960693046403,1.1514025048392338
17.51249808,-2.3600614919726146,-1.1992742500920404,1.2027310535594742
17.51725282,-2.139098195761529,-1.179967854008506,1.2431966923405395
17.52200756,-1.8902264217747755,-1.1465656658354642,1.2724019582215833
17.5267623,-1.6156329971546004,-1.099540049425458,1.2900560799301526
17.53151704,-1.317910676483702,-1.039745002824892,1.295973724398439
17.53627177,-1.0000341710761953,-0.9684038913905532,1.2900738602699484
17.54102657,-0.6653259351136309,-0.8870870262925814,1.2723788517207089
17.54578131,-0.31741209194983255,-0.7976795619149366,1.243013774318743
17.55053604,0.039830725839381804,-0.7023404753314586,1.202205839259496
17.55529078,0.4023364812413339,-0.6034536519291196,1.1502837364001262
17.56004552,0.7659173100717094,-0.5035723234435957,1.087676666078326
17.56480026,1.126335817504218,-0.4053582814935628,1.0149128239405292
17.569555,1.4793801222458813,-0.31151741780451386,0.9326171264266444
17.57430974,1.8209395318575998,-0.22473322116535094,0.8415080090714503
17.57906454,2.1470786701226547,-0.14759989227078288,0.7423931860770521
17.58381927,2.454107902514146,-0.0825567237968512,0.6361643182677763
17.58857401,2.7386480199955767,-0.031825337931580065,0.523790589344804
17.59332875,2.997687341191397,0.0026487187981526035,0.4063112315288621
17.59808349,3.2286296700505233,0.01924864876003883,0.28482706845149364
17.60283823,3.429331887197523,0.016732123174875383,0.16049115567350286
17.60759297,3.5981303403243596,-0.005730995870109211,0.03449859999375092
17.61234776,3.733855610887067,-0.048529780730457675,-0.09192436799400218
17.6171025,3.835835648189046,-0.11159285125358157,-0.21753200246265053
17.62185724,3.9038876554749944,-0.19437889885260023,-0.3410712715125905
17.62661198,3.9382994664746724,-0.2958773255366123,-0.4612946426882854
17.63136672,3.9398014499921135,-0.41461898618149906,-0.5769733453357971
17.63612146,3.9095302153313014,-0.5486968156500449,-0.6869110045196943
17.6408762,3.8489855588130366,-0.6957959286390267,-0.7899575092934207
17.64563094,3.759982192112751,-0.8532326015089924,-0.8850229453846399
17.65038568,3.644597830912763,-1.0180013821917044,-0.9710913930392802
17.65514047,3.505119204544009,-1.1868294258235157,-1.0472343675673046
17.65989521,3.34398748284772,-1.3562370191750754,-1.1126236649623837
17.66464995,3.16374451468434,-1.522603136050956,-1.1665433692379932
17.66940469,2.96698114174504,-1.68223475954806,-1.2084007821844405
17.67415943,2.7562886987449184,-1.831438617678176,-1.2377360488008982
17.67891417,2.534214642665383,-1.9665939098579392,-1.2542302700470997
17.68366891,2.3032230742158357,-2.0842245571383304,-1.2577119163368613
17.68842365,2.065660727864535,-2.181069492389996,-1.248161380001821
17.69317839,1.8237288161484937,-2.254149520551968,-1.2257135350225425
17.69793318,1.5794609234330976,-2.300829324891077,-1.1906582106596997
17.70268792,1.3347069582515059,-2.318873273511641,-1.1434385332053645
17.70744266,1.0911229963649403,-2.306493790894965,-1.0846471444135186
17.7121974,0.8501666832876335,-2.262391200852869,-1.015020360820951
17.71695214,0.613097719816969,-2.185784117385419,-0.9354303881447568
17.72170688,0.38098283186424126,-2.0764296545552865,-0.8468757421263096
17.72646162,0.15470453138185666,-1.9346329405552511,-0.7504700462612565
17.73121636,-0.0650270873788119,-1.761245649015399,-0.6474293764906588
17.73597115,-0.2776603000664305,-1.5576534967285751,-0.5390583066413118
17.74072589,-0.48278622987812275,-1.3257528964337306,-0.4267347830932835
17.74548063,-0.6801225880296344,-1.0679171917050716,-0.3118939307941981
17.75023537,-0.8694973456329177,-0.7869531338796938,-0.1960108730669791
17.75499011,-1.0508329124422973,-0.4860484832287343,-0.08058264183903403
17.75974485,-1.2241312863114473,-0.16871182270464688,0.032890731379171576
17.76449959,-1.389460513801181,0.1612941427626662,0.14292581836255802
17.76925433,-1.546942674177347,0.5000243700146109,0.24807591309658655
17.77400907,-1.6967434723362254,0.8434267849365114,0.3469514288522928
17.77876386,-1.8390634061526265,1.1874194596596872,0.4382402793167948
17.7835186,-1.974130365141909,1.5279679494379816,0.520727906559306
17.78827334,-2.1021934256473447,1.8611610623715766,0.593316592147872
17.79302808,-2.2235175389441744,2.1832833600489634,0.6550436763174572
17.79778282,-2.3383787672401715,2.4908827532135254,0.7050983098198195
17.80253756,-2.447059709915297,2.780831661876467,0.7428363703378629
17.8072923,-2.549844776444399,3.050380351207306,0.7677931870474445
17.81204704,-2.647014999114175,3.2972012301211158,0.7796937299682387
17.81680183,-2.7388421331168797,3.5194231057308563,0.7784599332808202
17.82155657,-2.825581859675267,3.7156546204091283,0.764214835715694
17.8263113,-2.907465986732437,3.884996355107266,0.737283243054974
17.83106604,-2.9846936304273632,4.027041357850837,0.6981886568605402
17.83582079,-3.057421459333257,4.141864144008802,0.6476462780999976
17.84057552,-3.125753192412319,4.22999850836083,0.5865519896820114
17.84533026,-3.1897286591214153,4.292404781330933,0.5159673489071129
17.850085,-3.249312850770395,4.330427446414564,0.4371007747202371
17.85483974,-3.3043855060835106,4.345744306355381,0.3512852845317064
17.85959448,-3.3547318667690043,4.340308635146852,0.2599533050104044
17.86434927,-3.400035294943487,4.316285973344016,0.16460923071632222
17.86910401,-3.4398724497073667,4.275987405501904,0.06680051311887747
17.87385875,-3.473711666738273,4.221801288613554,-0.03191188555844497
17.87861349,-3.5009150722276203,4.156125465195118,-0.12998284902435792
17.88336823,-3.520744800087085,4.081301980640351,-0.22591151097265508
17.88812297,-3.532373487305476,3.9995562232334727,-0.318268034410596
17.89287771,-3.534899020260121,3.912942218254039,-0.4057181905511008
17.89763245,-3.5273633175245083,3.8232955477460697,-0.48704524848327496
17.90238719,-3.5087747779641263,3.7321950558101658,-0.5611687647906026
17.90714198,-3.4781339018917174,3.640934159456045,-0.6271599426154418
17.91189672,-3.434461503903767,3.5505022384256195,-0.6842533239722074
17.91665146,-3.3768288708359537,3.461576239957251,-0.7318546907840859
17.9214062,-3.304389170340326,3.374522316901105,-0.7695451729674425
17.92616094,-3.2164093814312307,3.2894070272483664,-0.7970816839507869
17.93091568,-3.112301996165636,3.2060173658306206,-0.8143939122099358
17.93567042,-2.991655728938868,3.1238886794498097,-0.8215781808701335
17.94042516,-2.854264463209122,3.042339338291442,-0.8188885396881833
17.9451799,-2.700153661847275,2.9605109007058243,-0.8067254743213746
17.94993464,-2.5296034660976403,2.877412415247628,-0.7856226132116182
17.95468938,-2.343167712420308,2.7919674516067405,-0.7562317947023659
17.95944417,-2.1416881135529287,2.703062437670188,-0.719306838870795
17.96419891,-1.926302889807523,2.609594899530006,-0.6756863574509187
17.96895365,-1.6984492076437678,2.510520250955611,-0.6262759309956545
17.97370839,-1.4598588893240723,2.4048958554752558,-0.5720299799976312
17.97846313,-1.2125469991793538,2.291921185240967,-0.5139336503050227
17.98321787,-0.9587930839970775,2.17097302411477,-0.45298501879821673
17.98797261,-0.7011150403189362,2.041634805662617,-0.3901779013490519
17.99272735,-0.44223579194432205,1.9037193374709906,-0.32648551295444606
17.99748209,-0.18504317830680075,1.7572843386446402,-0.2628451940068283
18.00223683,0.06745632948683783,1.602640404333398,-0.20014438259274744
18.00699162,0.3121892609507913,1.440351205994493,-0.13920798430025502
18.01174636,0.5460711120281548,1.2712259349551087,-0.08078726795458213
18.0165011,0.7660654628326997,1.096304196059557,-0.02555039417686706
18.02125584,0.969244930525403,0.9168337543021164,0.02592534070002705
18.02601058,1.1528525430539844,0.7342417267026706,0.07315949231787164
18.03076532,1.3143620636594286,0.5500999903400621,0.11577266870085144
18.03552006,1.4515357833592386,0.3660857413748189,0.1534889604063986
18.0402748,1.5624783286177126,0.18393828490287967,0.1861366500138177
18.04502954,1.6456851021006573,0.005413257137658502,0.2136472739586336
18.04978427,1.7000840823626329,-0.16776442487511195,0.2360531204887613
18.05453901,1.725069849125441,-0.33394752936465505,0.25348324708953596
18.0592938,1.7205288698210885,-0.49161200964275387,0.2661580949210104
18.06404855,1.6868552760686262,-0.6393996689213957,0.27438277365183444
18.06880328,1.624956572212241,-0.7761566759319343,0.27853909282756123
18.07355802,1.5362489486072706,-0.9009667138810438,0.279076428028814
18.07831276,1.4226421156675215,-1.013177684186442,0.27650153131704835
18.0830675,1.2865138247915868,-1.1124210654691105,0.27136742311378326
18.08782224,1.1306744918510552,-1.1986232429233468,0.2642615318625826
18.09257698,0.9583225800784263,-1.2720083664093775,0.2557932728020699
18.09733172,0.7729916241250112,-1.333092558440012,0.24658127333169683
18.10208646,0.5784899785227624,-1.3826695656889196,0.23724045814682174
18.10684125,0.37883454561825863,-1.4217882195752785,0.22836920389802298
18.11159599,0.17817987547311548,-1.4517223328498052,0.22053676327682856
18.11635073,-0.019255870323797,-1.4739339000632572,0.21427114478065068
18.12110547,-0.20926654027815877,-1.4900306809794024,0.21004761971297237
18.12586021,-0.3877336334115637,-1.5017194193458474,0.208278015791929
18.13061495,-0.5507004190008988,-1.510756079168808,0.20930095062689813
18.13536969,-0.6944430641493832,-1.5188945637756834,0.21337315934593296
18.14012443,-0.8155374013358613,-1.5278354190836099,0.22066207568327406
18.14487917,-0.9109201003811381,-1.5391760129302694,0.23123982897640294
18.14963391,-0.9779431629625983,-1.5543636292762477,0.24507881613168447
18.15438865,-1.0144208261790248,-1.5746528223033176,0.2620489974859075
18.15914344,-1.0186681388783023,-1.6010682441517003,0.28191705225349745
18.16389818,-0.9895306560119767,-1.634373995060254,0.30434751632985885
18.16865292,-0.9264048793538835,-1.6750503504763683,0.32890601182190965
18.17340766,-0.8292492559482741,-1.7232785016851517,0.35506465837641793
18.1781624,-0.6985857270924368,-1.7789337112403067,0.38220972461638136
18.18291714,-0.5354919977612835,-1.8415870395890046,0.40965153047917974
18.18767188,-0.34158486478443195,-1.9105155527561604,0.436636549998774
18.19242662,-0.11899509647497393,-1.9847206803422295,0.4623615950990501
18.19718136,0.12966550811408228,-2.062954165311,0.48598989105151996
18.2019361,0.40134413880290903,-2.1437508386750532,0.5066687883424909
18.20669084,0.6925932412310777,-2.2254672694684237,0.5235487964034865
18.21144563,0.9996221322370269,-2.3063251886553604,0.5358035734732736
18.21620037,1.3183530185141945,-2.384458468665202,0.542650465264217
18.22095511,1.6444804468874226,-2.457962360311539,0.5433711541635198
18.22570985,1.9735332075062966,-2.5249436471840077,0.5373319596394766
18.23046459,2.3009377240948354,-2.583570375087833,0.524003316338964
18.23521933,2.622081998128092,-2.632119851406231,0.502977945606397
18.23997407,2.9323792250991656,-2.6690236859925207,0.47398722781976077
18.2447288,3.227330268174301,-2.6929087588081893,0.4369152800722977
18.24948354,3.502584253583614,-2.7026331448251875,0.39181025231893607
18.25423828,3.753996637959612,-2.697316196548414,0.33889238117382675
18.25899302,3.9776841845539836,-2.6763621709900787,0.27855838783816406
18.26374776,4.170076366943357,-2.6394769832339144,0.2113818763031941
18.26850256,4.327962790647803,-2.5866778652048694,0.13810947928521958
18.2732573,4.4485362817605125,-2.518295898238414,0.059652610026577416
18.27801204,4.529431335739602,-2.434971564141539,-0.022925195850483797
18.28276677,4.5687576495755,-2.337643615327861,-0.1084252283006619
18.28752151,4.56512847948139,-2.22753169579477,-0.19553458079772712
18.29227625,4.517683578477504,-2.1061132489779095,-0.28285076089428113
18.29703099,4.426106478360769,-1.9750953259557427,-0.3689094054845955
18.30178573,4.290635892163736,-1.8363819600909148,-0.4522144528065422
18.30654047,4.112071028663275,-1.6920378053277143,-0.5312700165186548
18.31129521,3.8917706314959633,-1.5442487491289032,-0.6046131177295755
18.31604995,3.6316455834335533,-1.395280211930378,-0.6708463650287129
18.32080469,3.3341449524057123,-1.2474338378334955,-0.7286696389466696
18.32555943,3.0022354003769625,-1.103003271212002,-0.7769098441237771
18.33031422,2.6393739293774328,-0.9642297061261431,-0.814547844259956
18.33506896,2.2494740011345553,-0.8332578940756068,-0.8407417901341163
18.3398237,1.836865138139698,-0.7120933028721655,-0.8548461825272798
18.34457844,1.4062461946529792,-0.6025611349549836,-0.8564261695373441
18.34933318,0.9626325759260754,-0.5062679344440646,-0.8452667509039854
18.35408792,0.5112977825083145,-0.4245665334660562,-0.8213767412944164
18.35884266,0.05770976322990142,-0.35852510292195805,-0.7849875224414395
18.3635974,-0.39253732620251547,-0.30890107338846207,-0.7365467838996403
18.36835214,-0.8337952448460269,-0.27612067130988954,-0.6767076073816307
18.37310688,-1.2604368371668577,-0.2602647685524243,-0.6063133834873083
18.37786162,-1.6669333096383623,-0.2610616661660514,-0.5263791561083712
18.38261641,-2.0479325692452566,-0.2778873241919327,-0.4380700644765102
18.38737115,-2.3983374945380653,-0.30977340863267044,-0.34267759376037416
18.39212589,-2.713382943409425,-0.35542335590211777,-0.24159435303025178
18.39688063,-2.9887102555100347,-0.413236457530509,-0.13628807728863965
18.40163537,-3.220437981540128,-0.48133974881801495,-0.02827550240916935
18.40639011,-3.4052275667552263,-0.5576272514400836,0.08090330704870968
18.41114485,-3.5403427325225096,-0.6398058801065923,0.1897096823302675
18.41589959,-3.623701338783447,-0.7254470869615974,0.2966297290776989
18.42065433,-3.6539185732829718,-0.8120430953118554,0.40019606485595716
18.42540907,-3.6303404018160563,-0.8970663777692537,0.499007724386623
18.4301638,-3.553066328385879,-0.9780308735839378,0.5917481400088093
18.43491855,-3.422960655155183,-1.0525533249374475,0.6772011918899805
18.43967328,-3.241651598799288,-1.1184130495390314,0.7542653912956071
18.44442802,-3.0115178111360055,-1.1736084620377116,0.8219663051973887
18.44918276,-2.735662065838131,-1.2164087116657445,0.87946734788229
18.45393756,-2.417872106945929,-1.2453989172467927,0.9260790539497801
18.4586923,-2.062568905209057,-1.2595176496664722,0.961266909469606
18.46344704,-1.6747428303895162,-1.258085530353409,0.9846577600094232
18.46820177,-1.2598785158717887,-1.240824074354986,0.9960447445768992
18.47295651,-0.8238694598480601,-1.2078641980333682,0.995390633752741
18.47771125,-0.3729236684606341,-1.1597441220668177,0.9828293890355694
18.48246599,0.08653810568665758,-1.0973967170838705,0.9586657179135186
18.48722073,0.547989747576784,-1.022126648888559,0.9233723819254103
18.49197547,1.0049108018492725,-0.9355779712171246,0.877585025876356
18.49673021,1.4508989796755862,-0.8396930767656688,0.8220943347515423
18.50148495,1.8797818703841171,-0.7366641446595059,0.757835387336497
18.50623969,2.285725500570787,-0.6288784095019713,0.6858741572322506
18.51099443,2.6633373627188424,-0.5188587202127611,0.6073912076451521
18.51574922,3.00776157659042,-0.4092009540662489,0.5236627309846486
18.52050396,3.3147639534431006,-0.3025099020493495,0.4360391925402739
18.5252587,3.580804906712434,-0.20133524644371018,0.3459219429149387
18.53001344,3.8030983917240664,-0.10810921202434848,0.25473825929966737
18.53476818,3.979655356967314,-0.02508739117947484,0.16391535464857512
18.53952292,4.109310543394876,0.045705875535199614,0.07485395223553443
18.54427766,4.191731866420424,0.1025263334982491,-0.011097940439707334
18.5490324,4.227412045831535,0.14395181163929563,-0.0926704095960507
18.55378714,4.217642598190408,0.16891653214539798,-0.16869552249138325
18.55854188,4.164470760328567,0.17673709476837987,-0.23812910902744192
18.56329662,4.0706403573756065,0.167129719263233,-0.3000698710538945
18.56805136,3.93951805087772,0.14021855020932505,-0.353775322209328
18.5728061,3.7750067884649394,0.09653504155156163,-0.3986741503903547
18.57756084,3.5814486128428196,0.03700863696832721,-0.4343747009692121
18.58231558,3.3635192622877077,-0.037050858537052575,-0.4606693958116384
18.58707037,3.1261171975976674,-0.12397866375732362,-0.4775350230661938
18.59182511,2.8742498158927656,-0.2217874783223846,-0.4851289481454465
18.59657985,2.6129196580558394,-0.3282062181170006,-0.4837814027792539
18.60133459,2.347013384529096,-0.4407241498867109,-0.4739841055635361
18.60608933,2.0811961848220113,-0.5566394816867781,-0.4563755552029519
18.61084407,1.819814101376141,-0.6731114210616458,-0.4317234172977651
18.6155988,1.5668064926829812,-0.7872146852551649,-0.40090449525627925
18.62035354,1.3256305418692769,-0.895995435251112,-0.3648828315272835
18.62510828,1.0991993472828416,-0.9965276060995875,-0.32468652224511685
18.62986302,0.8898347254934434,-1.0859686181293575,-0.2813838438414218
18.63461776,0.6992354302154623,-1.161613476104799,-0.23605928408170745
18.6393725,0.5284610583802503,-1.220946295619958,-0.18979004402129326
18.64412724,0.37793149117239755,-1.261688337968291,-0.14362353425206917
18.64888198,0.24744131597288627,-1.281841686476544,-0.09855633216805214
18.65363677,0.13618830624611286,-1.2797277589060965,-0.0555150013313917
18.65839151,0.042814710959761755,-1.2540199220987995,-0.01533910432645244
18.66314625,-0.03454016774862613,-1.2037695569806903,0.02123332844807874
18.66790099,-0.0981778435068586,-1.1284250153968196,0.05357767601790413
18.67265573,-0.15077084660424978,-1.0278430167496775,0.08119181052867629
18.67741047,-0.19528722871780643,-0.9022921537627415,0.10370230179788209
18.68216521,-0.23491136698751403,-0.7524483136850607,0.12086770993286698
18.68691995,-0.27296302646853604,-0.5793819732875439,0.13257898800903622
18.69167469,-0.31281654761007316,-0.38453749105721136,0.13885707490204102
18.69642943,-0.3578218830092603,-0.16970469474940786,0.13984781833275267
18.70118417,-0.41122902255022636,0.06301675748032591,0.13581442513579078
18.70593891,-0.4761171267923766,0.3112595836603933,0.12712768188843532
18.71069365,-0.5553294458259652,0.5724368173768531,0.11425421636578498
18.71544839,-0.6514148486964793,0.8437944772604831,0.09774307525372282
18.72020318,-0.7665765437359925,1.1224678088189628,0.0782108803951487
18.72495792,-0.9026283493476684,1.4055398033921305,0.05632580566233869
18.72971266,-1.0609586897372352,1.690100585532957,0.0327906020702352
18.7344674,-1.2425023444391738,1.9733061780855603,0.008324898606942613
18.73922214,-1.447719870108446,2.2524351111572987,-0.016352977355149432
18.74397688,-1.6765845295966608,2.5249413433079986,-0.04054438566577845
18.74873162,-1.9285764988390484,2.78850201471789,-0.06358864923503069
18.75348636,-2.2026840720924676,3.041058654555802,-0.08488085457808053
18.7582411,-2.49741155033321,3.2808506174695506,-0.10388875661746581
18.76299584,-2.810793478755544,3.506439723495016,-0.12016831382964392
18.76775058,-3.140414900473695,3.7167253150358985,-0.13337733920019024
18.77250532,-3.483437315984871,3.9109492143975624,-0.14328673917363755
18.77726006,-3.8366300784902583,4.088690354807958,-0.14978884029690778
18.78201485,-4.196407003781857,4.249849156920353,-0.15290237889084715
18.78676959,-4.558868012949826,4.394622024174892,-0.1527738502999642
18.79152433,-4.919845635970547,4.523466629851642,-0.14967506773892836
18.79627907,-5.274956167156393,4.637058963202283,-0.14399694511621947
18.8010338,-5.619655173245454,4.736243386999396,-0.13623967042780172
18.80578855,-5.949296919905677,4.82197722552586,-0.12699955928403947
18.81054328,-6.259197123356125,4.895271637685102,-0.11695296560033548
18.81529802,-6.544698277103014,4.957130719470198,-0.10683768275016131
18.82005276,-6.801236673924109,5.008490908761368,-0.09743230416834485
18.8248075,-7.024410157339414,5.050162821552984,-0.08953403922970492
18.82956224,-7.210045602407022,5.082777625342326,-0.08393550700309231
18.83431698,-7.354265140814181,5.106739951481389,-0.08140106073373293
18.83907177,-7.453550200165477,5.122189168388852,-0.08264322749121555
18.84382651,-7.504802507278651,5.128970590648698,-0.08829987385755647
18.84858125,-7.505401292936864,5.126617896938722,-0.09891272119348862
18.85333599,-7.45325601361757,5.114347685332834,-0.11490782412824807
18.85809073,-7.346853959513059,5.091066720604611,-0.1365785865824105
18.86284547,-7.1853021385997025,5.055392036949855,-0.1640718187286236
18.86760021,-6.96836281258831,5.005683662877205,-0.19737724110150517
18.87235495,-6.6964820197952735,4.940089344355656,-0.23632073099000228
18.87710969,-6.370810366277408,4.856600268209209,-0.2805614962916734
18.88186443,-5.99321531667361,4.753116439223278,-0.32959326415149365
18.88661917,-5.5662841858372385,4.627520048812821,-0.3827494884130119
18.89137391,-5.093317034195328,4.477754896519383,-0.43921250608949935
18.89612865,-4.578308713189895,4.301909693693518,-0.49802650157765516
18.90088344,-4.0259193987715935,4.098302897152835,-0.5581140643146901
18.90563818,-3.4414330948876635,3.865566595054362,-0.618296051595371
18.91039292,-2.8307037867226,3.6027269029489633,-0.6773143956961936
18.91514766,-2.2000891738473074,3.3092783294179817,-0.733857424330135
18.9199024,-1.5563722127859936,2.9852496409018054,-0.7865871949452491
18.92465714,-0.9066710412653766,2.631258895431524,-0.8341682764898588
18.92941188,-0.25833823452167215,2.2485555237209773,-0.8752973510495883
18.93416662,0.3811492549540373,1.8390476098226116,-0.9087329605525823
18.93892136,1.0043077176952195,1.4053128564304802,-0.9333246998773591
18.9436761,1.6037697264261435,0.9505921043215446,-0.9480411630371559
18.94843084,2.172410116468244,0.47876470308572655,-0.9519959826420005
18.95318558,2.703472167257907,-0.005694506401181591,-0.944471356001911
18.95794032,3.1906910770882972,-0.49777634468560134,-0.9249385112270743
18.96269511,3.6284117635787485,-0.9920158125196264,-0.8930746227611533
18.96744985,4.011698076005096,-1.4825866747505203,-0.8487757347881891
18.97220459,4.336430668487417,-1.9634102720976236,-0.7921652985445893
18.97695933,4.599391041997978,-2.4282761996245448,-0.7235979868714548
18.98171407,4.798329597824366,-2.870972000964471,-0.6436585271870021
18.9864688,4.932015932172141,-3.285418597880406,-0.55315539813511
18.99122354,5.000270020454724,-3.665807833300872,-0.45310936492835435
18.99597828,5.003973376816603,-4.00673827872118,-0.3447369794255235
19.00073302,4.945059722443788,-4.303345364852994,-0.2294293369657566
19.00548776,4.826485150360028,-4.551421950751459,-0.10872655371241385
19.0102425,4.65217822792258,-4.747525654908677,0.015711407830715386
19.0149973,4.426970921659799,-4.88906962582283,0.1421367966208157
19.01975204,4.156511652008476,-4.974393914536126,0.2687481388600696
19.02450677,3.847162178270852,-5.002815205716877,0.3937253674264181
19.02926151,3.5058803684811717,-4.974653339587926,0.5152650396598671
19.03401625,3.140091218025802,-4.891233782770957,0.6316146776278294
19.03877099,2.7575487397771643,-4.7548659480304245,0.7411053207352183
19.04352573,2.3661915539062988,-4.5687979874601785,0.8421814879178336
19.04828047,1.9739951534637754,-4.337149361182337,0.9334279023721105
19.05303521,1.5888239041250913,-4.064823091456354,1.0135925176427922
19.05778995,1.218285841099631,-3.757400135981629,1.0816055697497946
19.06254469,0.8695932428644315,-3.4210187472704665,1.136594536795699
19.06729943,0.5494317891041952,-3.06224202530941,1.1778949996942016
19.07205422,0.2638408605447468,-2.6879171187269484,1.2050574658918265
19.07680896,0.018107232238622116,-2.3050296862663524,1.217850253602615
19.0815637,-0.1833259274326977,-1.9205572956898087,1.2162585539416966
19.08631844,-0.33693319360883733,-1.5413254102028267,1.2004798112708863
19.09107318,-0.4401629570628108,-1.1738694914279666,1.1709156046355926
19.09582792,-0.4914745896357364,-0.8243065326554125,1.1281602833570181
19.10058266,-0.4903562212172691,-0.4982190300092324,1.072986702119606
19.1053374,-0.4373230091725341,-0.2005540106868308,1.0063294969722978
19.11009214,-0.3338961454934182,0.06446072012583834,0.929266419202319
19.11484688,-0.18256320981896304,0.2933814615093102,0.8429982779069055
19.11960162,0.013279167619234927,0.4835935184674039,0.7488280242852388
19.12435641,0.24939902746384107,0.6333355703859306,0.6481394461393506
19.12911115,0.5208175628259236,0.7417035099180265,0.5423758477873758
19.13386589,0.8219104500804137,0.8086342976624937,0.43301899268388155
19.13862063,1.1465198717098444,0.8348708924832143,0.32156850504306517
19.14337537,1.488074876385141,0.8219097912609055,0.20952187467684227
19.14813011,1.8397175813055684,0.7719331313462391,0.09835518594732376
19.15288485,2.1944326485670405,0.6877276605644198,-0.010495312531513503
19.15763959,2.5451774681520853,0.5725931521179629,-0.11565067879212552
19.16239433,2.885010556254505,0.4302430275803557,-0.21580567103408443
19.16714907,3.207215822561274,0.2647000470634384,-0.3097439513644358
19.17190386,3.5054205608540303,0.08018993261890421,-0.3963519953994649
19.1766586,3.7737052573351946,-0.1189642859347561,-0.474631611146854
19.18141334,4.006703572946392,-0.32844456583502324,-0.5437109776064342
19.18616808,4.1996911230484235,-0.5440343664072417,-0.6028541205586709
19.19092282,4.348661935853854,-0.761707231091026,-0.6514687490235104
19.19567756,4.450391708886194,-0.9777055859467452,-0.6891123761203002
19.2004323,4.502487193509469,-1.1886082265275904,-0.7154966358964114
19.20518704,4.503421219161739,-1.39138529320283,-0.7304896800968169
19.20994177,4.452553024899971,-1.5834398597590025,-0.7341165024113094
19.21469651,4.350133705715431,-1.7626355786703072,-0.7265570104978246
19.21945125,4.197296719579095,-1.9273101428084884,-0.7081416722632722
19.22420605,3.9960335563320215,-2.076274646342965,-0.6793446214021993
19.22896078,3.7491548591455395,-2.208799266856736,-0.6407742192606037
19.23371552,3.460237526452643,-2.324586051944854,-0.5931612142424482
19.23847026,3.1335586107777926,-2.4237299742036207,-0.5373447800694869
19.243225,2.774017161905481,-2.506669805892844,-0.47425681677227477
19.24797974,2.387045513303266,-2.5741307370248614,-0.40490494777285724
19.25273448,1.9785118504750754,-2.627060991118515,-0.33035464860447133
19.25748922,1.5546161919022854,-2.6665649533567604,-0.25171091630724357
19.26224396,1.1217821253520717,-2.6938354917979552,-0.1700998522671562
19.2669987,0.6865467528709246,-2.710088205752313,-0.08665049651770473
19.27175344,0.25545129747566553,-2.716500267246054,-0.0024772213851299574
19.27650823,-0.16506528533981718,-2.714156331315094,0.08133703439925
19.28126297,-0.5687675588573289,-2.704003685934916,0.16375643480230317
19.28601771,-0.9497178835916615,-2.6868184055274207,0.24380658469571626
19.29077245,-1.3023622507544468,-2.6631837799426163,0.3205873196713548
19.29552719,-1.6216066045485757,-2.6334817337382797,0.3932837373821822
19.30028193,-1.9028830087865387,-2.5978973523898703,0.46117525751732125
19.30503667,-2.142205421005552,-2.5564360206358123,0.523642489192333
19.30979141,-2.336215200198247,-2.508952084334197,0.5801716818788087
19.31454615,-2.482216764708457,-2.4551874023966387,0.6303565541645424
19.31930094,-2.5782040152277337,-2.3948176886040313,0.673897347938511
19.32405568,-2.622878235725004,-2.3275041785655213,0.7105970526522254
19.32881042,-2.6156581840451665,-2.2529479126268757,0.740354885044772
19.33356516,-2.5566829924739145,-2.170943811979683,0.7631572846557453
19.3383199,-2.446808331285131,-2.0814317458432434,0.7790668768575348
19.34307464,-2.287596066443126,-1.9845419382201288,0.7882100396829601
19.34782938,-2.081297395575357,-1.880632332830922,0.7907638628700313
19.35258412,-1.8308292104475068,-1.7703159090903586,0.7869433825169485
19.35733886,-1.5397432485009348,-1.6544764012166444,0.7769899912526717
19.3620936,-1.2121874960103478,-1.5342713937626182,0.7611618481025149
19.36684839,-0.8528593169411695,-1.411122323590953,0.7397269429807604
19.37160313,-0.46694991576293426,-1.286691482673732,0.7129592221853052
19.37635787,-0.06007999178307173,-1.162846661612888,0.6811378818777365
19.38111261,0.3617732198764518,-1.0416145777013919,0.6445496242089075
19.38586735,0.7923569405353448,-0.9251246753805895,0.6034933860207811
19.39062209,1.2252309046317211,-0.8155452569961659,0.5582868283880771
19.39537683,1.6538611556668608,-0.7150141875588136,0.5092737403405729
19.40013157,2.0717179560922685,-0.6255666123488719,0.4568314705830119
19.4048863,2.4723759551967746,-0.5490622283093043,0.4013775514751563
19.40964104,2.8496146047665696,-0.4871146609784154,0.34337480401456766
19.41439578,3.197516737033544,-0.44102542342402956,0.28333438900173635
19.41915058,3.510563222732624,-0.411724779944767,0.22181647350796502
19.42390532,3.7837217058877752,-0.3997216144778848,0.15942838880780497
19.42866006,4.012527561361759,-0.4050641218020244,0.09682034330799254
19.4334148,4.193155434415729,-0.42731280916164777,0.034678902461992296
19.43816954,4.322479987715585,-0.46552692739184165,-0.026281455749659708
19.44292427,4.398124783447405,-0.5182650544464913,-0.08532836018788285
19.44767901,4.418498544303388,-0.5836001405795206,-0.1417227988716694
19.45243375,4.382818344304201,-0.6591489032012884,-0.1947313028901083
19.45718849,4.291119561254772,-0.742115040720656,-0.24363881354975772
19.46194323,4.144252669034382,-0.8293453291433257,-0.2877620298163473
19.46669802,3.9438671617838126,-0.917397284083802,-0.3264630555289619
19.47145276,3.6923830920829266,-1.002616725716464,-0.35916315766546536
19.4762075,3.392950881840778,-1.081223286302456,-0.38535641012002186
19.48096224,3.0494002349543865,-1.14940165933805,-0.4046229426249953
19.48571698,2.6661791452021957,-1.2033962138442935,-0.4166414566183951
19.49047172,2.2482841443849497,-1.2396064916632143,-0.4212006232334237
19.49522646,1.801183062882714,-1.254681071851173,-0.41820895318778795
19.4999812,1.3307316661487048,-1.2456073241589751,-0.4077027291373011
19.50473594,0.8430855790438461,-1.2097946809443338,-0.38985161857911876
19.50949073,0.34460891421079554,-1.1451492291221825,-0.3649616370909413
19.51424547,-0.15821901461480636,-1.0501376538090814,-0.33347520337457703
19.51900021,-0.658897579834345,-0.9238388439886394,-0.295968114278683
19.52375495,-1.1509981000600598,-0.7659817876756393,-0.2531433640976588
19.52850969,-1.628255341646767,-0.5769687295217455,-0.20582183183419592
19.53326443,-2.084656226104226,-0.35788292776410613,-0.15492995687932065
19.53801917,-2.514524795038525,-0.1104807204217101,-0.10148461307804721
19.54277391,-2.9126025575483676,0.16283201634084155,-0.0465754703590912
19.54752865,-3.2741234021160848,0.4590385702293126,0.008654799886251625
19.55228339,-3.594882296623757,0.7745644595636909,0.06303206571955516
19.55703813,-3.87129702874654,1.1053437444387846,0.11537357124362764
19.56179287,-4.100462257998972,1.446897167320153,0.16451158920016337
19.56654766,-4.280195163651173,1.7944204486804345,0.2093173902984116
19.5713024,-4.409071983237216,2.1428808428022514,0.24872501812597725
19.57605714,-4.486454748587838,2.48711987957832,0.2817543539962886
19.58081188,-4.512507545200254,2.8219600814914103,0.3075329595310855
19.58556662,-4.488201652135243,3.1423133522635203,0.32531619640927173
19.59032136,-4.415308969874473,3.4432886864931276,0.3345051415718567
19.5950761,-4.296383219186705,3.72029684993937,0.3346618404939797
19.59983084,-4.134728501494215,3.969149730010573,0.32552146977238816
19.60458558,-3.934354956844381,4.186152156609007,0.30700101403222796
19.60934032,-3.699921445315552,4.3681841438190485,0.2792041045001604
19.61409506,-3.436665416326654,4.512771699179078,0.24242172392110695
19.61884985,-3.150320420692119,4.618144582764975,0.19712856353188882
19.62360459,-2.847022062542274,4.6832796643097945,0.1439749311744329
19.62835933,-2.53320357895162,4.707928813866808,0.08377425979772196
19.63311407,-2.215482664812688,4.692630562483396,0.01748644851432837
19.6378688,-1.9005416098698737,4.6387050802109036,-0.053802531381751596
19.64262355,-1.5950032513172085,4.54823234086148,-0.12890414206530643
19.64737829,-1.305305623673673,4.4240136815804005,-0.2065531250558901
19.65213302,-1.0375784574015137,4.269517325839311,-0.2854348428585023
19.65688776,-0.7975247962465464,4.088808820908908,-0.36421329211175985
19.6616425,-0.5903109465423909,3.88646773649943,-0.44155906896115543
19.6663973,-0.42046773811558225,3.6674923624110995,-0.5161767186742838
19.67115204,-0.29180568406552554,3.437194506129397,-0.5868310441966178
19.67590677,-0.20734610885181656,3.2010868013942115,-0.6523720368508873
19.68066151,-0.16926971525668305,2.964765173777985,-0.7117581122411705
19.68541625,-0.17888343145316088,2.7337892527647014,-0.7640773045969198
19.69017099,-0.23660576807623535,2.513563562582515,-0.8085660288337498
19.69492573,-0.3419703593430449,2.309222265297232,-0.8446249927112935
19.69968047,-0.4936468838372259,2.125520076984317,-0.871831848192584
19.70443521,-0.689478167570836,1.9667317455978668,-0.8899502151313071
19.70918995,-0.9265319630657451,1.8365621857428867,-0.8989347874277908
19.71394469,-1.2011656669880524,1.738069029483764,-0.8989323314867643
19.71869948,-1.5091020765412557,1.6735989895460215,-0.8902784943098274
19.72345422,-1.8455141821825678,1.6447390541210782,-0.8734904396448401
19.72820896,-2.2051169426185666,1.6522831507416276,-0.8492554191428054
19.7329637,-2.5822639791987307,1.6962145401160906,-0.8184154662872197
19.73771844,-2.971047151379311,1.7757038414962814,-0.7819484834944652
19.74247318,-3.3653970206013133,1.8891222637691913,-0.740946079932963
19.74722792,-3.7591822636021974,2.0340693354558828,-0.6965885997354971
19.75198266,-4.146306151911143,2.2074142019403844,-0.6501178427662254
19.7567374,-4.520798280604297,2.405349391368642,-0.6028080157675078
19.76149214,-4.876899826765739,2.623455835649799,-0.555935466484806
19.76624693,-5.209140767539189,2.856777858842941,-0.5107477618218209
19.77100167,-5.5124077012646,3.099906799811768,-0.46843268750144706
19.77575641,-5.782001194597931,3.3470719087513214,-0.4300877778650975
19.78051115,-6.01368191779698,3.5922371398981516,-0.3966910270030633
19.78526589,-6.203705218264516,3.82920244995602,-0.3690734756274878
19.79002063,-6.34884420297537,4.051708200376971,-0.3478943992588758
19.79477537,-6.446401833258146,4.253541250017723,-0.33361983154747543
19.79953011,-6.494212956735012,4.428641311927865,-0.32650513350998306
19.80428485,-6.490637584983627,4.571206133885083,-0.32658225913434275
19.80903959,-6.434547045392896,4.6757940479368045,-0.3336522683623487
19.81379433,-6.325304867989243,4.737422422844393,-0.34728350439100786
19.81854912,-6.162744394387942,4.751660550238788,-0.3668156933678259
19.82330386,-5.947145106101627,4.71471550726968,-0.39137005180576073
19.8280586,-5.679209562190701,4.6235095727274444,-0.419865308891424
19.83281334,-5.360042619268367,4.475747836010774,-0.45103937355562673
19.83756808,-4.991134293730253,4.269974732368928,-0.48347620616728054
19.84232282,-4.574347233198886,4.0056183642751435,-0.5156373001488717
19.84707756,-4.111909309028871,3.683021626147333,-0.5458970490079313
19.8518323,-3.606411343064471,3.3034593350476227,-0.5725811774686875
19.85658704,-3.060809461537254,2.869140779729309,-0.5940073550773756
19.86134177,-2.478431053710431,2.3831973303470293,-0.6085270822004617
19.86609651,-1.8629828344398747,1.8496549969764202,-0.614567929018815
19.87085131,-1.2185591039869164,1.2733920817976763,-0.6106752023854825
19.87560604,-0.5496480017048708,0.6600823307196686,-0.5955521032767619
19.88036078,0.13886660571485676,0.016124246457797038,-0.5680974217923374
19.88511552,0.8417099554135133,-0.651442533546952,-0.5274398137671448
19.88987026,1.5532301203880525,-1.3350326734245002,-0.47296773580420526
19.894625,2.267422492398221,-2.0266210797010538,-0.40435420062733074
19.89937974,2.977966397145328,-2.71785787650488,-0.3215756529984961
19.90413448,3.678274652270283,-3.400190807228594,-0.2249244406209892
19.90888922,4.361556253282907,-4.0649933313249,-0.11501453380614747
19.91364396,5.020891747939925,-4.70369656782806,0.007219700032859063
19.9183987,5.649320289630885,-5.307923121163106,0.14053175430300646
19.92315344,6.239936884641684,-5.8696207097272906,0.2833782919870057
19.92790823,6.785997981967309,-6.381193410468292,0.4339414585412287
19.93266297,7.281033286796112,-6.835628246557764,0.5901580474325097
19.93741771,7.718961481727152,-7.2266147966571,0.7497551957925251
19.94217245,8.094207382874924,-7.548655508610661,0.9102920580053978
19.94692719,8.401817923006808,-7.797164469773178,1.0692066547369243
19.95168193,8.63757424087924,-7.968552528582449,1.2238668723026842
19.95643667,8.79809707944595,-8.060296880514844,1.371624428421987
19.96119141,8.880942673826599,-8.070993523152,1.5098705357168873
19.96594615,8.884686354404382,-8.000391339986335,1.6360919686264903
19.97070089,8.808991200880245,-7.849406974721461,1.747926243781603
19.97545568,8.654659249385025,-7.62012008516497,1.8432146328229164
19.98021042,8.423662964709463,-7.315748991423048,1.9200517309942577
19.98496516,8.119154939606167,-6.9406071292906395,1.9768303131679361
19.9897199,7.745454085301595,-6.5000410655099135,2.012280239807763
19.99447464,7.308006959861147,-6.000351118956278,2.0255002494747663
19.99922938,6.813323376332323,-5.448695866503185,2.0159816107446042
20.00398412,6.268886060030433,-4.85298200958241,1.98362281678905
20.00873886,5.683034877240259,-4.221741257073038,1.9287347862561866
20.0134936,5.064827002911383,-3.5639960622128632,1.8520363591819988
20.01824834,4.423875283725565,-2.889116251440771,1.7546402085506032
20.02300308,3.770167932794845,-2.20666880661015,1.6380295943847596
20.02775787,3.1138735138555824,-1.5262632985069962,1.5040266538249296
20.03251261,2.4651358905741185,-0.8573956938922401,1.3547531501391448
20.03726735,1.833864388567744,-0.20929343797530256,1.1925848037655613
20.04202209,1.2295248084559882,0.4092351798352656,1.020100501576588
20.04677683,0.6609371125216975,0.9899443553276536,0.84002781946655
20.05153157,0.13608557225287277,1.5252838571302803,0.6551863839295934
20.0562863,-0.3380530925932296,2.008519115423387,0.46843062486219306
20.06104104,-0.7556585214125736,2.433835819947062,0.28259342454159087
20.06579579,-1.1121880643016726,2.7964268739680045,0.10043204895175767
20.07055052,-1.4044670936156463,3.0925599483026285,-0.07542242678122155
20.07530526,-1.6307456274965109,3.3196243220105393,-0.24251119318998057
20.08006,-1.790719626514872,3.4761561707536104,-0.3985884900957525
20.0848148,-1.8855163629333231,3.5618419572546665,-0.5416565128578849
20.08956954,-1.9176442905386664,3.5775000779195234,-0.6699940418227598
20.09432427,-1.8909088300060308,3.5250414125087195,-0.7821785608563258
20.09907901,-1.8102964073104506,3.4074098968172004,-0.8771017755009586
20.10383375,-1.6818299247201223,3.2285046788741547,-0.9539785679716511
20.10858849,-1.512399593300518,2.993085814860985,-1.0123495379035854
20.11334323,-1.3095737016287001,2.706665800625563,-1.0520773769647227
20.11809797,-1.0813944260362327,2.375389509667057,-1.0733374138064344
20.12285271,-0.8361641909909203,2.0059053135770655,-1.0766027444488613
20.12760745,-0.5822283520005792,1.605230294557364,-1.0626244335479966
20.13236219,-0.32776008601819057,1.1806125228901305,-1.0324073368441016
20.13711693,-0.08055332523742842,0.7393933674899376,-0.9871821583899523
20.14187172,0.1521706486142419,0.28887273753064985,-0.9283744211733471
20.14662646,0.36393772437173233,-0.16381997985027838,-0.857571096301629
20.1513812,0.5491719331801483,-0.6118467140176594,-0.7764856982514963
20.15613594,0.7033189312359799,-1.0487709163342038,-0.6869227005091677
20.16089068,0.8229389148525814,-1.4686551598720103,-0.5907421433209997
20.16564542,0.9057668616424065,-1.86614446936594,-0.4898252817477122
20.17040016,0.9507390367441817,-2.2365341113063426,-0.38604205342535
20.1751549,0.9579857776328435,-2.575820998890969,-0.2812210359970037
20.17990964,0.9287916294717541,-2.8807383093738683,-0.17712242575930925
20.18466438,0.8655248990973478,-3.1487733561932623,-0.07541441638186822
20.18941912,0.7715395853722492,-3.378169187146649,0.022346796517560878
20.19417386,0.6510533885956172,-3.5679107752164314,0.11473330217711035
20.19892865,0.5090060746793449,-3.717697015901882,0.2004580971718051
20.20368339,0.3509028580372258,-3.8279000342745673,0.27838419740173254
20.20843813,0.18264767225551037,-3.8995135314711162,0.34753048684881843
20.21319287,0.010371232762331074,-3.9340920626238822,0.40707463004908684
20.21794761,-0.1597413191465075,-3.9336832370026507,0.45635344216227164
20.22270235,-0.3216186439540426,-3.900754868217222,0.49486116293372784
20.22745709,-0.4694631038920523,-3.8381190806160155,0.5222461145140845
20.23221183,-0.5978985681162678,-3.748855301742829,0.5383062328452799
20.23696657,-0.7021028547485567,-3.6362339453944363,0.5429839435330484
20.24172131,-0.7779220913173022,-3.5036424219865507,0.536360803074027
20.24647604,-0.8219648621880402,-3.35451491005906,0.5186522451014962
20.25123078,-0.8316746222845682,-3.192267093281941,0.49020266222095404
20.25598552,-0.8053794768693039,-3.0202368203737713,0.4514809232972131
20.26074032,-0.7423190428186632,-2.8416313901076578,0.40307628306924304
20.26549506,-0.6426487026552806,-2.6594819090146813,0.345694498275501
20.2702498,-0.5074221238489695,-2.47660492425434,0.2801538371316248
20.27500454,-0.3385534284973972,-2.295571306858541,0.20738057233225937
20.27975927,-0.13876084848503473,-2.118682159027589,0.12840349422273184
20.28451401,0.0885059253427551,-1.9479513503658088,0.0443469774289114
20.28926875,0.3391522068990519,-1.7850941577349657,-0.04357781845293562
20.29402349,0.60853591089864,-1.6315213958137222,-0.13408394101281715
20.29877823,0.8915735123433491,-1.4883383817830416,-0.22582202937647125
20.30353297,1.1828516067870254,-1.3563480756873856,-0.3173961407637774
20.30828771,1.4767413986989513,-1.236057772508235,-0.4073819133054986
20.31304245,1.7675136033513579,-1.127688784947389,-0.4943468116763587
20.31779719,2.04945145508776,-1.0311886382097954,-0.5768720754603306
20.32255198,2.316959752063542,-0.9462453905671391,-0.6535758914608577
20.32730672,2.56466811745452,-0.872303788226091,-0.7231372416987256
20.33206146,2.7875269074028775,-0.8085830537670099,-0.7843198360302923
20.3368162,2.9808944395258576,-0.7540961892742273,-0.8359955184707598
20.34157094,3.1406144492352417,-0.7076707441717739,-0.8771665364386386
20.34632568,3.263082902657709,-0.6679710501523197,-0.9069860805126728
20.35108042,3.3453035033450704,-0.6335219582693356,-0.9247765381097582
20.35583516,3.3849314244319495,-0.6027341233917952,-0.9300449571729731
20.3605899,3.380304978887643,-0.5739308664828813,-0.9224952843562071
20.36534464,3.3304651103536838,-0.5453766044039392,-0.9020370242504454
20.37009938,3.2351627496342803,-0.5153067708361909,-0.8687900593024259
20.37485412,3.0948542411795024,-0.48195906336324656,-0.8230854713794615
20.37960886,2.910685202096208,-0.4436057459514735,-0.7654623118494553
20.3843636,2.6844633325199854,-0.3985866201383716,-0.6966603724831054
20.38911834,2.4186208465604837,-0.34534216056716033,-0.6176091082730302
20.39387308,2.1161673314331977,-0.2824461997298163,-0.5294129501221887
20.39862787,1.7806339628151981,-0.2086374509970746,-0.4333333178347073
20.40338261,1.4160101031036951,-0.12284908547867697,-0.33076770242880355
20.40813735,1.0266733857889794,-0.02423553333382763,-0.22322623345011391
20.41289209,0.6173144468796739,0.08780433103142762,-0.11230618405218551
20.41764683,0.19285750921476164,0.21360843459732423,0.0003351032298511694
20.42240157,-0.24162193574163662,0.3532379328891239,0.11300836144616709
20.4271563,-0.6809810663701175,0.5064694678906044,0.2240210847484308
20.43191104,-1.1200939692082534,0.6727937692686957,0.33170620933854683
20.43666579,-1.5539348202506549,0.8514209433478498,0.4344502413660193
20.44142052,-1.9776586231631896,1.0412926002228604,0.5307202955705681
20.44617526,-2.3866781038099822,1.2411007565445324,0.6190895372689543
20.45093,-2.776735368589287,1.449313228063253,0.6982605632251611
20.45568474,-3.143966971512682,1.6642050008238023,0.7670863101987796
20.46043948,-3.484961105994851,1.8838948522346777,0.8245881399406746
20.46519427,-3.796805743404962,2.1063862923789904,0.869970813179935
20.46994896,-4.077126680591697,2.329611720613344,0.9026341302340904
20.47470375,-4.324114630160593,2.551478550302649,0.9221810798711118
20.47945849,-4.536540687068442,2.769915951472443,0.9284223983615879
20.48421323,-4.713759730745726,2.9829208014696755,0.921377494893111
20.48896797,-4.855701572373108,3.188601420234572,0.9012717471260415
20.49372271,-4.9628499313791155,3.3852177016093994,0.8685302146960762
20.49847745,-5.036209621908319,3.5712163369268555,0.8237678651112623
20.50323219,-5.077262645137767,3.74525996261373,0.7677764619700979
20.50798693,-5.087914210307719,3.906249248320386,0.7015083330012575
20.51274167,-5.070430035600562,4.0533371718441895,0.6260573152841342
20.51749641,-5.027366593833927,4.1859349945939295,0.5426372654670356
20.52225115,-4.961496246966643,4.303709746974792,0.45255861908817585
20.52700589,-4.875729435420761,4.406573345791912,0.3572035744722729
20.53176063,-4.77303623266666,4.494663783358754,0.258000546945641
20.53651537,-4.656369626137802,4.568319136809767,0.15639857267646984
20.54127016,-4.528592832303641,4.628045430710494,0.05384233011178325
20.5460249,-4.3924127952802605,4.674479629816155,-0.04825160770978663
20.55077964,-4.250321764013626,4.708349226201957,-0.1485167659603392
20.55553438,-4.10454851209671,4.73043000453388,-0.24565659343827706
20.56028912,-3.9570203818333414,4.741503615929738,-0.33846182833869226
20.56504386,-3.8093369255615372,4.742316566613936,-0.4258252284104612
20.5697986,-3.6627555033220713,4.73354213998196,-0.5067535926785149
20.57455334,-3.518188791602292,4.7157466303617035,-0.5803770881995167
20.57930808,-3.3762137740700062,4.689361084777452,-0.6459559657768466
20.58406282,-3.2370914320474014,4.654659535716071,-0.7028848061323612
20.58881756,-3.1007960404061135,4.6117444725568415,-0.7506944851399524
20.5935723,-2.9670527130851276,4.560540050037053,-0.7890520842925521
20.59832704,-2.8353816382402792,4.500793275620508,-0.8177589996635832
20.60308177,-2.705147299371758,4.432083159727792,-0.8367475161651283
20.60783651,-2.5756108958356605,4.353837559245135,-0.8460761096408601
20.61259125,-2.4459841515256766,4.265357201858714,-0.8459237148280444
20.61734599,-2.3154827293199243,4.165846153200062,-0.836583155064427
20.62210073,-2.1833775439251006,4.054447786772868,-0.8184538776446595
20.62685547,-2.0490423784883456,3.930285143329439,-0.792034086763262
20.63161026,-1.9119963528552242,3.7925044255988163,-0.7579123217169154
20.636365,-1.7719399582266027,3.6403202686323084,-0.7167584950338813
20.64111974,-1.6287835620663205,3.473061357287069,-0.669314383575676
20.64587448,-1.4826674987855353,3.290214931882842,-0.6163835543811136
20.65062922,-1.3339730970371677,3.091468731936944,-0.5588207057403823
20.65538396,-1.1833242529312602,2.8767489766350063,-0.49752041293932703
20.6601387,-1.0315794361736383,2.6462530688965167,-0.43340528683617235
20.66489344,-0.8798143047908384,2.400475835922219,-0.36741358030772564
20.66964818,-0.7292953919890445,2.1402282801138104,-0.3004863107120182
20.67440292,-0.5814456025726162,1.8666480063691182,-0.23355400420211028
20.67915766,-0.43780250410671034,1.5812007105042705,-0.16752320807825694
20.6839124,-0.2999706110945603,1.285672354094931,-0.10326295760184996
20.68866714,-0.1695690351003619,0.9821519081132314,-0.04159142038621483
20.69342188,-0.04817601046358736,0.6730048157301541,0.016737028677103628
20.69817662,0.06272809314774702,0.36083759761234224,0.07104402869069494
20.70293136,0.16181759060694642,0.04845429447857477,0.12073846833977964
20.7076861,0.2479764141559883,-0.2611942960655631,0.16532645862646153
20.71244084,0.3203494332458278,-0.5650673878172002,0.20441978395408963
20.71719558,0.3783884660700734,-0.8600955652987584,0.23774260253142432
20.72195037,0.42189136333631827,-1.1432451487140047,0.2651362027038318
20.72670511,0.45103267608088266,-1.4115838602080957,0.2865616557344411
20.73145985,0.46638461511194695,-1.662346026120963,0.30210023168154904
20.73621459,0.46892727379557286,-1.8929955465937358,0.3119514636630694
20.74096933,0.4600474131159639,-2.101284912981741,0.31642876581692103
20.74572407,0.4415254819359036,-2.2853086474974615,0.3159525448376788
20.7504788,0.41551094005936473,-2.443549671496048,0.3110408027575761
20.75523355,0.3844863367086276,-2.574917274757711,0.30229730709633296
20.75998829,0.3512209460903822,-2.6787755571213197,0.29039749083792243
20.76474302,0.3187150592641649,-2.7549614467060715,0.27607232373902885
20.76949776,0.2901362739655892,-2.8037916656838227,0.2600904595106914
20.7742525,0.2687493160216205,-2.8260583118870373,0.2432390119461863
20.77900724,0.2578410747870813,-2.8230130449725177,0.22630335585952477
20.78376198,0.2606426462164645,-2.796340198102737,0.2100463947410733
20.78851672,0.2802502528477164,-2.748119466466982,0.19518778905334533
20.79327146,0.3195469487571914,-2.6807791382551014,0.182383691313626
20.7980262,0.3811270156495216,-2.5970411188319953,0.1722075749099291
20.80278094,0.467224908797081,-2.499859243684196,0.16513276050067585
20.80753568,0.579650513964407,-2.3923525711204543,0.16151722815635242
20.81229042,0.7197323258374653,-2.277735484644443,0.16159125293935417
20.81704516,0.8882699552358373,-2.1592465125642386,0.16544832116550953
20.8217999,1.0854971218701444,-2.040077786254353,0.17303968427131836
20.82655469,1.3110560022361732,-1.9233070079108228,0.1841727996077158
20.83130943,1.5639834923691438,-1.8118336847021057,0.1985138037452693
20.83606417,1.8427096267766412,-1.708321212475609,0.21559406948480875
20.84081891,2.1450680802485573,-1.6151461654752308,0.23482081058763415
20.84557365,2.4683183788350394,-1.5343558785244666,0.25549161098273854
20.85032839,2.809179169429619,-1.4676351062388746,0.27681266028687584
20.85508313,3.1638716529181505,-1.4162822228410135,0.29792037046068115
20.85983787,3.5281720821412565,-1.3811951003966938,0.3179059288320993
20.86459261,3.897472070386715,-1.3628664881389625,0.33584221336697967
20.86934735,4.266845354240816,-1.36138842592499,0.3508123627467263
20.87410209,4.631119609075608,-1.3764649736319792,0.3619391658864987
20.87885683,4.984951925841518,-1.4074323350539986,0.36841432645955097
20.88361157,5.3229066204968385,-1.4532853056216952,0.36952658386496956
20.8883663,5.639534154950426,-1.5127088809226528,0.3646876473696059
20.89312104,5.929450089613927,-1.5841138281285259,0.3534549330006968
20.89787578,6.187413148497654,-1.6656750436933185,0.3355501830203326
20.90263052,6.408401643130431,-1.7553715945894903,0.3108731888417894
20.90738526,6.587687656852804,-1.8510274606941068,0.27951002019667986
20.91214,6.720908523106846,-1.9503521533906232,0.24173537550123814
20.91689474,6.804135229469375,-2.0509805676740624,0.19800889982610068
20.92164948,6.833937436157328,-2.150511617336205,0.14896555638538433
20.92640427,6.807444810750869,-2.24654538909826,0.09540037317327486
20.93115901,6.7224043510313765,-2.3367187158610525,0.038248106276901894
20.93591375,6.577233298700621,-2.4187391974842987,-0.021441445725758332
20.94066849,6.3710671431973855,-2.4904177793839675,-0.08253158518371978
20.94542323,6.10380208300676,-2.549700029443658,-0.1438293108499295
20.95017797,5.776131160015334,-2.5946962321437335,-0.20411728900574397
20.95493271,5.389573121275071,-2.6237103498839534,-0.2621860962768423
20.95968745,4.9464929045240345,-2.6352677935014066,-0.3168656440195862
20.96444219,4.4501125030107405,-2.628141808264598,-0.36705474823829665
20.96919693,3.90451085768397,-2.601378131494632,-0.41174790287418467
20.97395167,3.3146113690037304,-2.5543174278923098,-0.45005844745239454
20.97870641,2.686155635639454,-2.486614873540574,-0.4812374906583641
20.98346115,2.0256621304897964,-2.398256153986721,-0.5046881546801529
20.98821589,1.3403687289869197,-2.2895690789984338,-0.5199749318841714
20.99297063,0.6381583177452543,-2.1612300072805968,-0.5268281815336248
20.99772537,-0.07253286727868977,-2.0142643258578032,-0.52514402200728
21.00248011,-0.7828240047978651,-1.8500403433632795,-0.5149800738994224
21.00723485,-1.4835147890449363,-1.6702561305193735,-0.49654766332817707
21.01198959,-2.165225456865244,-1.47691906489123,-0.4702011893739221
21.01674433,-2.818549673369387,-1.2723180957665223,-0.43642538932499414
21.02149907,-3.434217578560118,-1.0589890208686095,-0.3958212039818638
21.0262538,-4.00326573107657,-0.8396733406852197,-0.3490908642380896
21.03100855,-4.517210211930227,-0.6172715106610133,-0.29702270606147224
21.03576334,-4.968218791274964,-0.3947916313049248,-0.2404760919483316
21.04051808,-5.349277827632366,-0.17529479054886288,-0.18036668943252035
21.04527282,-5.654349469337978,0.038161604403373836,-0.11765224361497499
21.05002756,-5.87851476672228,0.2425810982068163,-0.05331888749206279
21.0547823,-6.01809848186195,0.43508463432530087,0.01163203794349323
21.05953704,-6.0707716980553625,0.6129647782612764,0.07619673489667057
21.06429177,-6.035628777358834,0.7737363884847915,0.13938138997553273
21.06904651,-5.913235782349804,0.9151825163897207,0.20021444844584232
21.07380125,-5.705648155256086,1.0353944603540868,0.2577588756073629
21.07855599,-5.416396217380149,1.1328050707604265,0.3111245550565221
21.08331073,-5.050437894135765,1.206214596377268,0.35948094970131644
21.08806547,-4.6140789619025,1.254808571291349,0.40207010163783574
21.09282021,-4.114862023849527,1.2781674589233216,0.43821996467020674
21.09757495,-3.5614263202158454,1.2762679888120474,0.46735794494572436
21.10232969,-2.9633413298401963,1.2494763362946497,0.48902437550690536
21.10708443,-2.3309178926205765,1.198533499213969,0.5028854847019211
21.11183917,-1.675001253154073,1.1245334150436952,0.5087452599105547
21.11659391,-1.0067509788553364,1.028894533544066,0.5065554830874057
21.12134865,-0.3374131322120792,0.9133257122294401,0.4964231459466376
21.12610339,0.3219096309038661,0.7797874321696942,0.47861445585508505
21.13085813,0.9604842156423706,0.6304494366323926,0.4535547256119178
21.13561287,1.5681636789995748,0.4676459709129111,0.42182359890764
21.14036761,2.1355886128698467,0.29382984483305585,0.3841452870125557
21.14512235,2.654368026789227,0.11152654706767923,0.34137376281279785
21.14987709,3.1172349772800905,-0.0767103894221014,0.2944731534920043
21.15463183,3.518172917955049,-0.26834164070478966,0.24449386866218556
21.15938657,3.8525096477496104,-0.4608809430356895,0.1925452695540419
21.1641413,4.116976786839593,-0.6519296690837432,0.13976589744933068
21.16889604,4.309733865318739,-0.8392064388567163,0.08729241020927958
21.17365084,4.430357302270501,-1.0205712828990126,0.03622841463412479
21.17840558,4.479795700117414,-1.1940440969106454,-0.012385657085246303
21.18316032,4.4602938984842035,-1.3578173497948305,-0.057600565950673234
21.18791506,4.3752890635697375,-1.510263222118319,-0.09858322395893566
21.1926698,4.229282712152696,-1.6499355545510694,-0.13463774330507922
21.19742454,4.027692996962076,-1.7755671734342588,-0.16522184472982404
21.20217927,3.7766918390872544,-1.8860633279606853,-0.189958031897606
21.20693401,3.4830316060918443,-1.9804921110717497,-0.2086391154980296
21.21168875,3.1538660167006505,-2.058072832970041,-0.22122788697714152
21.21644349,2.796569818568988,-2.1181633631088466,-0.22785098484953056
21.22119823,2.418561553312242,-2.1602474488646632,-0.22878724547763085
21.22595297,2.027133414419566,-2.1839229563848885,-0.2244510645482154
21.23070771,1.629291838561777,-2.1888918644971715,-0.215371501134513
21.23546245,1.2316120626362292,-2.1749526824125205,-0.2021680257979498
21.24021719,0.8401094348997729,-2.1419957657323527,-0.18552394329908342
21.24497193,0.46012979250576275,-2.0900017852022827,-0.1661586043005967
21.24972667,0.09626071349944426,-2.0190433725811947,-0.14479955279535203
21.25448141,-0.24773507449844498,-1.9292897418746466,-0.12215573119678742
21.25923615,-0.5689633832771035,-1.8210138748165057,-0.09889278079123652
21.26399089,-0.8654191384332275,-1.694601677858726,-0.07561133535478476
21.26874563,-1.1359841425563906,-1.5505623730108204,-0.052829021346800356
21.27350037,-1.3804028155423032,-1.389539283152035,-0.03096666662230285
21.27825511,-1.5992371442720241,-1.2123201173102187,-0.010339001250865369
21.28300985,-1.7938024689701753,-1.0198458532003238,0.008850072255013912
21.28776459,-1.9660860746867541,-0.8132173512352414,0.026507741225845947
21.29251933,-2.118650841016274,-0.5936989132574235,0.04264832205835076
21.29727407,-2.254526431524955,-0.3627181166397237,0.05738542327634029
21.30202881,-2.377090679364933,-0.12186140572471366,0.07092064576306177
21.30678355,-2.48994395271673,0.12713489749101226,0.08352927464814591
21.31153828,-2.5967793699601254,0.3823982994792659,0.09554344784456203
21.31629302,-2.701251786362089,0.6419384780850161,0.10733331988180532
21.32104782,-2.8068484954931736,0.9036699616984901,0.11928678471589484
21.3258025,-2.9167645790772196,1.1654386298745207,0.13178837781293395
21.33055724,-3.03378579366419,1.4250513231643929,0.14519803859763683
21.33531204,-3.1601817940312023,1.6803076794892053,0.15983046710901117
21.34006677,-3.2976123543444364,1.9290331800262812,0.1759358400309135
21.34482151,-3.447049053526531,2.1691122972518264,0.19368264966650595
21.34957625,-3.608714638015516,2.3985205980676088,0.21314338717021683
21.35433099,-3.782041962515554,2.6153546706004724,0.23428370575600313
21.35908573,-3.9656540390363673,2.8178588164987115,0.25695557388318796
21.36384047,-4.157366300309988,3.0044475801368296,0.28089477124234336
21.36859521,-4.35421171134414,3.1737233669955724,0.30572290378087474
21.37334995,-4.552488849892236,3.3244886270339897,0.330953930891991
21.37810469,-4.747832531798138,3.4557523339746243,0.3560050198712624
21.38285943,-4.935305990262962,3.566730765224778,0.3802113789829944
21.38761417,-5.109513039765113,3.656842865616158,0.40284457725084255
21.39236891,-5.264728077777706,3.7257007464861043,0.42313373993895953
21.39712365,-5.395041214593656,3.773096114964984,0.4402889147453306
21.40187839,-5.494515289147748,3.7989836324166695,0.45352583428379745
21.40663313,-5.557351043368408,3.8034623526700684,0.4620912543814659
21.41138787,-5.578056306847923,3.7867564784276713,0.46528802534495534
21.41614261,-5.551614706711275,3.7491966892379183,0.4624990569169492
21.42089735,-5.473649185780511,3.691203232724134,0.45320937015169066
21.42565209,-5.340575507060812,3.6132718352274478,0.43702549243910727
21.43040683,-5.149740962367893,3.5159632886084204,0.4136915437428887
21.43516157,-4.899543698993754,3.399897321923645,0.38310147747696827
21.4399163,-4.589528434448076,3.2657510873107665,0.3453070705742685
21.44467104,-4.220454843071793,3.1142622944726845,0.3005213963588299
21.44942579,-3.7943355633002205,2.946236730020565,0.24911765525767074
21.45418052,-3.3144415811869035,2.7625596063321614,0.19162338007915033
21.45893526,-2.7852736803452847,2.5642099095852084,0.12871017505874716
21.46369,-2.2124996883933488,2.3522766717291446,0.061179291793918046
21.46844474,-1.6028583629277844,2.127975894090237,-0.010056511003053114
21.47319948,-0.9640319049318853,1.8926667207493792,-0.08399423814351019
21.47795427,-0.3044902174219094,1.6478654145814926,-0.1595643479815442
21.48270901,0.3666889092121428,1.3952557362018774,-0.23565605248151927
21.48746375,1.0400185626410312,1.1366944623524495,-0.31114336319206903
21.49221844,1.7058145443787585,0.8742109906843959,-0.3849110228779831
21.49697323,2.3544138785444617,0.6100002414872565,-0.45587953211104704
21.50172797,2.976393362678635,0.3464083628457219,-0.5230286079404199
21.50648271,3.5627815954896835,0.08591105755562235,-0.5854185733474293
21.51123745,4.105258267204142,-0.16891533346718385,-0.6422093342313517
21.51599219,4.596335093450032,-0.41542954401673515,-0.6926767181961859
21.52074693,5.029513556351348,-0.6509671440334942,-0.7362260058280914
21.52550167,5.399415525082118,-0.8728873238246797,-0.7724024849779708
21.53025641,5.70188380621941,-1.0786234308857163,-0.8008988277158088
21.53501115,5.934050677072221,-1.265735790349452,-0.8215590629807199
21.53976589,6.094373451153066,-1.4319651967804596,-0.8343789258113193
21.54452063,6.182637093193432,-1.575285384286368,-0.8395024236251507
21.54927537,6.199924826152683,-1.6939527682376494,-0.8372145734371174
21.55403011,6.148558538992641,-1.7865518075565154,-0.8279304203058337
21.55878485,6.0320115920187005,-1.8520344605668848,-0.8121806267152446
21.56353959,5.854797302163292,-1.8897523934047327,-0.7905941006795089
21.56829433,5.6223369489990285,-1.8994808354430375,-0.7638782833566041
21.57304907,5.340811555261026,-1.881433244660582,-0.7327978262435632
21.57780381,5.01700195633718,-1.8362662309482396,-0.6981524432288778
21.58255854,4.6581217852408345,-1.7650744735647637,-0.6607547228749951
21.58731328,4.271647972533262,-1.6693756509175035,-0.6214086385582511
21.59206802,3.865153205509695,-1.5510856707559275,-0.5808894112097972
21.59682276,3.446144518681759,-1.4124847433841496,-0.5399252757253136
21.6015775,3.0219118101189375,-1.2561750772236007,-0.4991815901372405
21.60633224,2.599389610126737,-1.0850311922086284,-0.4592476151178763
21.61108698,2.1850348879604264,-0.9021440383573043,-0.42062618538056096
21.61584172,1.7847230892322006,-0.7107602699986804,-0.38372639672307485
21.62059646,1.4036639726453557,-0.5142181559744,-0.3488593441837923
21.6253512,1.0463381804145568,-0.31588169850096953,-0.3162368683577464
21.63010594,0.7164548516484148,-0.11907458496093513,-0.28597319720261904
21.63486068,0.4169299897767138,0.07298439468937835,-0.2580893072406904
21.63961542,0.14988473941242234,0.2572428685098603,-0.23251976854808593
21.64437016,-0.0833377715650631,0.4308718264046899,-0.20912178161752762
21.6491249,-0.2821388004443143,0.591316598567933,-0.1876860626889912
21.65387969,-0.4466156972506467,0.7363406480654918,-0.16794919029980235
21.65863443,-0.5775013456629079,0.8640611630005893,-0.14960699178978495
21.66338917,-0.6760939041573568,0.9729756715162168,-0.13232852488580593
21.66814386,-0.7441794924772204,1.0619791650485626,-0.11577019603377059
21.67289865,-0.7839504556314075,1.1303714930761475,-0.0995895541077264
21.67765339,-0.7979217414856268,1.1778550768623692,-0.08345830674110101
21.68240813,-0.7888477596689124,1.2045232709115685,-0.06707412866892384
21.68716287,-0.7596418615576243,1.2108399695272904,-0.05017086940692681
21.69191761,-0.7133003065909841,1.197611302546682,-0.03252682380023707
21.69667235,-0.6528322723688963,1.1659504800799818,-0.013970805388971903
21.70142709,-0.5811971381930959,1.1172370230611035,0.005614140782783327
21.70618183,-0.5012499369889264,1.053071748442571,0.026289435556594545
21.71093657,-0.41569554119557894,0.9752289607426154,0.04806199946805723
21.7156913,-0.3270518352780986,0.8856073332870574,0.07088742720067871
21.72044605,-0.23762184036236664,0.7861809430876595,0.09467499886803814
21.72520079,-0.14947450255545708,0.6789518553672235,0.11929414056695076
21.72995552,-0.06443364094952361,0.5659055417696459,0.14458189282496273
21.73471026,0.015925623332056937,0.4489702662845088,0.1703509225093379
21.739465,0.09027376932013008,0.32998139187453324,0.19639761947040812
21.74421974,0.15751801615098848,0.21065135614486102,0.22250985094052306
21.74897448,0.21678866472200595,0.09254584353524074,0.24847400193457284
21.75372922,0.2674216284671334,-0.022933548270468,0.2740810055396045
21.75848396,0.3089381334572541,-0.13456008142901935,0.29913115834132037
21.7632387,0.34102253380548236,-0.24128624977175248,0.3234376166367686
21.76799344,0.3634991314283463,-0.3422421207810549,0.3468285706672371
21.77274818,0.3763088146827227,-0.43672821073788354,0.36914818910569736
21.77750292,0.37948624415166027,-0.5242036211406772,0.39025650779244225
21.78225766,0.37313822224799237,-0.6042702981309689,0.4100285002779007
21.7870124,0.3574237924223949,-0.6766543749495466,0.42835261012686143
21.79176714,0.33253652833582825,-0.7411856174270991,0.4451290450101191
21.79652188,0.29868939581664045,-0.7977760125407417,0.46026813034302044
21.80127662,0.25610250046206484,-0.8463985201876029,0.4736889960457688
21.80603136,0.2049939685180283,-0.8870669503394141,0.48531882486159456
21.8107861,0.14557414358346693,-0.9198178350211073,0.4950928270979523
21.81554084,0.07804321168931788,-0.9446950417827348,0.5029550296798049
21.82029558,0.002592288428360918,-0.9617377282141412,0.5088598843493426
21.82505037,-0.0805920878410093,-0.9709720720108667,0.5127746189077939
21.82980506,-0.17132021306841777,-0.9724070349583229,0.5146821838316137
21.8345598,-0.26938849097193274,-0.9660342388656064,0.5145845893338731
21.83931454,-0.37456610558339204,-0.9518318537109983,0.5125063869443461
21.84406933,-0.48657959435276643,-0.9297722295516307,0.5084980244432876
21.84882407,-0.6050959367826532,-0.8998328501422544,0.5026387922328099
21.8535788,-0.7297048721509392,-0.8620100528707727,0.49503908278135916
21.85833354,-0.8599012337524027,-0.8163348503758255,0.48584170395983106
21.86308828,-0.995068128451901,-0.7628901063918864,0.47522202353872545
21.86784302,-1.1344617948635833,-0.701828263068078,0.46338677634910763
21.87259776,-1.2771989407784108,-0.6333887895902868,0.4505714363563226
21.8773525,-1.4222472937025608,-0.5579145224075145,0.43703613966588234
21.88210724,-1.568420003125575,-0.47586609540295827,0.42306023476091675
21.88686198,-1.7143744160680432,-0.38783371315356385,0.4089356232141769
21.89161672,-1.8586156148923365,-0.2945456006653121,0.39495912620266277
21.89637146,-1.9995049632396111,-0.19687256678680723,0.3814241596711037
21.9011262,-2.1352737557605854,-0.09582824307372655,0.3686120194550697
21.90588094,-2.264041912995043,0.007435299149574352,0.35678306935916504
21.91063568,-2.3838415078767596,0.11163669933650965,0.34616809817702265
21.91539042,-2.49264475949239,0.21537921651171132,0.3369600766547472
21.92014516,-2.5883959882702094,0.31716923456023455,0.32930651167019237
21.9248999,-2.6690469001958186,0.4154390579739271,0.3233025673259742
21.92965464,-2.7325944607896178,0.5085735595470001,0.31898510165859006
21.93440938,-2.7771205360033893,0.5949401230447577,0.31632775123285733
21.93916412,-2.800832418845622,0.6729212205068628,0.3152371820502192
21.94391886,-2.802103327772355,0.7409488761128907,0.31555061345824387
21.9486736,-2.779511954640454,0.79754019669141,0.31703471291496393
21.95342834,-2.731880154057356,0.8413330931895776,0.3193859543815807
21.95818308,-2.6583078991478617,0.8711212781273706,0.3222325313445182
21.96293782,-2.5582046779483743,0.8858876021431472,0.32513791450880797
21.96769256,-2.431316567721566,0.8848347898621056,0.3276061394348946
21.9724473,-2.277748300824052,0.8674126539242393,0.3290888948267232
21.97720204,-2.0979797256294908,0.8333409090075464,0.3289944523568118
21.98195677,-1.8928761695208232,0.7826267779195243,0.32669843131298026
21.98671151,-1.6636923273356397,0.7155766813428053,0.3215563279431864
21.99146625,-1.4120694261320517,0.6328014320918378,0.3129176662605626
21.99622099,-1.1400255533067594,0.5352145122577885,0.30014155233374157
22.00097573,-0.8499391771037418,0.42402319384231524,0.2826133448896096
22.00573047,-0.5445260333563298,0.300712464932266,0.25976209530085714
22.01048521,-0.22680969669196654,0.16702193689526476,0.23107835961799375
22.01523995,0.09991370521655232,0.024916124805763145,0.19613194127359726
22.01999469,0.43211604384565083,-0.12345129614352074,0.15458908223214174
22.02474948,0.7660822999035237,-0.27577846075837875,0.10622858226774035
22.02950422,1.0979594248061513,-0.42966054324663205,0.05095629504198732
22.03425891,1.423808075270423,-0.5826381418504204,-0.011182565563704058
22.0390137,1.739656301643429,-0.7322476166841541,-0.07999386436711109
22.04376844,2.0415542622856044,-0.8760721229417342,-0.15512823881383023
22.04852318,2.3256290603472234,-1.0117920686372142,-0.23607847395131878
22.05327792,2.5881388527261446,-1.1372337541987185,-0.32218086581015287
22.05803266,2.8255254589436007,-1.2504150168893058,-0.4126207350696256
22.0627874,3.034464793591287,-1.3495868007342797,-0.5064420916458878
22.06754214,3.211914552001189,-1.4332696954361268,-0.6025612859445179
22.07229688,3.355158685785651,-1.5002846277436561,-0.6997843257178077
22.07705162,3.461848303101923,-1.549777037891639,-0.7968273988449855
22.08180636,3.5300387085559652,-1.581234025001982,-0.892340029214071
22.0865611,3.558222352150099,-1.5944940938376144,-0.9849302094187766
22.09131584,3.545357481430689,-1.5897492791201688,-1.0731908019124132
22.09607058,3.490892285873856,-1.5675395639903509,-1.1557264799110019
22.10082532,3.3947842915305304,-1.5287396497181296,-1.2311804902263537
22.10558006,3.257514714507473,-1.4745382789838952,-1.2982605606079303
22.1103348,3.0800974238970187,-1.4064104685886503,-1.355763340339393
22.11508954,2.8640821092375135,-1.3260831703661433,-1.4025968491197847
22.11984427,2.6115512049000067,-1.2354950487596306,-1.4378005091376562
22.12459901,2.325110102636348,-1.1367512337858294,-1.4605624422619508
22.12935375,2.0078701907317904,-1.0320740703283997,-1.4702338223786098
22.13410849,1.663424299501555,-0.9237510294794943,-1.4663401766013824
22.13886323,1.2958142131979602,-0.8140810660168718,-1.4485896233519
22.14361797,0.9094900312438196,-0.7053207902112292,-1.4168781149109597
22.14837271,0.5092613279982541,-0.5996318656392884,-1.3712918109983188
22.15312745,0.10024026739952369,-0.4990310430146841,-1.3121067423686414
22.15788219,-0.3122229300402339,-0.40534419095162944,-1.2397859259836246
22.16263693,-0.7226115069258932,-0.3201655882191832,-1.1549740676191802
22.16739167,-1.12531974470476,-0.24482360097895126,-1.0584899409769086
22.17214641,-1.5147354077217894,-0.1803536873991909,-0.9513164760033632
22.17690115,-1.8853256414320836,-0.12747945751102807,-0.8345885367793113
22.18165589,-2.2317247280541905,-0.08660227653965052,-0.7095783346759925
22.18641063,-2.5488219714742497,-0.05779964471622875,-0.5776784178714894
22.19116537,-2.8318479050135967,-0.040832325697330606,-0.4403822138400971
22.19592011,-3.076456990584519,-0.03515993885710259,-0.2992621828803872
22.20067485,-3.2788050050465185,-0.03996448672316295,-0.15594576639926644
22.20542964,-3.4356193877440346,-0.05418106536007224,-0.01208947115669304
22.21018438,-3.54426094814634,-0.07653480889005365,0.13064840278688405
22.21493912,-3.6027754960642087,-0.10558295449811307,0.2706357350283945
22.21969386,-3.6099341480744758,-0.1397607845663707,0.4062944993179702
22.2244486,-3.565261272289799,-0.1774301099218794,0.5361278148502036
22.22920334,-3.4690492535042714,-0.21692890357347905,0.6587453458777258
22.23395808,-3.3223594916154897,-0.2566206784677255,0.7728863324979045
22.23871282,-3.127009291899731,-0.2949422260646036,0.8774396497863766
22.24346756,-2.8855445715696013,-0.3304483944164467,0.9714604359249339
22.2482223,-2.6011985975100798,-0.36185268347310734,1.0541829886472152
22.25297704,-2.277837287214044,-0.38806256955204127,1.125029789120633
22.25773177,-1.9198919472922278,-0.4082086378798988,1.1836166588310764
22.26248651,-1.532280684854353,-0.4216667981964332,1.2297541742282063
22.26724125,-1.120320092682047,-0.42807307771754766,1.2634455450012148
22.27199599,-0.6896291583905292,-0.4273307196820952,1.284881200314469
22.27675073,-0.2460276557783486,-0.4196095534611414,1.294430327075587
22.28150547,0.20456848073134096,-0.40533783214720226,1.2926295780871004
22.28626021,0.6562521400422487,-0.3851869449320853,1.2801691347467175
22.29101495,1.103227660132608,-0.36004959600519804,1.2578762884490604
22.29576969,1.5399084293061944,-0.33101219357745165,1.2266967109294553
22.30052443,1.9610069582301526,-0.2993223091785374,1.187673620946014
22.30527917,2.361615187381615,-0.2663521484998881,1.1419251181653114
22.31003391,2.737273161641106,-0.23355902303033907,1.0906200343850865
22.31478865,3.0840246526236683,-0.20244383039165978,1.0349527358992427
22.31954339,3.3984588186572964,-0.17450854513721623,0.9761173903144141
22.32429813,3.677737536615614,-0.15121369537050913,0.915282281237033
22.32905287,3.9196085903776687,-0.13393675801007954,0.8535648107076907
22.33380761,4.122405426608676,-0.12393235044275099,0.7920078658157059
22.33856235,4.2850346582985575,-0.1222950319614867,0.7315582335917235
22.34331709,4.406952880807626,-0.1299254583287818,0.6730477181867873
22.34807183,4.48813464121627,-0.14750056102446726,0.6171775426376102
22.35282657,4.529033557083339,-0.17544835306662143,0.5645065084853411
22.3575813,4.530538615093767,-0.21392789828698958,0.5154432516431211
22.36233605,4.49392760453365,-0.2628149207048428,0.4702427867522143
22.36709079,4.420819473806114,-0.3216934721424217,0.42900738812682454
22.37184552,4.313127162808517,-0.38985401337933195,0.39169172268083735
22.37660026,4.1730121833239915,-0.4662981890339373,0.358112033539366
22.381355,4.002841915829408,-0.5497504814231134,0.3279590722947215
22.38610974,3.8051502834521314,-0.6386768088600715,0.3008143896946563
22.39086448,3.5826021672834902,-0.7313099879257533,0.27616951470291845
22.39561927,3.3379616531214356,-0.8256818098307976,0.2534474776032038
22.40037401,3.074063956620445,-0.9196612940511157,0.23202606376225213
22.40512875,2.793790669095333,-1.010998486165965,0.21126212225201446
22.40988349,2.5000478065398375,-1.0973729703890591,0.19051620033623853
22.41463823,2.195746035703811,-1.1764460798319647,0.1691767347620579
22.41939297,1.8837823975308114,-1.2459156178140187,0.14668300955886676
22.42414771,1.5670228509398134,-1.3035717595872873,0.12254609491690224
22.42890245,1.2482850156912597,-1.3473526929860127,0.0963670201512392
22.43365719,0.9303205946840443,-1.3753984853384391,0.06785151110294496
22.43841193,0.6157970933453324,-1.3861016380592992,0.03682073989343644
22.44316667,0.3072786151923589,-1.3781528134057897,0.0032176892576652625
22.44792141,0.007205686172928223,-1.3505802913608946,-0.03289108328562102
22.45267615,-0.2821257659406109,-1.3027818381156666,-0.07131829621975797
22.45743089,-0.5585859888864819,-1.2345478397903413,-0.11176322192060117
22.46218563,-0.8202331126335525,-1.1460747737246497,-0.1538230131430364
22.46694037,-1.0653344505975126,-1.0379683512880162,-0.19700753402275692
22.47169511,-1.2923867894723904,-0.9112359646757915,-0.24075702080536102
22.47644985,-1.500135028059384,-0.7672683964843713,-0.28446180701262097
22.48120459,-1.6875885257688947,-0.6078110928647703,-0.32748329838017187
22.48595933,-1.8540345494697574,-0.434925644150885,-0.369175372668216
22.49071407,-1.999048255276714,-0.25094244528064497,-0.4089054054652431
22.4954688,-2.122498702927659,-0.058405806970703515,-0.4460741822493335
22.50022354,-2.224550470856426,0.13998695528464636,-0.48013404488767114
22.50497828,-2.305660519358379,0.3414507232792409,-0.5106047308311753
22.50973302,-2.3665700384725024,0.5431801925798956,-0.5370864870310935
22.51448776,-2.408291117308135,0.7424179437109623,-0.5592701692841759
22.5192425,-2.4320881824192804,0.9365209895782186,-0.5769441636642019
22.52399724,-2.439454273438593,1.1230238659808947,-0.5899980840916377
22.52875198,-2.432082353038249,1.2996964387944479,-0.5984233050519048
22.53350672,-2.4118319836386695,1.4645947646993664,-0.6023104793325794
22.53826146,-2.3806918429753283,1.6161035555969008,-0.6018442682120391
22.5430162,-2.3407386918005733,1.7529690524577068,-0.5972955784975368
22.54777094,-2.2940935457807723,1.8743214040034315,-0.5890116602857606
22.55252568,-2.242875934950882,1.9796859604807613,-0.5774044730501144
22.55728042,-2.1891572517239504,2.068983223621848,-0.5629377744684169
22.56203516,-2.1349142859014507,2.1425175313641085,-0.546113421374499
22.5667899,-2.081984116579318,2.2009548908080308,-0.5274573876136072
22.57154464,-2.032021571831943,2.2452906961455663,-0.5075059916074467
22.57629938,-1.986460474227771,2.2768083707958864,-0.4867927822864865
22.58105412,-1.946479860369988,2.2970302455233615,-0.46583645579482785
22.58580886,-1.9129762917036046,2.307662217968942,-0.4451300724322218
22.5905636,-1.886543256708163,2.3105339261038145,-0.42513172385266795
22.59531834,-1.8674584963815468,2.307536302840985,-0.40625667838535434
22.60007313,-1.8556798633815643,2.3005584574240343,-0.3888709236084607
22.60482787,-1.8508500538413921,2.2914258480885885,-0.3732859466835505
22.60958261,-1.8523102408126537,2.281841666503389,-0.35975455830399194
22.61433735,-1.8591223074341028,2.273333244154114,-0.3484675813508272
22.61909209,-1.8700990481382733,2.2672051123367565,-0.33955128432725007
22.62384683,-1.8838413999425145,2.2645001034918906,-0.3330655245487028
22.62860157,-1.8987815031567565,2.2659695814579357,-0.3290026532267964
22.63335631,-1.9132301868786057,2.272053547424867,-0.32728730238592996
22.63811105,-1.9254273385349727,2.2828710066225026,-0.32777720839131397
22.64286578,-1.9335935517120946,2.298220618708683,-0.330265225251995
22.64762052,-1.9359814514552343,2.3175913111332895,-0.33448264801393796
22.65237526,-1.930925167628603,2.3401822243970067,-0.3401039129764632
22.65713,-1.9168865603970662,2.3649310916500874,-0.346752679012701
22.66188474,-1.8924969915524343,2.3905499388832196,-0.35400923306837007
22.66663948,-1.8565936713618783,2.4155668290001824,-0.3614191095455011
22.67139422,-1.8082498763796642,2.4383722635913987,-0.36850276989663144
22.67614896,-1.746798606302041,2.4572687983421146,-0.37476615296100285
22.6809037,-1.671849502068548,2.4705224178399896,-0.37971187356276914
22.68565844,-1.5832990614702631,2.4764142474521478,-0.3828508140953423
22.69041318,-1.4813343502102654,2.473291247072157,-0.3837138244683124
22.69516792,-1.366430514698368,2.4596146266440035,-0.381863227327252
22.69992266,-1.23934246674323,2.4340048393525766,-0.37690382381766835
22.7046774,-1.1010911448690106,2.3952821385281746,-0.36849311058259787
22.70943214,-0.9529447792727083,2.3425018227530665,-0.35635044644817643
22.71418688,-0.7963956121274242,2.274983436006845,-0.34026494148168457
22.71894162,-0.6331325609746548,2.19233333361773,-0.3201018774759093
22.72369636,-0.46501036224616565,2.094460169875072,-0.2958075051285933
22.7284511,-0.294015790454527,1.981583010156499,-0.26741209882753786
22.73320584,-0.12223160858399108,1.8542319203582094,-0.23503118666150483
22.73796058,0.048201042517755026,1.7132410397589162,-0.19886491405678366
22.74271532,0.21512107252562568,1.5597342995323333,-0.15919554596981733
22.74747006,0.37638593332065745,1.3951041060092262,-0.11638316235464471
22.7522248,0.5299094358113264,1.2209834625105616,-0.07085964824791677
22.75697954,0.6736981959124564,1.0392121525595606,-0.023121116679743082
22.76173427,0.8058860759707922,0.8517977467655251,0.026281072968864467
22.76648901,0.9247660633311094,0.6608723218908417,0.07675052412408968
22.77124375,1.02881911060022,0.4686458898310129,0.12765705253367254
22.77599849,1.1167395489723184,0.2773576229144015,0.1783487774980212
22.78075329,1.1874567749427545,0.08922602706509286,0.22816484031018142
22.78550797,1.2401530005138872,-0.0936007462652503,0.27644851548887034
22.79026276,1.2742769452330978,-0.2690932463735202,0.3225604592498541
22.7950175,1.2895534312794377,-0.4353865405646078,0.3658918207658211
22.79977224,1.2859889159167357,-0.5908223587093636,0.405876927451385
22.80452698,1.2638730551505146,-0.733986491961138,0.4420052462042707
22.80928172,1.2237764357981578,-0.8637404692106775,0.4738323178233989
22.81403646,1.1665446393325867,-0.9792466569387476,0.5009893627864849
22.8187912,1.093288810464022,-1.079986074421776,0.5231912672621826
22.82354594,1.005372898991684,-1.1657683848863643,0.5402426844588555
22.82830068,0.9043977290586427,-1.2367337113411907,0.5520420321039664
22.83305542,0.7921820307225205,-1.2933461294824098,0.5585832309940955
22.83781016,0.6707405503485317,-1.336378904222656,0.559955106496409
22.8425649,0.5422593442067486,-1.3668917549535498,0.5563384573162065
22.84731964,0.4090683584585076,-1.386200650613201,0.5480008773325201
22.85207438,0.2736114118362381,-1.3958408415641355,0.5352894915110545
22.85682912,0.13841372672529034,-1.397524024276091,0.5186218308247
22.86158386,0.006047200377628185,-1.3930907011371219,0.49847511928886584
22.8663386,-0.12090633106158467,-1.3844589367399247,0.4753742763481074
22.87109334,-0.23989351072641704,-1.3735708196233147,0.4498789513645132
22.87584808,-0.3484291570309195,-1.3623380111932106,0.42256990878425793
22.88060282,-0.4441367502200328,-1.352587799168239,0.39403507850452224
22.88535756,-0.5247891383289713,-1.3460110709134243,0.36485557946876573
22.8901123,-0.5883488094160769,-1.344113583392143,0.3355920156051886
22.89486704,-0.6330070012775859,-1.3481718328310563,0.30677133053883504
22.89962177,-0.6572208566836425,-1.35919472063151,0.2788744912802947
22.90437651,-0.6597477881067442,-1.3778920753344004,0.25232525406794803
22.90913125,-0.6396761967724753,-1.4046509270750636,0.22748025113251294
22.91388599,-0.5964517010708126,-1.4395202448798248,0.20462062656345073
22.91864073,-0.5298980715735528,-1.4822046424272581,0.18394544007625735
22.92339547,-0.4402321445194442,-1.5320673388177228,0.1655670437085455
22.92815021,-0.3280720906291441,-1.5881424320607715,0.14950861242145322
22.93290495,-0.19443854750977838,-1.6491563091336114,0.13570397194621991
22.93765969,-0.040748276707275904,-1.7135577822215886,0.12399981659749043
22.94241443,0.13119982435858288,-1.7795563106363397,0.1141603499221694
22.94716917,0.319246344218977,-1.8451674465029735,0.10587431688959215
22.95192391,0.5209004124588116,-1.9082644345358322,0.09876433213319918
22.95667865,0.733375794733144,-1.9666347075555033,0.09239834721601327
22.96143339,0.9536334430604182,-2.01803985591578,0.08630304199189077
22.96618813,1.1784297338271599,-2.0602775171941055,0.07997887037617671
22.97094287,1.404369459142823,-2.0912435388908923,0.07291643750998046
22.97569761,1.6279624947400102,-2.1089927176279937,0.06461383110739963
22.98045235,1.8456829572323965,-2.1117964184925606,0.054594473591838374
22.98520709,2.0540295911225903,-2.098195430817524,0.04242500586247274
22.98996188,2.2495860942837247,-2.0670465222908034,0.027732664946451543
22.99471662,2.4290800988232912,-2.0175613097131335,0.010221585460250862
22.9994713,2.589439568496568,-1.9493362678665154,-0.010312553560932521
23.00422605,2.727845449384042,-1.8623729423727307,-0.03397009581208362
23.00898079,2.8417795132459545,-1.75708771147963,-0.060737702854502265
23.01373558,2.929066459789889,-1.634310747287079,-0.09048182364310309
23.01849032,2.987909492501257,-1.495274149124326,-0.12294569878505875
23.02324506,3.016918749564313,-1.3415895488421972,-0.1577501573609174
23.0279998,3.0151321519824013,-1.175215806247805,-0.19439834620852622
23.03275454,2.9820284185544272,-0.9984177086822648,-0.2322844003492007
23.03750927,2.9175321840992487,-0.8137168487834816,-0.27070592328296783
23.04226401,2.8220113362615433,-0.623836068488137,-0.30888000382940217
23.04701875,2.6962668525535074,-0.43163901866404597,-0.3459623594476397
23.05177349,2.5415155701718835,-0.24006648946699907,-0.381069071530631
23.05652823,2.3593664547268096,-0.05207121676883849,-0.41330027196455665
23.06128297,2.151791048623558,0.129447132665479,-0.44176505691578427
23.06603771,1.9210888736734415,0.30170514610538834,-0.4656068468682451
23.07079245,1.669848633783247,0.4620954641146133,-0.4840283841311999
23.07554719,1.4009061105657128,0.6082417718395399,-0.4963155624058022
23.08030193,1.1172996659943915,0.7380477252324581,-0.5018593182539451
23.08505667,0.8222242611888528,0.8497387453680135,-0.5001748800245011
23.08981141,0.5189848700576295,0.941895822631545,-0.4909177622667968
23.09456615,0.21095011383875767,1.0134806932999336,-0.47389600778982083
23.09932089,-0.0984931280180101,1.0638519783620073,-0.4490783097380797
23.10407563,-0.4059834590660009,1.0927721035237798,-0.41659778651640395
23.10883037,-0.7082264808401869,1.1004050458335022,-0.3767513267574383
23.11358511,-1.002033602506229,1.087305171816621,-0.3299945632454224
23.11833985,-1.2843577679748222,1.0543976396062444,-0.2769326681898101
23.12309459,-1.5523258239737976,1.002951028174804,-0.21830728380677022
23.12784933,-1.8032673478395378,0.9345430255315665,-0.15498000984768845
23.13260407,-2.034739839447659,0.8510201504824926,-0.08791296198989844
23.1373588,-2.24455025428359,0.7544525960013212,-0.018146989710716974
23.14211354,-2.4307729121337562,0.6470853641907489,0.053221803321558715
23.14686828,-2.591763858132506,0.5312869121384787,0.12506656141109485
23.15162302,-2.7261717814764412,0.4094965447827383,0.1962545179773918
23.15637776,-2.8329456144340237,0.2841717762473974,0.2656715056532238
23.1611325,-2.9113389428537166,0.15773683679363618,0.33224549855447877
23.16588724,-2.9609113615208913,0.0325334310020103,0.39496859963598907
23.17064198,-2.9815269055477485,-0.0892252428722534,0.45291694918272135
23.17539672,-2.9733496843971823,-0.20549631834081522,0.505268104984106
23.18015146,-2.9368368396137274,-0.3144441683187362,0.5513155294762175
23.1849062,-2.8727289416947137,-0.41447177417611086,0.5904799131102002
23.18966094,-2.782037936048074,-0.504246082751027,0.6223171642763833
23.19441568,-2.6660327427352213,-0.5827170264779022,0.6465230000734724
23.19917042,-2.5262226099123293,-0.649130028346488,0.662934173004906
23.20392516,-2.3643383169320704,-0.7030319554876093,0.6715264601089646
23.2086799,-2.1823113204002538,-0.7442706209103617,0.6724096192008231
23.21343464,-1.9822509357647324,-0.7729880605029351,0.6658195818567416
23.21818943,-1.7664196493970132,-0.7896079299092446,0.6521082078240528
23.22294417,-1.537206663427832,-0.7948174713335695,0.6317309746113516
23.22769891,-1.2970997902911563,-0.7895445920290214,0.6052330206089449
23.2324536,-1.04865583882343,-0.7749306730963283,0.5732339978452375
23.23720839,-0.7944696713241122,-0.7522997888545413,0.5364122157586811
23.24196313,-0.5371421625452348,-0.7231250636354251,0.4954885632123117
23.24671787,-0.27924735681548696,-0.6889929248779625,0.45121067659022984
23.25147256,-0.023299196362009392,-0.6515660292332595,0.40433777468096666
23.25622735,0.22828172123220605,-0.6125456420437928,0.3556265082829996
23.26098209,0.47320081062403274,-0.5736342397197954,0.3058180809620138
23.26573683,0.7093209609868303,-0.5364990788392398,0.25562679759136864
23.27049157,0.9346920886442421,-0.502737435149027,0.20573010077359216
23.27524631,1.1475780201983659,-0.47384416037588584,0.15676007219544305
23.28000105,1.3464799168440018,-0.45118213565313714,0.1092963139600967
23.28475578,1.5301554539860915,-0.4359561186991152,0.06386008850954654
23.28951052,1.6976330117859524,-0.4291903894868857,0.020909586355006324
23.29426526,1.8482202152339433,-0.43171049854594695,-0.019163793371979522
23.29902,1.9815062882408132,-0.44412931647053067,-0.05603822881126502
23.30377474,2.097357854245853,-0.4668374765148181,-0.08946335951914901
23.30852948,2.1959080221411478,-0.49999819843776366,-0.11926125133786925
23.31328422,2.2775388332560356,-0.5435463849332149,-0.1453263828805791
23.31803896,2.3428574008026373,-0.5971917954466832,-0.16762456838630568
23.3227937,2.3926663317611347,-0.6604260286774561,-0.18619072565941447
23.32754844,2.427929264758714,-0.7325329865008133,-0.20112541318021238
23.33230318,2.4497325691136793,-0.8126024492521493,-0.2125900952466525
23.33705792,2.459244417369375,-0.8995463649839598,-0.22080114313580923
23.34181266,2.4576725602042906,-0.9921174423168893,-0.2260226368364842
23.3465674,2.4462221978904184,-1.0889296363831629,-0.22855808912788075
23.35132214,2.4260553582023046,-1.1884801284698272,-0.228741266800265
23.35607688,2.3982531582063995,-1.2891724204469623,-0.22692633006725527
23.36083162,2.363782246891122,-1.3893401926500648,-0.2234775494735413
23.36558636,2.3234665972318145,-1.4872716058201951,-0.21875888876540556
23.3703411,2.277965641628337,-1.581233761044138,-0.21312376107973902
23.37509584,2.2277595279041607,-1.6694970639446323,-0.20690527375320802
23.37985058,2.1731420210272634,-1.7503592692743568,-0.2004072741205909
23.38460532,2.1142212971460808,-1.8221690091539735,-0.19389649482986895
23.38936006,2.0509285815675606,-1.8833486322663366,-0.1875960713932855
23.3941148,1.9830342824340506,-1.9324162015047623,-0.1816806652008995
23.39886954,1.9101709798793067,-1.968006512013852,-0.17627337144937716
23.40362427,1.8318623598392245,-1.9888909980081277,-0.1714445255698424
23.40837901,1.7475569455225417,-1.9939963936627352,-0.16721244872536048
23.41313375,1.6566652894713472,-1.9824220006929512,-0.16354609887514238
23.41788849,1.558599154757557,-1.9534553943690312,-0.16036952413686875
23.42264323,1.4528111420261647,-1.9065863728062478,-0.15756795331396192
23.42739797,1.338833213151186,-1.8415189239128873,-0.15499530597929936
23.43215271,1.2163126216171887,-1.758180953407139,-0.15248286096254626
23.43690745,1.0850438799819089,-1.6567314896001055,-0.1498487858050476
23.44166219,0.9449955681812877,-1.5375650602856046,-0.14690819907016903
23.44641693,0.7963310025692563,-1.4013129280111172,-0.14348341196985195
23.45117167,0.6394220321849862,-1.2488408760267573,-0.13941397731718688
23.45592641,0.47485549289925966,-1.0812432620936923,-0.13456616591100462
23.46068115,0.30343211958463995,-0.8998331042486175,-0.1288414970955031
23.46543589,0.12615798101318085,-0.7061280330895567,-0.12218397407847302
23.47019063,-0.05577124580905313,-0.5018320384176698,-0.11458571611450316
23.47494537,-0.24099261099823924,-0.2888130511729968,-0.106090737385226
23.47970011,-0.4280040737242928,-0.0690765297619859,-0.09679669340193786
23.48445485,-0.6151975812419949,0.1552646429819483,-0.08685449597139565
23.48920959,-0.800895939317375,0.3820235065701232,-0.07646578237061577
23.49396433,-0.9833922465271754,0.6089750327682995,-0.06587830804453458
23.49871912,-1.1609905813839287,0.8338940936199528,-0.055379409321368575
23.50347381,-1.3320465892389297,1.0545945740505034,-0.04528774833072113
23.5082286,-1.4950066179666963,1.2689687277796102,-0.03594360371566349
23.51298328,-1.6484440992309741,1.475025812563105,-0.027698008800577448
23.51773802,-1.791091966017862,1.6709290065582352,-0.02090106774491767
23.52249276,-1.92187003526156,1.8550296044532224,-0.015889804346466693
23.52724756,-2.039906462343073,2.0258975219151862,-0.012975919651828106
23.5320023,-2.144552585568495,2.1823472012086076,-0.01243385263722997
23.53675704,-2.2353907161571556,2.323458109563355,-0.01448955038614087
23.54151177,-2.312234685357609,2.448589153257024,-0.0193103569379115
23.54626651,-2.3751232272655245,2.557386491023473,-0.02699641960809495
23.55102125,-2.424306544945561,2.64978441598706,-0.037573985327259425
23.55577599,-2.4602266682393683,2.725999181055899,-0.0509909165839816
23.56053073,-2.4834924525159567,2.7865158630318776,-0.06711469752809229
23.56528547,-2.4948502768969707,2.8320685884611247,-0.08573312615750947
23.57004021,-2.4951516681915473,2.8636146700953926,-0.10655779734043763
23.57479495,-2.4853191953835894,2.8823034155211866,-0.12923037156555497
23.57954969,-2.4663120432640353,2.8894405572311856,-0.15333149403534913
23.58430443,-2.4390926778158386,2.886449405458777,-0.17839207979450133
23.58905917,-2.4045959566538317,2.8748299332032143,-0.20390652242522908
23.59381391,-2.3637019143671063,2.856117061912257,-0.22934723615853542
23.59856865,-2.3172132680242745,2.8318394245557124,-0.25417983128837723
23.60332339,-2.265838449452018,2.8034798418716504,-0.27787817600376846
23.60807813,-2.2101806895284684,2.7724386611676626,-0.29993862681169814
23.61283287,-2.1507333716078536,2.740000979642842,-0.3198928088060633
23.61758761,-2.0878815559611383,2.707308610280289,-0.3373184749202201
23.62234235,-2.0219092751552346,2.6753374536958128,-0.35184814214413873
23.62709709,-1.9530119291614485,2.6448807224854365,-0.36317536704694514
23.63185183,-1.8813128816143492,2.6165382371132915,-0.3710586652225603
23.63660657,-1.8068831840534423,2.5907117870380105,-0.3753231912679838
23.6413613,-1.7297632401328213,2.567606339640051,-0.37586037769720504
23.64611605,-1.6499851723625938,2.5472366926935854,-0.3726257881810523
23.65087079,-1.5675946729149686,2.529439011408273,-0.36563547935480756
23.65562552,-1.4826712049750987,2.513886573486197,-0.35496119083392463
23.66038026,-1.3953455627945457,2.5001089667509513,-0.3407246966243604
23.665135,-1.3058139823046913,2.4875139414485044,-0.32309165196818773
23.66988974,-1.214348203393271,2.475411108230246,-0.3022652558039094
23.67464448,-1.1213011053988569,2.4630366873721243,-0.27848001883469325
23.67939922,-1.0271077586971569,2.449578550299439,-0.25199588137009055
23.68415396,-0.932281950166142,2.4342008475995556,-0.22309286775798193
23.6889087,-0.8374084422580631,2.416067585422458,-0.19206640197786323
23.69366344,-0.7431314069602826,2.3943645911490536,-0.15922334813311637
23.69841818,-0.6501396291106238,2.3683193958889106,-0.12487878368164623
23.70317292,-0.5591491913498954,2.3372186526381706,-0.08935346304768617
23.70792766,-0.4708844310949057,2.3004228025444227,-0.05297188498287746
23.7126824,-0.38605799745349145,2.2573777961301196,-0.016060840404362012
23.71743714,-0.305350835376868,2.2076237701248638,0.02105170843877837
23.72219188,-0.22939289010882247,2.1508006722008766,0.05803757910614449
23.72694662,-0.15874526245756643,2.086650913731129,0.09456931065707651
23.73170136,-0.09388445943560057,2.0150192130210947,0.1303212423984868
23.7364561,-0.035189279263995066,1.9358498665262045,0.16497085270274792
23.74121084,0.017069251969842193,1.849181751351595,0.19820045083928797
23.74596558,0.06273460854134076,1.755141416746158,0.22969928162462153
23.75072032,0.10176801534380024,1.6539346635434815,0.25916606953105
23.75547506,0.13424821821694521,1.5458370373404107,0.2863119975732523
23.7602298,0.16036790676515053,1.4311836729886045,0.3108640877628275
23.76498454,0.18042704341366098,1.310358924394098,0.33256892493819634
23.76973927,0.19482345534955528,1.1837861945782227,0.3511966450959367
23.77449401,0.20404112687461998,1.0519183468598077,0.3665450934613459
23.77924875,0.20863668714439876,0.9152290302386058,0.37844404654650865
23.78400349,0.20922462269522576,0.7742051929047177,0.38675938595464926
23.78875823,0.20646175689677182,0.6293409899529737,0.39139710844978065
23.79351297,0.20103153088661546,0.4811332174245996,0.3923070548566236
23.79826771,0.19362859388346043,0.3300783273311266,0.38948623820185585
23.80302245,0.18494416673010922,0.17667100034629749,0.3829816493259074
23.80777719,0.17565258400120368,0.021404177812746967,0.3728924174446899
23.81253193,0.1663993512446524,-0.1352296140603255,0.3593712050042257
23.81728667,0.1577909795633029,-0.29273587480608054,0.3426247208354508
23.82204141,0.1503867836441672,-0.4506149512609479,0.32291324346109374
23.82679615,0.14469275380165422,-0.6083583830961848,0.3005490596136357
23.83155089,0.1411575383762396,-0.7654451082608709,0.2758937453037108
23.83630563,0.14017049981001808,-0.9213378717575942,0.2493542507689356
23.84106037,0.14206173584639395,-1.0754801726565153,0.22137779486730297
23.84581511,0.147103887327828,-1.2272940605433262,0.19244562242243127
23.85056985,0.15551548800442755,-1.376179055567038,0.16306572035394462
23.85532459,0.16746555308412162,-1.5215124181297621,0.13376461755055596
23.86007933,0.18307905679695394,-1.6626509369037468,0.10507840765104369
23.86483407,0.20244292051110852,-1.7989343384191474,0.0775431382546918
23.86958881,0.2256121264411365,-1.9296903486891492,0.051684713136043545
23.87434355,0.25261558934193107,-2.0542413584209087,0.02800846244385006
23.87909828,0.28346145757179125,-2.1719125605533285,0.006988550958751954
23.88385302,0.31814157004656707,-2.2820413453900454,-0.01094258694130828
23.88860776,0.3566348596572185,-2.3839876583142163,-0.025404579332468185
23.8933625,0.39890955967817104,-2.47714495239243,-0.03607899584502387
23.89811724,0.44492413259262653,-2.5609513080670916,-0.042718545053059685
23.90287198,0.4946268984451343,-2.634900249832549,-0.0451553571622808
23.90762672,0.547954392414637,-2.698550770204656,-0.04330811856634858
23.91238146,0.6048285299602996,-2.7515360783150755,-0.037187827772799206
23.91713625,0.665152703592453,-2.793570626282306,-0.026901949144068273
23.92189094,0.7288069779346593,-2.8244550312161003,-0.012656754061773544
23.92664568,0.7956425879142464,-2.8440786022127083,0.0052423381573320675
23.93140042,0.8654759765097292,-2.8524192958884025,0.026392572202799097
23.93615516,0.9380826311748457,-2.8495410550373825,0.050297926509013845
23.9409099,1.013190989874811,-2.8355886257126066,0.07637548823429122
23.94566469,1.0904766873877942,-2.810780090273856,0.10396411800919435
23.95041938,1.1695574000819398,-2.7753974887876485,0.13233532481901453
23.95517417,1.2499885243857347,-2.729776019077636,0.1607062093788914
23.95992886,1.3312598941838834,-2.6742923974562887,0.18825427784422152
23.9646836,1.4127937102379984,-2.6093530202085304,0.214133880093771
23.96943839,1.4939438247424044,-2.535382585771527,0.23749399032630886
23.97419313,1.5739964980079877,-2.452813818342238,0.25749702148773873
23.97894782,1.6521727207585863,-2.362078877899161,0.27333834452399336
23.98370261,1.7276321719834116,-2.263602954958218,0.28426616154565376
23.98845735,1.7994788568981963,-2.157800438608025,0.2896013518600694
23.99321209,1.8667684424520474,-2.045073922016657,0.2887568681583288
23.99796683,1.9285172805155246,-1.9258161781006324,0.2812562096627218
24.00272157,1.983713082842937,-1.8004151045091363,0.2667504490906556
24.0074763,2.0313271872841967,-1.6692615043646466,0.24503325450618407
24.01223104,2.0703283302740463,-1.5327594389413737,0.21605333857760775
24.01698579,2.099697814236654,-1.3913387622097229,0.17992379392850424
24.02174052,2.118445928001347,-1.2454693273216733,0.13692783384646115
24.02649526,2.1256294420921056,-1.0956762454234177,0.08752054619063197
24.03125,2.1203699585579554,-0.9425554827602505,0.03232637643709675
24.03600474,2.1018728481039997,-0.7867890087138495,-0.027867823589918034
24.04075948,2.069446458393176,-0.6291586609187986,-0.09212421575905803
24.04551422,2.0225212303283127,-0.4705578788233047,-0.15936976340963657
24.05026896,1.9606683178012703,-0.31200047725438107,-0.2284161452193901
24.0550237,1.8836172735864578,-0.15462568779917193,-0.2979834103461885
24.05977844,1.7912723409713178,0.00030121297744808116,-0.36672684895277435
24.06453318,1.6837268778241503,0.15139324605378865,-0.4332664201755207
24.06928792,1.561275438026223,0.2971514489509187,-0.4962179654246225
24.07404266,1.4244230463318674,0.43598020094905665,-0.5542253482483424
24.0787974,1.273891228827666,0.5662081888134158,-0.6059926113090941
24.08355214,1.1106204037437286,0.6861148381241058,-0.6503152312238849
24.08830688,0.9357682969774915,0.793961819515799,-0.6861095829535523
24.09306162,0.7507041228841053,0.8880290253305259,-0.7124397921399993
24.09781636,0.5569983622651784,0.9666542097184481,-0.7285412486093218
24.1025711,0.35640807374864647,1.02827530326104,-0.7338401691267274
24.10732584,0.15085778896037585,1.071474259805985,-0.7279687253348353
24.11208058,-0.05758383704680649,1.0950211747031664,-0.710775387863875
24.11683532,-0.2667313236803912,1.097917334356773,-0.6823302752352669
24.12159006,-0.4743131889436526,1.0794358194409022,-0.642925432407312
24.1263448,-0.6780057556741969,1.0391582891463993,-0.5930700946795232
24.13109954,-0.8754692828442363,0.9770066211244093,-0.5334811139967007
24.13585427,-1.0643856675752514,0.8932681703545872,-0.4650688325779126
24.14060901,-1.2424968879302196,0.7886135385797332,-0.38891878063237756
24.14536375,-1.4076433077004409,0.6641059123133102,-0.3062696501043438
24.15011849,-1.5578009459525803,0.5212012289408829,-0.21848805626112894
24.15487323,-1.691116828341443,0.3617386629754573,-0.1270406462180424
24.15962797,-1.8059415850879248,0.18792118260111643,-0.03346415136449133
24.16438271,-1.900858541533635,0.002286203766788694,0.06066598838330327
24.16913745,-1.9747086588225133,-0.19233334186515091,0.15376777582029658
24.17389219,-2.0266108194778254,-0.3928569155339344,0.24428491356470738
24.17864693,-2.0559771076314184,-0.596012357474384,0.33071849178799134
24.18340167,-2.0625228965849636,-0.7983987736514222,0.4116574406094312
24.18815641,-2.0462717170096973,-0.9965548882771971,0.48580710687760653
24.19291115,-2.0075550285923245,-1.187031197511223,0.5520153546042114
24.19766589,-1.947007149734409,-1.366464067807296,0.6092956354872352
24.20242063,-1.8655557089427923,-1.5316497785997183,0.6568465230450582
24.20717537,-1.7644080626516108,-1.6796164239471372,0.6940672455639098
24.21193011,-1.6450341714144703,-1.807691570920471,0.7205687910199118
24.21668485,-1.5091464339740055,-1.9135636310281074,0.7361802029478568
24.22143959,-1.3586769434007657,-1.9953350385007897,0.7409497591344509
24.22619433,-1.1957525525103847,-2.0515655459380775,0.7351408437319604
24.23094907,-1.0226680237849695,-2.0813042399396977,0.7192224960003598
24.2357038,-0.8418574042539381,-2.0841092383874633,0.6938548368745476
24.24045855,-0.6558636256837347,-2.0600544429895415,0.6598698140169087
24.24521329,-0.46730620694082003,-2.0097231666811415,0.6182479345561187
24.24996802,-0.27884685299796336,-1.9341889135548473,0.5700918403652592
24.25472276,-0.09315272670895089,-1.8349840362522238,0.5165976996698086
24.2594775,0.08714276885916875,-1.7140574101183323,0.45902542978241634
24.26423224,0.25948171386700114,-1.5737226252208796,0.3986687309801614
24.26898698,0.42142569647827804,-1.416598490765154,0.3368258142484486
24.27374172,0.5707016600240558,-1.2455438607316396,0.27477156605154646
24.27849646,0.7052487940954459,-1.0635889190370742,0.21373173359558434
24.2832512,0.8232653974166511,-0.873865105513902,0.15485955386253916
24.28800594,0.923254380375282,-0.6795358218579195,0.09921510379798273
24.29276068,1.0040658709943113,-0.48372993347668736,0.047747527157031996
24.29751542,1.064935256299365,-0.2894798859237735,0.0012802010239500168
24.30227016,1.1055149431248557,-0.09966599358505145,-0.039501156643128886
24.3070249,1.1258981658730274,0.08303185316141512,-0.07405747046763042
24.31177964,1.1266333065794942,0.2561741622611404,-0.10200242560400162
24.31653438,1.1087274228943238,0.41759295979686945,-0.1231057625465281
24.32128912,1.0736379949879273,0.5654138846323645,-0.1372937878016073
24.32604386,1.0232522899659076,0.698069438169386,-0.144647142686319
24.3307986,0.9598541832995959,0.8143038919366578,-0.14539588739704523
24.33555334,0.8860787471458325,0.9131706369282852,-0.13991198431028534
24.34030808,0.8048553884258746,0.9940229873315147,-0.12869930007813637
24.34506282,0.7193407685293708,1.0564996182367337,-0.11238128618371332
24.34981756,0.6328431381517692,1.1005059155480703,-0.09168653864746004
24.3545723,0.5487400573187842,1.1261925434908278,-0.067432477051974
24.35932704,0.47039173086042657,1.1339324916469649,-0.040507419087642826
24.36408177,0.4010523676313185,1.1242977546189388,-0.01185135766717773
24.36883651,0.3437820647895194,1.0980366334605167,0.01756422813754181
24.37359125,0.3013617251972427,1.05605244368644,0.04675718009938884
24.37834599,0.27621343799226716,0.9993841874235339,0.07475572682577483
24.38310073,0.27032859584990826,0.9291895145451369,0.10061944262177355
24.38785547,0.28520579828692555,0.8467300744706601,0.1234597260192347
24.39261021,0.32180031138357607,0.7533591578771819,0.1424594155139296
24.39736495,0.38048653245466213,0.6505113530764408,0.15689114962981318
24.40211969,0.4610345534815988,0.539693799608063,0.166134071433707
24.40687443,0.5626015383083155,0.42247851453095836,0.16968848087334548
24.41162917,0.6837382344441457,0.3004951971587775,0.16718805827866348
24.41638391,0.8224105400535876,0.1754238873190215,0.158409322515714
24.42113865,0.9760356499739147,0.048986861438821305,0.1432780466170413
24.42589339,1.141531920948722,-0.07706080108372133,0.12187242744566477
24.43064813,1.315381234641495,-0.20094246506332233,0.09442288788936012
24.43540287,1.4937023054003524,-0.32087337055681664,0.061308475026770115
24.44015761,1.6723330854501037,-0.4350764817799445,0.02304990236914887
24.44491235,1.846920170294367,-0.5418008365924121,-0.019700633296929407
24.44966709,2.013012909162676,-0.6393423200372478,-0.06617265136784563
24.45442183,2.1661597877074006,-0.7260666249323995,-0.115493321217083
24.45917657,2.3020045818892063,-0.8004340062597256,-0.16670578365316607
24.46393131,2.4163797918654244,-0.8610252885720192,-0.21878946006104383
24.46868605,2.5053949596545055,-0.9065684506414073,-0.270681910847302
24.47344078,2.5655176576429293,-0.9359649926941228,-0.32130178348151045
24.47819552,2.593645204262651,-0.9483151926508353,-0.3695723848487981
24.48295026,2.5871655088580745,-0.9429412834795828,-0.4144454170441449
24.487705,2.5440058528116625,-0.9194075401964115,-0.45492442181352005
24.49245974,2.462668855158546,-0.877536259861781,-0.4900874797650433
24.49721448,2.3422553216798776,-0.8174186593832954,-0.5191087042951671
24.50196922,2.1824741111061297,-0.7394198113950154,-0.5412780603546714
24.50672396,1.9836395498285495,-0.6441768925726871,-0.5560190319414845
24.5114787,1.7466572737967136,-0.5325902315518022,-0.5629036682472304
24.51623344,1.472999665515638,-0.4058069093097683,-0.5616645643867191
24.52098818,1.1646722808308694,-0.2651969714223954,-0.5522033830470507
24.52574292,0.8241728211467492,-0.11232264191801412,-0.5345955982333506
24.53049766,0.45444429924713026,0.051098737395054064,-0.5090912374228662
24.5352524,0.05882406959338691,0.22323700062900426,-0.47611150708408545
24.54000714,-0.359009652885601,0.40219536096006414,-0.43624130157683805
24.54476188,-0.7950922756190104,0.5860589694742749,-0.39021771160747193
24.54951662,-1.2452269793431325,0.772944110468225,-0.3389147628111958
24.55427136,-1.7050374341000372,0.9610462213208099,-0.2833247262333103
24.5590261,-2.170018249749424,1.1486849088149547,-0.22453644846224824
24.56378084,-2.6355826292578266,1.3343441934252769,-0.16371124576805549
24.56853558,-3.0971069981714976,1.5167063452230232,-0.10205698770207179
24.57329032,-3.5499726722292237,1.694677874595587,-0.040801055097266614
24.57804506,-3.989604873900871,1.8674065016327819,0.01883710849844104
24.5827998,-4.411509598120564,2.0342882421572255,0.07567312443729057
24.58755454,-4.811308944277683,2.194964106757646,0.1285837725933623
24.59230927,-5.184775569538007,2.3493063009262887,0.17653137225595203
24.59706401,-5.527866878836162,2.497394226785828,0.21858582477549435
24.60181875,-5.836759457402351,2.639481005117969,0.25394376687122067
24.60657349,-6.10788408674816,2.7759516434131344,0.2819443827506849
24.61132823,-6.337961483076566,2.90727435234443,0.3020815481163874
24.61608297,-6.524038677227988,3.0339468393130833,0.31401212435187476
24.62083771,-6.663525734194901,3.156439664430476,0.31756037441352464
24.62559245,-6.754232300928431,3.2751389161183453,0.31271861692182656
24.63034719,-6.794403283885615,3.390290541120483,0.2996443561095231
24.63510193,-6.782752801849328,3.501948644948995,0.27865421182596556
24.63985667,-6.718495444254739,3.6099299679462393,0.25021502121777356
24.64461141,-6.601373798890189,3.7137765481405576,0.2149324935933014
24.64936615,-6.431681200757846,3.812728316299898,0.173537779298437
24.65412089,-6.210278696751523,3.9057070435550685,0.12687227354535913
24.65887563,-5.938605314250326,3.9913126910048797,0.0758709308740787
24.66363037,-5.618680857003838,4.06783280803468,0.02154432856086346
24.66838511,-5.253100616327579,4.13326520621393,-0.03504030282106858
24.67313985,-4.845021563949476,4.185353712282214,-0.09277886294913336
24.67789459,-4.398139768261991,4.221636388727925,-0.15055074154239334
24.68264933,-3.9166589357269332,4.239505213415179,-0.20723948403225617
24.68740407,-3.405250120388528,4.23627583830918,-0.261753453341362
24.69215881,-2.8690027740101005,4.209265708249153,-0.3130461385506059
24.69691354,-2.3133674413013123,4.155878520359869,-0.3601357286867859
24.70166828,-1.744090553777317,4.073692749466059,-0.402123550763513
24.70642302,-1.1671419517376287,3.9605517610265584,-0.43821097065096304
24.71117776,-0.5886359679066053,3.814652886851957,-0.46771437564951135
24.7159325,-0.014747130055415074,3.63463275640887,-0.4900778976811068
24.72068724,0.5483782330872298,3.4196461635469326,-0.5048835914083332
24.72544198,1.0947129887738185,3.1694358094638053,-0.5118588450463447
24.73019672,1.6184411335147624,2.884390400336676,-0.5108808639737034
24.73495146,2.1140488743181725,2.5655887930935557,-0.501978120557996
24.7397062,2.5764130048550165,2.214828174165168,-0.4853287057497063
24.74446094,3.0008847156946863,1.8346346204362847,-0.4612555548151831
24.74921568,3.3833670217521536,1.4282548228746768,-0.4302185618133481
24.75397042,3.720384078599619,0.9996282421040548,-0.3928036538550538
24.75872516,4.0091407850835665,0.5533394992920899,-0.34970896851484184
24.7634799,4.247571227449228,0.09455137095808859,-0.3017283613250133
24.76823459,4.4343747073230215,-0.37108066307409376,-0.2497325591824122
24.77298938,4.569038311988033,-0.8375107910321894,-0.19464836630308496
24.77774412,4.65184523086662,-1.2984200759382913,-0.13743641945479868
24.78249886,4.683868297773088,-1.7473458992662247,-0.07906807272689191
24.7872536,4.666948545617453,-2.177820587732247,-0.02050205892316554
24.79200834,4.603658899771912,-2.5835157869247944,0.03733838692281933
24.79676302,4.497253505200689,-2.9583888465160038,0.09358725621191204
24.80151776,4.351603568935632,-3.296827276423968,0.1474557043238668
24.8062725,4.171120981275578,-3.593787231868629,0.19824963375658242
24.81102724,3.960671326796091,-3.8449219979748324,0.24538446173450754
24.81578198,3.7254781809374595,-4.046696580355172,0.28839671499091263
24.82053672,3.4710207896251903,-4.196484773536023,0.32695218400470943
24.82529146,3.2029273424841453,-4.292645477065972,0.36085043944877837
24.8300462,2.9268660836069684,-4.334575556981469,0.3900255707612479
24.83480094,2.64843647688051,-4.322737197564366,0.4145430617688449
24.83955568,2.373062579671271,-4.258658435304798,0.434592782536806
24.84431042,2.105890701304241,-4.144906385093901,0.4504781589981559
24.84906516,1.8516933443325014,-3.9850335232051526,0.462601687951534
24.8538199,1.614781346870221,-3.7834982458086714,0.4714470956580592
24.85857464,1.39892605046142,-3.545561740518758,0.4775585880430972
24.86332938,1.2072931903722348,-3.277163961027205,0.48151779652651117
24.86808412,1.0423900252467768,-2.9847821559969665,0.48391916691997877
24.87283886,0.9060269802682505,-2.675275953115169,0.4853446492982076
24.8775936,0.7992947731914968,-2.3557234213137535,0.48633860890795183
24.88234834,0.7225576369960727,-2.0332528147003277,0.48738388727288157
24.88710308,0.6754628633659179,-1.714874829064287,0.4888799055257938
24.89185782,0.6569664850616299,-1.4073201684752734,0.4911236323312897
24.89661256,0.6653745068614887,-1.116887024238953,0.494294149844009
24.9013673,0.6983986949748235,-0.8493027170434917,0.4984414504136276
24.90612204,0.7532255523244497,-0.6096032578978761,0.5034799840582626
24.91087677,0.8265967500335454,-0.4020339630159083,0.5091873464431113
24.91563151,0.9148989631987278,-0.22997353619591168,0.5152083425623096
24.92038625,1.0142607832992894,-0.09588323753894676,0.5210644793510641
24.92514099,1.120654164586428,-0.0012819198509662893,0.5261687341762663
24.92989573,1.2299977226970247,0.053253134976554435,0.5298452259491389
24.93465047,1.3382591533938817,0.06806047697262156,0.5313531981148684
24.93940521,1.4415540840471717,0.04434552491516284,0.5299145272397893
24.94415995,1.5362388068332864,-0.015889236303100778,0.5247438132535532
24.94891469,1.618994557707926,-0.10993190423157598,0.5150799949191789
24.95366943,1.6869012808671466,-0.23446316758517202,0.500218364365806
24.95842417,1.7374991375964453,-0.38566882960903326,0.4795418194319114
24.96317891,1.7688363696693952,-0.5593587856903702,0.4525501852295985
24.96793365,1.7795025053179123,-0.7510883332496899,0.41888645649574513
24.97268839,1.7686462977422475,-0.9562777868947981,0.37835886730403706
24.97744313,1.7359782085549333,-1.1703266203463445,0.33095779617155086
24.98219787,1.6817576840149817,-1.3887187491008086,0.2768666731379781
24.98695261,1.606765909055396,-1.6071160879709714,0.21646627595137746
24.99170735,1.5122651497484445,-1.8214381434132243,0.1503320808951095
24.99646209,1.3999461959223445,-2.0279261046237713,0.0792246550815714
25.00121683,1.2718657793952786,-2.2231906477563705,0.004073415753152741
25.00597157,1.1303761561907955,-2.404243428139278,-0.07404559509540423
25.01072631,0.9780492877470932,-2.568512966940339,-0.15393700107267674
25.01548104,0.8175982192613054,-2.7138463009788993,-0.23431733515102807
25.02023578,0.6517983157764906,-2.838498318225397,-0.31384902341070536
25.02499052,0.4834109659446331,-2.9411111134411403,-0.3911758714322637
25.02974526,0.3151121970077773,-3.0206859459731477,-0.4649588410982288
25.0345,0.1494283718412089,-3.076550457617484,-0.5339109491870612
25.03925474,-0.011319221593869765,-3.1083237205242624,-0.5968301651871682
25.04400948,-0.1650595038321987,-3.115881453074032,-0.652629239553163
25.04876422,-0.31000554398459035,-3.099323393192701,-0.7003614772305038
25.05351896,-0.4446768775784146,-3.058944386018937,-0.7392416110535837
25.0582737,-0.5679102598214151,-2.9952102602427306,-0.7686611423849942
25.06302844,-0.6788593775906298,-2.908739067761251,-0.7881977994989637
25.06778318,-0.7769844703669893,-2.8002877744873107,-0.7976190932739999
25.07253792,-0.8620331808990946,-2.6707440426771702,-0.7968802841411919
25.07729266,-0.9340142528576055,-2.521122360416018,-0.7861173685413378
25.08204735,-0.9931658983990047,-2.3525634720471293,-0.7656359097895511
25.08680214,-1.0399207597756581,-2.166335859918904,-0.7358966564563607
25.09155683,-1.0748693774881297,-1.9638379320149422,-0.6974989095732187
25.09631162,-1.0987239514737766,-1.7465995833176977,-0.6511625319145224
25.1010663,-1.1122839488168998,-1.5162819147083004,-0.5977093607265259
25.1058211,-1.1164047900072904,-1.2746740976180952,-0.5380446151452649
25.11057578,-1.1119704671608572,-1.0236866433995553,-0.4731387071993678
25.11533052,-1.0998705539667297,-0.7653406440659644,-0.4040096959983973
25.12008526,-1.0809817036309652,-0.5017528628268974,-0.3317064904603725
25.12484,-1.0561534340108416,-0.2351168397689718,-0.25729282060237
25.12959474,-1.02619778645487,0.03231957843948905,-0.1818319624440856
25.13434948,-0.9918823157898262,0.29827968267357075,-0.1063722063676773
25.13910422,-0.9539258109471996,0.5604855731649502,-0.03193308602579097
25.14385896,-0.9129961428308502,0.8166872145149359,0.04050758320124962
25.1486137,-0.8697096732896561,1.064691974119239,0.11002578476125119
25.15336844,-0.8246317245192093,1.302393731533971,0.17576242416866789
25.15812318,-0.7782776937026499,1.527800676991876,0.2369334315053948
25.16287792,-0.7311144986919915,1.7390609910500532,0.29283880247248617
25.16763266,-0.6835621536040585,1.9344857106962945,0.3428705559882466
25.1723874,-0.6359953918737146,2.1125682321167383,0.3865195870411879
25.17714214,-0.5887453669360104,2.272000064582196,0.4233813687047995
25.18189688,-0.5421015528756034,2.411682619451003,0.45316041028300597
25.18665162,-0.4963140270859647,2.530734980094986,0.4756733234493269
25.19140636,-0.4515963389811785,2.6284977432404375,0.4908503043102516
25.1961611,-0.40812915539166694,2.7045331450772783,0.49873482371059114
25.20091584,-0.3660648313927799,2.7586217857961484,0.4994813396718834
25.20567058,-0.32553299231313976,2.7907563453189534,0.4933509031674926
25.21042532,-0.2866471337218067,2.8011327424308052,0.4807046118536199
25.21518006,-0.2495121546914823,2.7901392299294216,0.46199496271646573
25.2199348,-0.21423263936593698,2.7583439394551914,0.4377552519850734
25.22468954,-0.18092159878619807,2.706481390841072,0.40858726129595924
25.22944427,-0.14970928740455275,2.635438462342571,0.3751475489449489
25.23419901,-0.1207516263793952,2.5462402812909293,0.3381327315382586
25.23895375,-0.09423770800178898,2.440036441772546,0.2982641912736151
25.24370849,-0.07039583040229241,2.318087889616021,0.2562726733916348
25.24846323,-0.04949752475310251,2.181754738281148,0.21288324344196716
25.25321797,-0.03185909150843434,2.0324851953347394,0.1688010533620089
25.25797271,-0.017840257653772673,1.8718056910584888,0.12469832013426144
25.2627274,-0.007839699775746143,1.7013122106966239,0.08120285448711648
25.26748214,-0.0022873402398288956,1.5226627412021287,0.03888839507007215
25.27223688,-0.0016335033043610556,1.3375706525939515,-0.0017330873212777261
25.27699162,-0.006335197655869581,1.14779874396836,-0.040217042704403946
25.28174636,-0.016839953378229695,0.9551535971221635,-0.07618996471056134
25.2865011,-0.03356777040781421,0.761479801209278,-0.10935106962154477
25.29125584,-0.05689182552875741,0.5686535464290938,-0.13947217710784082
25.29601058,-0.08711863710929281,0.37857504111084783,-0.16639598090882252
25.30076532,-0.12446840689745267,0.1931591926423755,-0.19003292285332393
25.30552006,-0.16905625371213276,0.014324015868218626,-0.21035689020245088
25.3102748,-0.22087503220828383,-0.15602370140770752,-0.22739994503313388
25.31502954,-0.2797803975224018,-0.3160058342598512,-0.24124626912674785
25.31978427,-0.34547873792912714,-0.4637936584166731,-0.2520254755892726
25.32453901,-0.4175185540805184,-0.5976318897251757,-0.25990540749759516
25.32929375,-0.4952858132039094,-0.7158657871653048,-0.2650845212420479
25.33404849,-0.5780037456881799,-0.8169708159234462,-0.26778394240821407
25.33880323,-0.664737474654285,-0.8995840883160983,-0.26823928830766125
25.34355797,-0.7544037713195114,-0.9625365277603838,-0.2666923783734616
25.34831271,-0.8457861057538033,-1.0048844598683213,-0.2633830084863505
25.35306745,-0.937555010248374,-1.0259391552056745,-0.2585410525531501
25.35782219,-1.028293587892198,-1.0252927610424325,-0.2523792667911535
25.36257693,-1.1165277798128401,-1.0028390889574743,-0.24508727920178183
25.36733167,-1.2007607509888112,-0.9587878825390594,-0.23682729641409278
25.37208641,-1.2795104729452202,-0.8936714685120108,-0.22773199665569466
25.37684115,-1.3513492897089765,-0.8083430724483701,-0.21790487313443696
25.38159589,-1.414943982718525,-0.7039665207784378,-0.20742297105868512
25.38635063,-1.4690946422168993,-0.581997511231083,-0.19634159998288755
25.39110537,-1.5127705470611332,-0.4441570720472161,-0.18470030127452747
25.39586011,-1.545141279341626,-0.29239821260111243,-0.17252919356397795
25.40061485,-1.5656014637579843,-0.1288670731982424,-0.1598548462089662
25.40536954,-1.573787814492193,0.04413989995587425,-0.14670502292752383
25.41012433,-1.5695875678300448,0.22422110012281363,-0.1331119279393001
25.41487901,-1.5531378384532406,0.40891553267784525,-0.11911388917163936
25.41963375,-1.5248159183369774,0.5957475725344142,-0.10475565511957786
25.42438849,-1.4852210009812266,0.7822692006038765,-0.09008762673403815
25.42914323,-1.4351482311303188,0.9660984292478854,-0.07516439377668936
25.43389797,-1.3755563313547037,1.1449529077543286,-0.06004292258019358
25.43865271,-1.3075303278915056,1.3166780247436543,-0.044780683811764095
25.44340745,-1.2322410780032584,1.4792691687861053,-0.029433943214040668
25.44816219,-1.1509033824739798,1.630888142964572,-0.014056379746566374
25.45291693,-1.064734449267753,1.769874028370297,0.001301855480378483
25.45767167,-0.9749143669407314,1.894749038144335,0.016594576214893353
25.46242641,-0.8825500671559824,2.0042200898251887,0.03177948507196234
25.46718115,-0.7886440274170319,2.0971769490510836,0.0468176324108001
25.47193589,-0.6940687100632722,2.1726878651330876,0.0616725087299216
25.47669063,-0.599547469181353,2.2299936322053404,0.07630890247664047
25.48144537,-0.5056423951600524,2.268500972402852,0.09069166164706419
25.48620011,-0.41274931437224766,2.2877760554637447,0.1047844748715014
25.49095485,-0.32109992347618066,2.2875388508739647,0.11854874259481614
25.49570959,-0.23077081718071074,2.2676588649314757,0.13194255613560293
25.50046433,-0.14169896671950732,2.228152656549306,0.14491975948480873
25.50521907,-0.053703023941331134,2.1691833604527786,0.15742904948120526
25.5099738,0.033490337862770315,2.091062279565392,0.16941307899001753
25.51472854,0.12021598112063162,1.9942524421115377,0.18080755886721595
25.51948329,0.206836821562486,1.8793738542978073,0.19154039467200848
25.52423802,0.2937084771345514,1.7472100175910101,0.20153092938907385
25.52899276,0.38114330637528115,1.5987151237535733,0.21068938506638396
25.53374745,0.46937515682344205,1.4350211974584457,0.21891660301406796
25.53850219,0.5585261758136291,1.257444335481241,0.22610417837297503
25.54325693,0.6485770293082629,1.067489104939548,0.23213507593216037
25.54801167,0.7393418214861627,0.8668501215604303,0.236884802825374
25.55276641,0.8304489039090902,0.6574098395195119,0.24022319907039855
25.55752115,0.9213286083627996,0.4412316490079074,0.24201688555466458
25.56227589,1.0112087369998237,0.22054749383987535,0.2421323785494021
25.56703063,1.0991184059720258,-0.002260616228039592,0.24043984086800524
25.57178537,1.183900575135173,-0.22468562141187495,0.23681739682696643
25.57654011,1.2642333174747138,-0.4441271419028873,0.2311558979744406
25.58129485,1.3386595962154666,-0.6579298396965081,0.22336399559992418
25.58604959,1.4056250296315955,-0.8634280333167763,0.21337335839068555
25.59080433,1.463522833498809,-1.057995863822651,0.20114387038911366
25.59555907,1.5107448365894534,-1.2391019660675011,0.18666865459572968
25.60031381,1.545737164850292,-1.4043672410282937,0.16997878819822998
25.60506854,1.5670588905128142,-1.5516239672254026,0.1511475999512906
25.60982328,1.5734416578305734,-1.6789741544395207,0.130294456185259
25.61457802,1.5638480495548197,-1.784844763633795,0.10758793122208944
25.61933276,1.5375262746366873,-1.868037234614143,0.08324820355280618
25.6240875,1.494058667865834,-1.9277687224623565,0.05754841783064001
25.62884224,1.433401526591852,-1.9637025829779755,0.030814628486866984
25.63359698,1.355913993412025,-1.9759659839642618,0.003423845919025488
25.63835172,1.2623740386269326,-1.9651530427991655,-0.024200297256777376
25.64310646,1.1539800960038238,-1.9323125653410904,-0.05159461434931168
25.6478612,1.032337535586675,-1.8789202355355048,-0.07826626845596973
25.65261589,0.8994298781941805,-1.8068359221893135,-0.10370528973374897
25.65737063,0.7575754147782867,-1.7182475701187858,-0.12739917004078807
25.66212537,0.609370627426841,-1.6156038663261663,-0.14884876734612656
25.66688011,0.45762245562797815,-1.501538460653202,-0.16758463929921633
25.67163485,0.30527196516618893,-1.3787889320543056,-0.183182924621608
25.67638959,0.15531233632257263,-1.2501139073270888,-0.195279968936444
25.68114433,0.010704292620708876,-1.1182117618981375,-0.20358501161785866
25.68589907,-0.1257078500557504,-0.98564417856545,-0.20789038888073938
25.6906538,-0.25127641257829053,-0.8547675324470437,-0.2080788575249835
25.69540855,-0.36362396571260863,-0.7276746343358476,-0.20412780299973937
25.70016329,-0.46070775829077576,-0.6061488281850779,-0.19611026305824455
25.70491802,-0.5408728188737554,-0.491631831234607,-0.18419286606547422
25.70967276,-0.6028920973154229,-0.3852060576923644,-0.16863093588389672
25.7144275,-0.6459925737247968,-0.28759150908444503,-0.14976113526959867
25.71918224,-0.6698668449276676,-0.19915667577365456,-0.1279920933494995
25.72393698,-0.6746702700509303,-0.11994230249976859,-0.10379348733133316
25.72869172,-0.6610042884363495,-0.04969635115745689,-0.07768403328210889
25.73344646,-0.6298869935879314,0.012081932354286309,-0.05021880128917271
25.7382012,-0.5827124435555687,0.0660912567468107,-0.02197622125793195
25.74295594,-0.5212005042919755,0.11317343353081566,0.006454903993969306
25.74771063,-0.4473392542582397,0.154257105381348,0.03448810844572521
25.75246537,-0.3633221238216795,0.19030266324200773,0.061551468562834256
25.75722016,-0.271482001998018,0.22225077522543243,0.08709911570344109
25.76197485,-0.17422451901871472,0.25097665100417005,0.1106218938894488
25.76672959,-0.07396261214964205,0.2772517658605116,0.13165701567780638
25.77148433,0.02694568747510959,0.30171428784384796,0.1497965693988999
25.77623907,0.12625453741020348,0.3248489161592785,0.16469472583600142
25.7809938,0.22188120104993736,0.3469762842560811,0.17607349522620175
25.78574854,0.31194947200898,0.36825154815215705,0.1837269091701968
25.79050329,0.39482480282392174,0.3886713089014153,0.18752355094314926
25.79525802,0.46914066101452,0.408087637586778,0.1874074241783657
25.80001276,0.5338159493094274,0.4262276973405098,0.1833972180234898
25.8047675,0.5880636172766976,0.44271729237093516,0.17558408047936364
25.80952224,0.6313908500099811,0.4571066136703858,0.16412804179065588
25.81427698,0.6635914397210604,0.4688964866388029,0.1492532378558428
25.81903172,0.68473112450192,0.4775635482135897,0.13124207936484625
25.82378646,0.6951268138307297,0.4825829810772669,0.11042850829110659
25.8285412,0.6953207129805778,0.483447700176756,0.08719048853927754
25.83329594,0.6860504102851053,0.47968321005658987,0.06194189330695502
25.83805068,0.6682160061009874,0.4708577148328451,0.035123971384701844
25.84280542,0.6428453462478398,0.4565874461316569,0.007196587464590088
25.84756011,0.6110583830475488,0.4365375537665129,-0.021370571184051192
25.8523149,0.5740316310754744,0.410419252491095,-0.05010664948339069
25.85706959,0.5329636176744752,0.37798421025207274,-0.07854800017137069
25.86182433,0.4890421520201099,0.339017379086722,-0.10624617164928071
25.86657907,0.4434141494572002,0.29332959727780283,-0.13277542060803102
25.87133381,0.3971586468406941,0.24075132588268247,-0.1577396660035156
25.87608854,0.351263527792159,0.1811288241103614,-0.18077878908397257
25.88084328,0.3066063451062318,0.11432391814287081,-0.20157416546218623
25.88559802,0.2639394849701841,0.040218280161672275,-0.21985330310499226
25.89035276,0.22387977033028042,-0.04127718546053616,-0.2353934667820846
25.8951075,0.18690245621159182,-0.13020764215192204,-0.24802420086537866
25.89986224,0.15333943675059822,-0.22655454184745374,-0.25762871587418146
25.90461698,0.12338137141410206,-0.3302114638903763,-0.2641441698786499
25.90937172,0.09708335428231728,-0.4409567169669458,-0.26756093907212897
25.91412646,0.07437369888228641,-0.5584242393039411,-0.26792101633986287
25.9188812,0.05506538962680867,-0.6820746274917556,-0.26531568924136595
25.92363594,0.03886975355512125,-0.8111682965925892,-0.25988262424943703
25.92839068,0.025411926349536266,-0.9447428113152311,-0.25180242902613936
25.93314542,0.014247718190747367,-1.0815963323029254,-0.2412946975854358
25.93790016,0.004881520377213047,-1.2202789059143373,-0.22861348960942657
25.9426549,-0.0032150759804360253,-1.3590930095421971,-0.21404217714311857
25.94740959,-0.010584259892441803,-1.4961043702333947,-0.19788761878196845
25.95216433,-0.017762887441337385,-1.6291636262702618,-0.18047368523890125
25.95691907,-0.025263596129065393,-1.755938922841133,-0.16213423880931174
25.9616738,-0.03355648892805291,-1.873959044721085,-0.14320573675484088
25.96642855,-0.04305175677205299,-1.9806662083567952,-0.12401966652817915
25.97118329,-0.054083633648409034,-2.073477177778224,-0.10489502541792306
25.97593802,-0.06689609799125805,-2.1498509478452217,-0.0861310397675567
25.98069276,-0.08163074393758078,-2.207360870596838,-0.06800029873371119
25.9854475,-0.0983172432413215,-2.2437688041577877,-0.050742472295680505
25.99020224,-0.11686680009800436,-2.2570986577586076,-0.034558800411962506
25.99495698,-0.13706896268481508,-2.2457066079575223,-0.01960757326404113
25.99971172,-0.15859209218883363,-2.2083452820976253,-0.006000853018146286
26.00446646,-0.18098769904118686,-2.1442193497579627,0.006197307659009135
26.0092212,-0.20369873715677644,-2.0530302267032132,0.01697093477405411
26.01397594,-0.22607180556216053,-1.9350079648478533,0.026350365070271088
26.01873068,-0.2473730532906732,-1.7909288552991738,0.03440864825870452
26.02348542,-0.2668074311516567,-1.622117785333345,0.04125627553847769
26.02824016,-0.2835407958146653,-1.4304349397555571,0.0470345243628492
26.0329949,-0.29672425707950706,-1.2182469999755234,0.051907800353883385
26.03774959,-0.30552007323933444,-0.9883835497467276,0.05605539128711928
26.04250433,-0.3091283434116576,-0.7440799250461705,0.05966302949820601
26.04725907,-0.30681371843448674,-0.48890822686387814,0.06291460780432336
26.0520138,-0.2979313500721296,-0.22669862960913897,0.06598433630588406
26.05676854,-0.28195131672912976,0.03854655392305955,0.06902958410406951
26.06152329,-0.25848079754444353,0.30274336185319983,0.07218462823443726
26.06627802,-0.2272833131086059,0.5618184178974985,0.07555552479822214
26.07103276,-0.18829441117020865,0.8118000934099731,0.07921630908945962
26.0757875,-0.14163325291918702,1.0489058763912764,0.08320670739169118
26.08054224,-0.08760965305261197,1.2696234229105046,0.08753149367722615
26.08529698,-0.02672624618412814,1.4707830484858568,0.09216154752176887
26.09005172,0.040324408363077706,1.6496197708143063,0.09703656956765194
26.09480646,0.11266781648813401,1.8038234244247322,0.10206929792067272
26.0995612,0.18926050430829383,1.931575814905199,0.10715095767089702
26.10431594,0.2689076471703553,2.0315743477309023,0.11215758350407601
26.10907068,0.35028493154105206,2.103042037241732,0.11695679812290664
26.11382542,0.4319640787477955,2.1457242585609984,0.12141461724319523
26.11858011,0.512441355956372,2.1598730336290153,0.12540188624938398
26.12333485,0.5901683249079439,2.146220027155218,0.12880002471766416
26.12808959,0.6635840322450197,2.105939754568178,0.131505845521424
26.13284433,0.7311478248755587,2.040604757568796,0.13343530540199033
26.13759907,0.7913719776856384,1.9521346704960498,0.13452611837125011
26.14235381,0.8428533470194429,1.8427411727452578,0.1347392159794635
26.14710855,0.8843033098817811,1.7148707954796019,0.13405907329628652
26.15186328,0.9145753140958204,1.5711474293537633,0.13249294714549312
26.15661802,0.9326894467234768,1.4143161766299759,0.13006910523938728
26.16137276,0.9378535242782878,1.2471899255917451,0.1268341676903768
26.1661275,0.9294803150073208,1.0725997217860768,0.12284973359234799
26.17088224,0.9072006160108952,0.8933496949343587,0.11818851485545459
26.17563698,0.8708720202655744,0.7121769959183749,0.11293023420378004
26.18039172,0.8205833142040505,0.5317169239370586,0.10715755442133877
26.18514646,0.7566545397226229,0.354473192530518,0.10095228921062789
26.1899012,0.6796328322337111,0.1827931014990448,0.0943921076385024
26.19465594,0.5902842088825102,0.01884725168383682,0.08754789356936934
26.19941063,0.48958153091864554,-0.13538664080678486,0.08048186806502834
26.20416537,0.3786889046739749,-0.27813630995048644,0.07324653248342687
26.20892011,0.2589428193900789,-0.40784436180476985,0.06588444483256689
26.21367485,0.13183034965009766,-0.5231749993936574,0.058428800966066695
26.21842959,-0.001035222033599792,-0.6230184464106268,0.050904754012692004
26.22318433,-0.13794097801676733,-0.7064934047496868,0.04333136968316376
26.22793907,-0.2771027167870522,-0.7729478168245815,0.03572408316236558
26.2326938,-0.4166946287240667,-0.8219581411931913,0.028097497834663802
26.23744855,-0.5548798018977599,-0.8533272905364452,0.020468349979354747
26.24220329,-0.6898410231282679,-0.8670813231074128,0.012858458710834832
26.24695802,-0.8198113051279647,-0.8634649198269095,0.005297486929506968
26.25171276,-0.9431035488818902,-0.842935617563267,-0.0021746449738022067
26.2564675,-1.0581387474591095,-0.8061567053493048,-0.009505828683206404
26.26122224,-1.163472156376778,-0.7539886276093741,-0.016630431672447602
26.26597698,-1.2578168963702876,-0.6874786823336656,-0.023468640146141983
26.27073172,-1.3400645145954444,-0.6078487592289885,-0.02992654042756229
26.27548641,-1.4093021065345777,-0.5164808403984562,-0.03589697132964975
26.28024115,-1.4648256894305483,-0.4148999913372689,-0.04126115125402045
26.28499589,-1.506149614894271,-0.30475460956118233,-0.045891052103761376
26.28975063,-1.5330119091657155,-0.18779377646823733,-0.04965245803174294
26.29450537,-1.5453755298930163,-0.06584167582117435,-0.052408612270562954
26.29926011,-1.5434256236321997,0.05923080456611047,-0.05402432229604654
26.30401485,-1.5275629542746474,0.18553699201948112,-0.054370365455279936
26.30876959,-1.4983937461127386,0.3112073813105917,-0.053328017794562976
26.31352433,-1.4567162448343796,0.43442394389197264,-0.05079352236240116
26.31827907,-1.403504345703116,0.5534549484869642,-0.0466823225485808
26.3230338,-1.3398886718639949,0.6666893103811861,-0.04093291028042531
26.32778854,-1.2671355084065337,0.7726693920932842,-0.03351017321399109
26.33254329,-1.186624010074069,0.8701211328855699,-0.024408162200293976
26.33729802,-1.099822102399126,0.9579803931341005,-0.013652233568548113
26.34205276,-1.008261487947866,1.0354144635790614,-0.0013005459374995365
26.34680745,-0.9135121525245533,1.1018378077510973,0.012555092935133225
26.35156219,-0.817156742758683,1.156921274419448,0.027789026219634177
26.35631693,-0.7207651592705911,1.2005942293291958,0.04424219001673639
26.36107167,-0.6258696817809087,1.2330393035529512,0.06172319270682762
26.36582641,-0.5339409173656496,1.2546797297190393,0.08001002706340166
26.37058115,-0.44636484348823896,1.2661595258933716,0.09885240894852809
26.37533589,-0.3644212055207022,1.2683170770599832,0.11797473336792139
26.38009063,-0.28926352485108525,1.262152941493212,0.13707963448260468
26.38484537,-0.22190097729286296,1.248792958324322,0.15585212995878375
26.38960011,-0.16318240962275407,1.229447937993474,0.17396431969182094
26.39435485,-0.11378277068189185,1.2053713659387268,0.19108059272782263
26.39910959,-0.07419223809857761,1.1778166326721107,0.20686327454462242
26.40386433,-0.04470831824526163,1.1479953160632204,0.22097862285322445
26.40861907,-0.025431182364697068,1.1170379847750835,0.23310305841870257
26.41337381,-0.016262473515459428,1.0859588703053098,0.24292950214745526
26.41812855,-0.016907775224152315,1.055625577686284,0.25017368245786914
26.42288323,-0.026882872472913242,1.0267347835211773,0.25458027666805666
26.42763797,-0.04552385949822724,0.9997946189891468,0.2559287543581459
26.43239271,-0.07200105922237625,0.9751141700181735,0.25403879714902644
26.43714745,-0.10533661949710431,0.9528002614718535,0.24877517666412002
26.44190219,-0.1444255455856921,0.9327614391278742,0.2400519796542793
26.44665693,-0.18805982041000538,0.9147188316209751,0.2278360754271069
26.45141167,-0.234955158250047,0.8982233704790487,0.2121497251703872
26.45616641,-0.2837798384096218,0.8826786731970713,0.19307223591328354
26.46092115,-0.33318497770499306,0.8673687528632142,0.1707405656346807
26.46567589,-0.3818355291801258,0.8514896072161309,0.14534879326476846
26.47043063,-0.4284412432298902,0.8341836581047902,0.1171463806360796
26.47518537,-0.47178679918999444,0.8145759566338969,0.08643517406871541
26.47994011,-0.510760311788098,0.7918110372614854,0.053565120842029856
26.4846948,-0.5443794375503513,0.7650892935692528,0.018928708992801562
26.48944954,-0.5718143501777038,0.733701758089731,-0.017045823608684788
26.49420427,-0.5924069192631704,0.6970621985429131,-0.05390242406018889
26.49895901,-0.6056855113900629,0.6547354943579593,-0.09116617305861625
26.50371375,-0.6113749344768284,0.6064613323293994,-0.12835307357492295
26.50846849,-0.6094011632964204,0.5521723608649441,-0.1649804639059943
26.51322323,-0.5998906146281149,0.4920060706090692,-0.20057780168437517
26.51797797,-0.5831638824160673,0.4263098266111451,-0.23469753327578655
26.52273271,-0.5597239938670275,0.35563866354303564,-0.2669257371330359
26.52748745,-0.5302394032825529,0.2807456687302208,-0.2968922107593874
26.53224219,-0.4955220977615452,0.20256501377031502,-0.32427966048272955
26.53699693,-0.45650134324628017,0.12218794795818616,-0.34883165394556015
26.54175167,-0.4141937455349385,0.04083232730056063,-0.3703590103954939
26.54650641,-0.36967043324823134,-0.04019348852612415,-0.3887443363537078
26.5512611,-0.32402228255496807,-0.11953129387400925,-0.4039444652900583
26.55601584,-0.27832419085468896,-0.19581695288117873,-0.4159906286340035
26.56077058,-0.2335994628842892,-0.26772609572312167,-0.42498626894322394
26.56552532,-0.19078539316638027,-0.33401998672571115,-0.4311025002482085
26.57028006,-0.1507011106515796,-0.39358988467783135,-0.43457132080160327
26.5750348,-0.11401869458654862,-0.4454982124141337,-0.4356767844847687
26.57978954,-0.08123847705283214,-0.4890149217343791,-0.4347444328372407
26.58454427,-0.05266932104544194,-0.5236475816618498,-0.43212937281970387
26.58929901,-0.028414508703755666,-0.5491639294750645,-0.42820344855003667
26.59405375,-0.008363698987257466,-0.5656058973620949,-0.42334199284979374
26.59880849,0.007808774745110002,-0.5732944517095969,-0.4179106548333891
26.60356323,0.020639191093299942,-0.5728249425356714,-0.4122527854210141
26.60831797,0.030863426417959895,-0.5650530405479902,-0.40667782868804336
26.61307271,0.03939993706320663,-0.5510717204471239,-0.40145111887734547
26.6178274,0.047327200103249804,-0.5321801127982018,-0.3967854245583089
26.62258214,0.05585621951558171,-0.5098453752029367,-0.3928345142704753
26.62733688,0.06629882736282587,-0.4856590103543776,-0.38968894174821045
26.63209162,0.08003260955000088,-0.46128927003131587,-0.38737416285584897
26.63684636,0.09846336232779783,-0.4384314197074573,-0.38585100108091763
26.6416011,0.1229860372349201,-0.418757691898089,-0.3850183763819396
26.64635584,0.15494515590825758,-0.40386872616247127,-0.38471810869903833
26.65111058,0.1955956694703819,-0.3952481833884423,-0.38474151052997935
26.65586532,0.24606519909568864,-0.3942220397358956,-0.38483740232163655
26.66062006,0.30731852716407776,-0.4019238231977776,-0.38472112926170104
26.6653748,0.3801251181224338,-0.41926676764533566,-0.3840841342876826
26.67012954,0.46503034348663147,-0.44692354154239666,-0.3826036499619749
26.67488427,0.562330975793318,-0.48531387757305117,-0.37995210565080273
26.67963896,0.6720554100265927,-0.5346001006872506,-0.3758058972474882
26.6843937,0.7939489739156331,-0.5946902396823811,-0.3698532261804253
26.68914844,0.9274646034519218,-0.6652481243987809,-0.361800778386351
26.69390318,1.071759087333274,-0.7457096288226552,-0.3513790834837891
26.69865792,1.2256950220806822,-0.8353040301231565,-0.3383464745358606
26.70341266,1.38784856462985,-0.9330793224883457,-0.32249166385294065
26.7081674,1.5565230151259675,-1.0379302566575634,-0.3036350581950199
26.71292214,1.7297682005592787,-1.1486278715447027,-0.2816290453530865
26.71767688,1.9054055497552798,-1.2638493397046806,-0.25635757271764914
26.72243162,2.081058644850568,-1.3822070562976922,-0.22773538522885342
26.72718636,2.254188903483739,-1.5022760513119064,-0.19570728188051167
26.7319411,2.42213589757054,-1.6226189851100337,-0.1602476889542891
26.73669584,2.5821616625631565,-1.7418081857932686,-0.1213607517863807
26.74145052,2.73149821082996,-1.8584443923871867,-0.07908104041292469
26.74620526,2.867397347830519,-1.971172070695339,-0.03347487058551868
26.75096,2.9871818106490653,-2.078691360122775,0.015357827423354335
26.75571474,3.0882967117181375,-2.179766882067238,0.06728120374945996
26.76046948,3.1683602772235497,-2.273233786953957,0.12212088526012575
26.76522422,3.2252129142447274,-2.3580015322188053,0.17966122866966458
26.76997896,3.256963712003288,-2.4330559633265283,0.2396426025872565
26.7747337,3.2620335663859645,-2.4974603115671106,0.30175888943392287
26.77948844,3.239194198865726,-2.550355725279777,0.3656554169580296
26.78424318,3.1876024095350926,-2.5909619170336993,0.4309275420256941
26.78899792,3.1068289526423607,-2.618578442012935,0.4971201101529238
26.79375266,2.9968814515914635,-2.632587027926609,0.563727999630502
26.7985074,2.858220784962715,-2.632455260748293,0.6301979302197438
26.80326209,2.6917703864684164,-2.617741800308401,0.6959316772111753
26.80801683,2.49891792240165,-2.588103161712127,0.7602907859730403
26.81277157,2.281508851798511,-2.543301958909068,0.8226028318583061
26.8175263,2.0418314467164063,-2.4832163717125164,0.8821692156752358
26.82228104,1.7825929596448393,-2.4078504733421218,0.9382744258866841
26.82703579,1.5068867763794727,-2.317344947771145,0.9901966364913037
26.83179052,1.2181505871028495,-2.211987639451366,1.0372194468401323
26.83654526,0.9201158440671597,-2.092223316027764,1.078644510121776
26.8413,0.6167490456739892,-1.9586619902430022,1.1138047449250184
26.84605474,0.3121856843549623,-1.812085142250455,1.14207778310798
26.85080948,0.010658005183678558,-1.6534492087462627,1.1628992806583986
26.85556417,-0.283581976268263,-1.483885760142999,1.1757757087454628
26.86031891,-0.5663424798409337,-1.3046978697198168,1.18029625049654
26.86507365,-0.8335730658094719,-1.117352286981938,1.1761434540467346
26.86982839,-1.0814447924338646,-0.923467159184909,1.1631023314387614
26.87458313,-1.306427359200676,-0.7247951982068978,1.1410676427553874
26.87933787,-1.505361253245111,-0.5232023617984669,1.1100491625601587
26.88409261,-1.675523094584611,-0.32064230282494355,1.0701747887635906
26.88884735,-1.8146826258002935,-0.11912702748247508,1.0216914195895606
26.89360209,-1.9211500848966856,0.0793056190679472,0.9649635891467762
26.89835683,-1.9938130064334683,0.27262686606722053,0.9004699130078775
26.90311157,-2.0321617904598948,0.45885343314790783,0.8287974491120614
26.90786631,-2.0363036443677744,0.6360844692894926,0.7506341230765725
26.91262099,-2.0069647320736674,0.8025379955397801,0.6667593976165374
26.91737573,-1.9454805595736373,0.9565858371165453,0.5780333814965599
26.92213047,-1.8537747948418521,1.0967860765894508,0.4853845753777648
26.92688521,-1.7343268763397108,1.2219121417759742,0.3897964452504016
26.93163995,-1.5901289209041252,1.3309777538794494,0.29229300768321076
26.93639469,-1.4246326070112003,1.4232570977330903,0.1939236143489736
26.94114943,-1.241686885685554,1.4982997310029773,0.0957471417920469
26.94590417,-1.0454675556317876,1.5559399156953395,-0.0011841751380260066
26.95065891,-0.8403999250634601,1.596300224546556,-0.09584098887041456
26.95541365,-0.6310759615800481,1.6197894373980153,-0.18723285093799796
26.96016839,-0.4221674931695644,1.627094889794456,-0.27442365346053493
26.96492313,-0.21833715733017273,1.619169561147213,-0.35654615649788995
26.96967782,-0.024148891734845322,1.5972142889138552,-0.4328152692899704
26.97443256,0.15602018835945194,1.5626555671544786,-0.5025397852111885
26.9791873,0.3180646776366563,1.517119433944615,-0.565132321386472
26.98394204,0.4582307316248371,1.4624019763939444,-0.6201172802502171
26.98869677,0.5731891751387787,1.4004369904791036,-0.6671367230961152
26.99345151,0.6601003040077096,1.3332613325660612,-0.705954112640316
26.99820625,0.7166689978850452,1.262978496911208,-0.7364559313624696
27.00296099,0.7411889774725057,1.1917209536481286,-0.758651209295215
27.00771573,0.7325752814973863,1.1216117880185148,-0.772669001847844
27.01247047,0.6903843011120215,1.0547261950210138,-0.7787538549944738
27.01722516,0.614820986170686,0.9930534028383157,-0.7772592941907779
27.0219799,0.5067331223631638,0.9384596195691444,-0.7686393853101782
27.02673464,0.36759286272834296,0.8926526159163213,-0.7534384467230841
27.03148938,0.1994659740792531,0.8571485668756401,-0.7322790420465795
27.03624412,0.004969522261281645,0.8332417747595235,-0.7058484489687705
27.04099886,-0.2127810345442156,0.8219778821927959,-0.6748838734084385
27.0457536,-0.45023415209310297,0.8241311562934773,-0.6401567508526881
27.05050834,-0.7034725173244308,0.8401863838189679,-0.6024565384467877
27.05526308,-0.9682898245779995,0.8703258611106868,-0.5625744437087247
27.06001782,-1.2402723343490174,0.9144218912889512,-0.5212875525468986
27.06477256,-1.514883457521473,0.9720351133975623,-0.4793438084520247
27.06952724,-1.787549573200625,1.042418883600242,-0.4374482584129106
27.07428198,-2.053745297662677,1.1245298073750365,-0.3962509242501927
27.07903672,-2.3090764709978626,1.217044385357513,-0.3563365865324576
27.08379146,-2.549359210754399,1.318381587167179,-0.31821668765995387
27.0885462,-2.7706934926075744,1.4267310124110304,-0.2823234766219711
27.09330094,-2.9695298528089276,1.5400861431196904,-0.2490064361972676
27.09805568,-3.1427279643021384,1.6562820450352556,-0.21853095957343158
27.10281042,-3.2876060180781645,1.7730367439617392,-0.19107918145187722
27.10756516,-3.4019800439743615,1.8879953940383576,-0.16675281964232352
27.11231985,-3.484192529891397,1.9987762718508661,-0.1455778448595559
27.11707464,-3.5331299425945337,2.103017576567932,-0.12751076544657242
27.12182933,-3.5482290122567957,2.198423993034447,-0.11244628754210702
27.12658407,-3.529471910548871,2.2828119820702026,-0.10022608945499362
27.13133881,-3.477370721119162,2.35415279943394,-0.09064843285182081
27.13609354,-3.392941863468701,2.410612310635838,-0.08347832371402747
27.14084828,-3.277671377431531,2.4505867605023006,-0.07845793242638752
27.14560302,-3.1334721966793757,2.472733769847044,-0.07531698326574361
27.15035776,-2.962634727987348,2.475997960810659,-0.0737828273217445
27.1551125,-2.7677722017743247,2.4596307510039552,-0.07358991869761322
27.15986724,-2.5517623621792387,2.4232039995061645,-0.07448842255466502
27.16462193,-2.3176871147960596,2.3666173321921624,-0.07625169835996679
27.16937667,-2.068771741158846,2.2900991182636123,-0.0786824277675758
27.17413141,-1.8083252180519043,2.194201212345154,-0.08161719904912947
27.17888615,-1.539683048004873,2.0797877138756102,-0.08492942090949424
27.18364089,-1.2661538210209822,1.9480181234486749,-0.08853051450389175
27.18839563,-0.990970497256615,1.800325389450737,-0.09236941469215681
27.19315037,-0.7172471401046288,1.6383894332294122,-0.09643048834284884
27.19790511,-0.44794155496547017,1.4641068133595878,-0.10073003866496802
27.20265985,-0.18582401709261184,1.279557236864773,-0.10531160531786105
27.20741454,0.06654798289564517,1.0869676464887301,-0.11024029196702985
27.21216927,0.3068492722572006,0.8886746090684747,-0.1155963614570464
27.21692401,0.5330012895370095,0.6870857037031884,-0.12146833957941441
27.22167875,0.7431817570633334,0.4846405649498163,-0.1279458651067599
27.22643349,0.9358304373056545,0.2837721823540466,-0.135112517472583
27.23118823,1.1096517118266673,0.08686899981679456,-0.1430388439033605
27.23594297,1.263614707025562,-0.10376169839663849,-0.1517757943409104
27.24069771,1.3969516339503172,-0.28592868099813007,-0.16134875469597054
27.24545245,1.5091549175936105,-0.45758955635269116,-0.1717523468750569
27.25020719,1.5999735717888932,-0.6168811096751787,-0.18294613851540972
27.25496188,1.6694091359660377,-0.762146886531631,-0.1948513783073785
27.25971662,1.7177113360455947,-0.8919617524895784,-0.2073488463646742
27.26447136,1.7453734705733746,-1.0051531882965403,-0.22027788493003858
27.2692261,1.753127363326587,-1.1008191049898077,-0.23343665337402628
27.27398084,1.7419375756881477,-1.1783419838797327,-0.24658363262538704
27.27873558,1.712994448233409,-1.2373991625531169,-0.25944038684582743
27.28349032,1.6677054529331972,-1.2779691004771654,-0.27169557276423795
27.28824506,1.6076842939293714,-1.300333467743239,-0.28301016750379393
27.2929998,1.5347372000287625,-1.3050749102112555,-0.29302386154824345
27.29775448,1.450845905013485,-1.2930703571075226,-0.30136253291114123
27.30250922,1.3581469078829758,-1.2654797572110221,-0.30764668176744336
27.30726396,1.2589067371155156,-1.223730161474483,-0.3115006644563932
27.3120187,1.1554931024699195,-1.1694951165258425,-0.3125625259890185
27.31677344,1.0503419954051834,-1.1046693963587402,-0.31049419460629285
27.32152818,0.9459209851628607,-1.031339178140155,-0.30499177245692777
27.32628292,0.844689142674034,-0.951747860531209,-0.2957956337775578
27.33103766,0.7490542007533164,-0.8682578265043707,-0.2827000266690505
27.3357924,0.6613277197884712,-0.7833085643011384,-0.26556186757329614
27.34054709,0.5836791669565794,-0.699371676764143,-0.24430841950918958
27.34530183,0.5180899274979994,-0.6189034274551596,-0.21894355619091108
27.35005657,0.46630834297198315,-0.5442955881585839,-0.189552334867543
27.35481131,0.4298069095614099,-0.4778254629578206,-0.15630363311293247
27.35956604,0.4097427679615642,-0.42160606537347767,-0.11945065220071348
27.36432078,0.40692257786853553,-0.37753751251856277,-0.07932915463158466
27.36907552,0.4217728023867085,-0.3472607674261199,-0.03635338451759548
27.37383026,0.45431634228038287,-0.33211489941378103,0.008990289622809865
27.378585,0.504156367320433,-0.33309903441181565,0.05615187941701168
27.38333969,0.5704680958490022,-0.35084012714070156,0.10452821725871003
27.38809443,0.6519991690497599,-0.3855676036891847,0.15347505626224967
27.39284917,0.7470791420275504,-0.4370957991287344,0.2023205042773389
27.39760391,0.8536384577416588,-0.504814955399468,0.2503794327602276
27.40235865,0.9692370742767487,-0.5876913558658875,0.2969684779484745
27.40711339,1.0911026795793761,-0.6842769610499019,0.34142123536069413
27.41186813,1.2161781560797644,-0.7927286819976865,0.38310323771156185
27.41662287,1.3411776613158024,-0.9108371912657326,0.42142630266491576
27.42137761,1.4626503843186682,-1.0360649346551618,0.45586184452685846
27.4261323,1.577050739489668,-1.165592776224075,0.48595276675402216
27.43088704,1.680813492421813,-1.2963744884560824,0.5113235907784139
27.43564177,1.7704320990301687,-1.4251980896900993,0.5316885283776918
27.44039651,1.8425383987756705,-1.5487528323853472,0.5468572656549088
27.44515125,1.8939817422898455,-1.6637004611693473,0.5567382946614645
27.44990599,1.9219056476792074,-1.7667491955231012,0.5613397047905276
27.45466073,1.923820151147909,-1.8547287583014571,0.5607674312047426
27.45941547,1.8976681247545921,-1.924664678757415,0.5552210481801588
27.46417016,1.8418839608182236,-1.9738500562379917,0.5449872823893477
27.4689249,1.7554431646599722,-1.999912983825479,0.5304314947117111
27.47367964,1.6379015627279525,-2.000877901588048,0.5119874335297785
27.47843438,1.489423034303122,-1.9752192746695847,0.49014559838786115
27.48318912,1.3107949215090657,-1.9219061671422248,0.465440574531311
27.48794386,1.10343056590703,-1.8404365016573963,0.43843770940905186
27.4926986,0.8693587527202101,-1.730860050115925,0.40971950189648354
27.49745334,0.6112001991903692,-1.5937894841475075,0.37987206243708754
27.50220802,0.3321315796696785,-1.4303991178462592,0.34947197759403326
27.50696276,0.035837914103451544,-1.24241128988282,0.3190738785743097
27.5117175,-0.2735455602562846,-1.0320706483803002,0.28919897460527494
27.51647224,-0.5915006746796504,-0.8021069106376019,0.26032477216323546
27.52122698,-0.9132012348707435,-0.5556869622244262,0.2328761613000894
27.52598172,-1.2335938953488785,-0.296357427868101,0.20721801027248754
27.53073646,-1.5474832999514854,-0.02797908204647381,0.18364936851695393
27.5354912,-1.8496197948871644,0.2453453369104169,0.16239933547506558
27.54024589,-2.1347880820436855,0.5193481953808385,0.14362460949696063
27.54500063,-2.397895284344146,0.7896771026742786,0.12740868852228893
27.54975537,-2.6340570302701756,1.0519762610731591,0.11376265443749267
27.55451011,-2.838680318732652,1.3019671810683178,0.1026274378188905
27.55926485,-3.0075420859089927,1.535526982149211,0.09387743062839478
27.56401959,-3.1368625515239486,1.7487626195394863,0.08732529256853733
27.56877433,-3.223372565111019,1.9380795449246533,0.08272778348140768
27.57352907,-3.2643742983619606,2.100243516593207,0.07979245032166712
27.5782838,-3.2577947359711206,2.232434511784228,0.07818500296838247
27.58303849,-3.2022315035925994,2.3322919506205526,0.07753722757034218
27.58779323,-3.0969906358308177,2.397950705493295,0.07745530718615626
27.59254797,-2.9421159262021215,2.4280676308037665,0.0775284438773731
27.59730271,-2.738409511038429,2.4218385950577934,0.07733770005027114
27.60205745,-2.4874433185217297,2.379006221880111,0.07646499590560372
27.60681219,-2.191560964559294,2.299858742386996,0.07450221179568864
27.61156693,-1.8538696069750682,2.18522052398649,0.07106034823364775
27.61632167,-1.4782211942132553,2.0364349659667846,0.06577869304429448
27.62107636,-1.0691824886054893,1.8553405360774582,0.05833393672736292
27.6258311,-0.6319932365752717,1.644240761568378,0.04844916536428382
27.63058584,-0.17251192555565073,1.4058689824585833,0.03590264466518678
27.63534058,0.30285127474241325,1.1433486278083849,0.020536284709205942
27.64009532,0.7872145408775691,0.8601496950457077,0.0022636368796104503
27.64485006,1.273317224027114,0.5600420085569834,-0.018922779852459073
27.6496048,1.753624931592182,0.2470457195690189,-0.04294509199235072
27.65435954,2.2204459129307317,-0.07462060078396285,-0.06963495835261312
27.65911422,2.6660573937752043,-0.40059401425428665,-0.0987301157171696
27.66386896,3.082840108051942,-0.726423210930303,-0.12987299010488923
27.6686237,3.4634188967239745,-1.0476262585107876,-0.1626117641181237
27.67337844,3.800806882455532,-1.3597498834781205,-0.1964042350323232
27.67813318,4.088550386663139,-1.6584299842745382,-0.23062470900366225
27.68288792,4.320871434302678,-1.9394529617162721,-0.2645740645145372
27.68764266,4.4928044002898,-2.198817311029755,-0.29749299257083645
27.69239735,4.60032310906206,-2.4327947645053847,-0.32857828808046474
27.69715209,4.640454536208108,-2.63799011417666,-0.357001930064426
27.70190683,4.6113752159881845,-2.8113986888864178,-0.3819325527983777
27.70666157,4.512486567750904,-2.950460317351195,-0.4025587817806422
27.7114163,4.344465646577042,-3.0531084863881452,-0.4181137914637965
27.71617105,4.109288315610215,-3.117813310765792,-0.42790033484424433
27.72092579,3.8102225319581375,-3.1436168798154287,-0.43131539461939
27.72568052,3.4517903222132986,-3.1301595502736945,-0.4278735142115839
27.73043521,3.0396980686172723,-3.077695831660399,-0.4172278022857603
27.73518995,2.580735884212704,-2.9870986773583534,-0.39918759843968943
27.73994469,2.0826480541147743,-2.859851264346237,-0.37373187116935835
27.74469943,1.5539776711490043,-2.6980257172859683,-0.34101760104257967
27.74945417,1.003889605743828,-2.504248689134109,-0.301382661091995
27.75420891,0.44197674895480915,-2.2816542132250066,-0.2553430009703124
27.75896365,-0.12194498606888265,-2.0338247450075992,-0.20358422794737896
27.76371839,-0.6780471305835407,-1.7647217736506715,-0.14694792613082616
27.76847308,-1.2166987719344697,-1.4786077754604248,-0.08641325249361487
27.77322782,-1.728670646741998,-1.1799615871773046,-0.023074494838212552
27.77798256,-2.2053278869511694,-0.8733894926240411,0.04188462013365808
27.7827373,-2.638806571948272,-0.5635344413128333,0.10721901277640193
27.78749204,-3.0221698424297254,-0.25498585520199624,0.17165183672318723
27.79224677,-3.349540029340816,0.04780756677535309,0.2339046619290024
27.79700151,-3.616204017559271,0.3406197638361934,0.2927273711371057
27.8017562,-3.8186898717776443,0.6195218689085498,0.34692693877485475
27.80651094,-3.954813573997371,0.8809475994989623,0.39539434661386147
27.81126568,-4.02369553204208,1.1217480149454584,0.4371290039985313
27.81602042,-4.025747292738626,1.3392345562607668,0.47126017065563663
27.82077516,-3.962629612180684,1.531209700814418,0.49706501153014737
27.8255299,-3.837183684753973,1.6959849897951798,0.5139830313444034
27.83028464,-3.653337904663853,1.8323865996334479,0.5216267333090379
27.83503933,-3.4159930263263263,1.939749008904592,0.5197884214727307
27.83979407,-3.130889004083692,2.0178976431261804,0.5084431261969823
27.84454881,-2.804457128344882,2.067121650152287,0.4877476866988873
27.84930354,-2.443661333176107,2.088138162999071,0.4580360817615383
27.85405828,-2.055832725203991,2.082049544022623,0.4198111638071218
27.85881302,-1.648501468743979,2.0502951771327584,0.3737330220738672
27.86356776,-1.2292301500034657,1.9945993889395432,0.32060427350669407
27.86832245,-0.805452628223613,1.9169170440424688,0.2613526498112478
27.87307719,-0.38432216189439233,1.8193782850839524,0.19701131201137265
27.87783193,0.027427722182108864,1.7042337866231845,0.12869737861869185
27.88258667,0.4236065599707608,1.5738017742594157,0.057589200722591063
27.88734141,0.7986719108399136,1.4304179350762194,-0.015097043612253523
27.89209615,1.1478139219774612,1.2763892172630416,-0.08813083662941086
27.89685089,1.4670180557875276,1.1139523869226275,-0.16029028513373475
27.90160558,1.7531051468825083,0.9452380767662478,-0.2303839818817048
27.90636032,2.003748569045145,0.7722409211317018,-0.29727124548048467
27.91111506,2.2174688985823976,0.5967962211966409,-0.3598803153984088
27.9158698,2.3936070462233165,0.4205634220708746,-0.4172241974100741
27.92062454,2.532277382903923,0.245016511474342,-0.46841398209798635
27.92537927,2.6343028925388126,0.0714412727482563,-0.5126695806905769
27.93013401,2.7011348331095526,-0.09906085070608159,-0.5493279281695888
27.9348887,2.7347597614731747,-0.2655626907804795,-0.5778487873214786
27.93964344,2.7375970641021556,-0.42729565729629615,-0.597818347154562
27.94439818,2.7123903264307736,-0.5836291165850879,-0.608950845698985
27.94915292,2.662095964066699,-0.7340456791149227,-0.6110884632044735
27.95390766,2.5897725317205125,-0.8781133361360952,-0.6041997301469906
27.9586624,2.4984740259883034,-1.0154554737420323,-0.5883766782839033
27.96341714,2.391150312825424,-1.1457198612218986,-0.5638309359422282
27.96817183,2.270557544822679,-1.2685477569136996,-0.5308889354391744
27.97292657,2.1391810902883504,-1.3835442961817026,-0.4899863655537815
27.9776813,1.999173079088893,-1.4902513195498843,-0.44166196813613
27.98243604,1.8523061867251993,-1.5881237613780441,-0.3865507462245059
27.98719079,1.6999447418560023,-1.6765106482516368,-0.325376621868479
27.99194552,1.543033672557427,-1.7546416499588384,-0.25894455625237706
27.99670026,1.382105225363128,-1.8216199844517937,-0.18813212421784065
28.00145495,1.2173028213499115,-1.8764223031517602,-0.11388052125467908
28.00620969,1.0484208759478257,-1.9179059778081828,-0.03718497419562545
28.01096443,0.8749589206196771,-1.94482398007169,0.04091547270762477
28.01571917,0.6961879371948495,-1.9558472967495395,0.11934881732458587
28.02047391,0.5112264569883033,-1.9495945652599742,0.19702161243720503
28.02522865,0.31912369099336735,-1.9246683535621194,0.2728311214908503
28.02998339,0.11894674694416198,-1.8796972555436435,0.3456780863075893
28.03473808,-0.09013114338440018,-1.8133827354429448,0.41448005320530207
28.03949282,-0.3087445138577992,-1.724549442480934,0.47818517881664313
28.04424756,-0.537254761994002,-1.612197538421901,0.5357864076568835
28.0490023,-0.7756774200743667,-1.4755554443254848,0.5863358798400963
28.05375704,-1.0236203445921472,-1.3141313246234927,0.6289593914619727
28.05851177,-1.280235257858356,-1.1277615909237408,0.6628706965278217
28.06326646,-1.544184676993004,-0.9166547263992374,0.687385413206198
28.0680212,-1.8136257881041784,-0.6814288041878538,0.7019342825748202
28.07277594,-2.086212279543518,-0.42314119832500413,0.7060755256224187
28.07753068,-2.359114554811126,-0.14330916024921878,0.6995060510094134
28.08228542,-2.629058124933332,0.1560798469547763,0.6820712760081914
28.08704016,-2.892379357689046,0.47256890709922,0.6537733293210313
28.09179485,-3.145097164197747,0.803244064960264,0.6147774020737911
28.09654959,-3.3829986581753384,1.1447586490482615,0.5654160013608499
28.10130433,-3.601736351841886,1.493369434323408,0.5061908437774923
28.10605907,-3.7969340714125894,1.844984251458947,0.43777211351798323
28.11081381,-3.964298493826944,2.195220331405676,0.3609948119262931
28.11556855,-4.0997330279769875,2.539472371821706,0.27685195233801885
28.12032328,-4.199450687031263,2.872989033305308,0.18648441046969852
28.12507797,-4.260082620634393,3.1909563251054895,0.09116732560321501
28.12983271,-4.2787790935173415,3.4885861277969483,-0.007706944226702333
28.13458745,-4.253299906845618,3.761207928979785,-0.10864918716261725
28.13934219,-4.182091556383416,4.004361721132083,-0.2100967679421175
28.14409693,-4.064348802059017,4.213889931139699,-0.31043974152993226
28.14885167,-3.9000587796647705,4.38602622069245,-0.4080491466086928
28.15360636,-3.6900263077941338,4.517479016788344,-0.5013068664760593
28.1583611,-3.435879620068459,4.605507702564811,-0.5886363554782413
28.16311584,-3.1400563698206967,4.647989520796995,-0.668533469772114
28.16787058,-2.8057703922996504,4.643475415579834,-0.7395966223296018
28.17262532,-2.4369603408625373,4.591233261050086,-0.8005555089624073
28.17738006,-2.038221902406178,4.491277196899397,-0.8502977198434816
28.1821348,-1.6147258020325823,4.344382103976094,-0.8878926420781185
28.18688948,-1.1721241894417818,4.152082602748045,-0.912612146333982
28.19164422,-0.7164482348868697,3.916656335415936,-0.9239476074802544
28.19639896,-0.2539998450208562,3.6410916914253875,-0.9216228225631767
28.2011537,0.20875964937080219,3.329040547243256,-0.9056023707151312
28.20590844,0.6653211576049496,2.984757003111774,-0.8760949443015881
28.21066318,1.1092374339312765,2.613023497264887,-0.8335512143198962
28.21541787,1.5342285340931454,2.2190660437183682,-0.7786559099640228
28.22017261,1.9342813819883142,1.8084606527951972,-0.7123139989674412
28.22492735,2.303742044976409,1.3870332334551052,-0.6356311297702607
28.22968209,2.6373996251198615,0.9607554262174082,-0.5498888006434213
28.23443683,2.9305609390189105,0.5356388648524212,-0.4565150155149571
28.23919157,3.1791153811541575,0.11763031220420544,-0.3570514386677004
28.24394625,3.379589552910412,-0.2874900333064459,-0.25311824465909327
28.24870099,3.529191403345289,-0.6742049951956599,-0.14637795590464345
28.25345573,3.6258437802559724,-1.0373498692647276,-0.03849955733705813
28.25821047,3.6682074409524428,-1.372193429655175,0.06887592263264175
28.26296521,3.6556937268943237,-1.6745094041945776,0.17416735532063074
28.26771995,3.5884672647858653,-1.9406376786745696,0.27588219652383633
28.27247464,3.4674392114534287,-2.1675348128474647,0.3726413639939134
28.27722938,3.2942516955509302,-2.352813735881051,0.463199963360769
28.28198412,3.071254205158394,-2.4947727226437793,0.5464636747922855
28.28673886,2.801472707755146,-2.5924139232218555,0.6215007251016755
28.2914936,2.4885722596657858,-2.645451818676144,0.6875494579103083
28.29624834,2.1368137732396653,-2.6543120050362994,0.7440215998109841
28.30100302,1.751005482435087,-2.6201206728303266,0.7905014170070789
28.30575776,1.3364495082354948,-2.544685068065126,0.8267410657194393
28.3105125,0.8988838002364371,-2.430465115909267,0.8526525496450974
28.31526724,0.44441963870868406,-2.280536286232894,0.8682967907848088
28.32002198,-0.020525167728054725,-2.0985437054879745,0.873870380108184
28.32477672,-0.489297258119048,-1.8886474939520355,0.8696905966490184
28.32953141,-0.9550827011690798,-1.6554593484171765,0.856179275040471
28.33428615,-1.4109857431859607,-1.403970508982646,0.8338460752349806
28.33904089,-1.8501109818873902,-1.1394714471980205,0.8032716730004078
28.34379563,-2.265648506339958,-0.8674638838955144,0.765091345146023
28.34855037,-2.6509614117109823,-0.5935660712795507,0.719979362836528
28.35330511,-2.999674960102832,-0.32341263005417165,0.6686345261996878
28.3580598,-3.305766519431597,-0.06255058919232545,0.6117670792807238
28.36281454,-3.563655272917116,0.18366639613522243,0.5500871497511142
28.36756927,-3.7682905531600968,0.41018340021552335,0.48429477713947894
28.37232401,-3.915237519213006,0.6123467110261477,0.4150715352870996
28.37707875,-4.000758768243552,0.7860008914860005,0.34307371936026876
28.38183344,-4.0218903651527595,0.9275778570834202,0.26892704889608865
28.38658818,-3.9765106959680128,1.0341754983225038,0.19322282761294704
28.39134292,-3.8634005153015973,1.1036235588333194,0.11651549071738405
28.39609766,-3.6822925722943065,1.1345347467743634,0.03932145667377235
28.4008524,-3.4339092657150503,1.1263393966349575,-0.037880817809904224
28.40560714,-3.119986894880602,1.0793023974155853,-0.11464970026382211
28.41036188,-2.7432852336891136,0.9945215474024982,-0.19057829809713633
28.41511657,-2.30758135513317,0.873906971205037,-0.2652915682864623
28.4198713,-1.8176468694521097,0.7201417272938853,-0.3384427547520723
28.42462604,-1.2792080086381101,0.5366242300654975,-0.4097092686803744
28.42938079,-0.6988882928605933,0.32739359616672126,-0.47878810275468364
28.43413552,-0.08413385079637445,0.09703948823876582,-0.5453908482264239
28.43889026,0.5568781647154568,-0.14940154059149452,-0.6092383734423801
28.44364495,1.2153472253364825,-0.4065608112775413,-0.6700552321828538
28.44839969,1.881971879619575,-0.668860668257719,-0.7275639044099022
28.45315443,2.547085320743517,-0.9306430174590761,-0.7814790290474524
28.45790917,3.2008019645750707,-1.1863000551441278,-0.8315018600823199
28.46266391,3.83317254918292,-1.430403866333323,-0.877315251289508
28.4674186,4.434344937125195,-1.6578315325863804,-0.9185795378537682
28.47217334,4.994727544051419,-1.8638824406244392,-0.9549297228033379
28.47692808,5.50515214461186,-2.044384631590086,-0.9859743827426557
28.48168282,5.957032727935451,-2.1957872809854995,-1.0112966750019101
28.48643756,6.342517094622318,-2.3152367544122816,-1.0304577562201875
28.4911923,6.6546280063154075,-2.4006341420962682,-1.043002815153992
28.49594698,6.887390915081439,-2.450672726359248,-1.0484697891731403
28.50070172,7.035945607304085,-2.4648544627127147,-1.0464006858036423
28.50545646,7.096639485959491,-2.4434852311500554,-1.0363552788606873
28.5102112,7.067100671253643,-2.3876493072691107,-1.0179268016767042
28.51496594,6.9462896019734,-2.299164176802258,-0.9907591227946123
28.51972068,6.734528343242456,-2.180517435057953,-0.9545647658933318
28.52447537,6.433507324040878,-2.034788042130498,-0.9091430317063537
28.52923011,6.04626971549587,-1.8655546224905615,-0.8543974065933995
28.53398485,5.57717409925628,-1.6767937930339165,-0.7903514149422081
28.53873959,5.031836451172815,-1.472771677630684,-0.7171621021516602
28.54349433,4.417052772061573,-1.2579318273326188,-0.6351304227943555
28.54824901,3.7407039329267597,-1.0367827257332163,-0.5447079443096005
28.55300375,3.0116444700723375,-0.8137879306457483,-0.4464994437322203
28.55775849,2.2395771743824273,-0.5932616970651893,-0.3412611581190624
28.56251323,1.4349153811529782,-0.37927265224591095,-0.22989463726933207
28.56726797,0.6086348966903691,-0.17555776192128342,-0.11343633084545554
28.57202271,-0.22788249107226957,0.014551551419277923,0.006956789294237824
28.5767774,-1.063011968786119,0.18818968939732178,0.1300251281221364
28.58153214,-1.8850531737813538,0.34300254262920016,0.254427336246107
28.58628688,-2.682400247048651,0.4771779677641591,0.3787635253938187
28.59104162,-3.4437125226818073,0.5894609462988407,0.5016001687491363
28.59579636,-4.158083908860522,0.6791537233922331,0.621496011397217
28.60055105,-4.815208996636158,0.7461016294649446,0.7370283221275966
28.60530579,-5.405543893672767,0.7906656567539335,0.8468188379868011
28.61006052,-5.920459718863593,0.8136831868494537,0.949558785118269
28.61481526,-6.352386614204417,0.8164185350933905,1.0440324030236279
28.61957,-6.694946041556569,0.8005051876851819,1.1291384537978466
28.62432469,-6.943069046981997,0.7678817539332338,1.203909261286932
28.62907943,-7.093098110017947,0.7207237375209746,1.2675268946085232
28.63383417,-7.142870167452648,0.6613732464754993,1.3193361836119895
28.63858891,-7.091778429395755,0.5922687128557412,1.3588543302369174
28.64334365,-6.94081070713123,0.5158765831886511,1.3857769612032438
28.64809834,-6.6925621625354195,0.4346267748735651,1.399980556424228
28.65285308,-6.351220679932912,0.3508534799566412,1.4015212845226688
28.65760782,-5.9225234613867705,0.26674264564876526,1.3906303790302035
28.66236256,-5.413683958571537,0.1842871817543233,1.3677062898796024
28.6671173,-4.8332888755444054,0.10525064999180889,1.333303935485375
28.67187204,-4.191165697415141,0.0311398894767661,1.2881214506733718
28.67662672,-3.4982220025450395,-0.03681326438695764,1.2329848657587594
28.68138146,-2.7662586718199287,-0.0976612960726603,1.1688311565607545
28.6861362,-2.007759976066832,-0.15074175803842788,1.0966900739982828
28.69089094,-1.2356643506005935,-0.19567009352254186,1.0176651020725362
28.69564568,-0.4631204039101219,-0.23232539342845218,0.9329138183182535
28.70040037,0.2967666816707386,-0.26083012454789845,0.8436278586799059
28.70515511,1.0311927351820345,-0.2815249939560174,0.7510126356826569
28.70990985,1.7279102344831294,-0.29494018234132485,0.6562669369592099
28.71466459,2.3754759051087264,-0.301764183909136,0.5605625475526791
28.71941933,2.9634841897896376,-0.3028114361295397,0.46502409468377387
28.72417401,3.482780660481025,-0.29898981840835936,0.3707094017230884
28.72892875,3.925649776718713,-0.29126895719891727,0.2785907463599712
28.73368349,4.2859719029299645,-0.280650109611133,0.1895375287697944
28.73843823,4.559345189468474,-0.2681382215228508,0.10430094753520344
28.74319297,4.743168799468745,-0.2547165819516807,0.023501330173090296
28.74794766,4.836685016348618,-0.2413243336496851,-0.05238125202636371
28.7527024,4.84097896476966,-0.22883695860477604,-0.12301255406111167
28.75745714,4.758935964006769,-0.2180497414993461,-0.18820556045613532
28.76221188,4.5951578243757805,-0.2096641266490931,-0.24791760562386725
28.76696662,4.35584060066806,-0.2042768250038226,-0.30224334722909046
28.77172131,4.048617351299658,-0.20237149678486324,-0.3514039525927644
28.77647605,3.682370275202815,-0.20431283098264963,-0.3957330205391423
28.78123078,3.2670172104743176,-0.21034286270937036,-0.43565984630619936
28.78598552,2.8132779075729673,-0.22057940783164467,-0.47169064996753446
28.79074026,2.332425769282357,-0.2350165419535395,-0.5043883497899077
28.79549495,1.8360309046826253,-0.25352709551396346,-0.5343513994203254
28.80024969,1.3357003875798825,-0.2758671669271866,-0.56219214899887
28.80500443,0.8428215442272512,-0.30168266364244806,-0.5885151540590808
28.80975917,0.3683139189940119,-0.330517864295318,-0.6138958490537906
28.81451391,-0.07760472156624572,-0.3618259559015605,-0.638860019417285
28.8192686,-0.4856333834692405,-0.3949814433628901,-0.663864534294278
28.82402334,-0.8475793751272617,-0.42929426059246334,-0.6892798261782067
28.82877808,-1.1565224956543723,-0.4640253390244739,-0.7153746110129476
28.83353282,-1.4069486634160262,-0.49840331461358395,-0.7423033253575051
28.83828756,-1.5948504772257655,-0.5316419823463038,-0.7700967137188782
28.84304224,-1.717792945990136,-0.5629580417772007,-0.7986559299243706
28.84779698,-1.774943380395513,-0.5915886233686918,-0.8277504231163951
28.85255172,-1.7670651975394187,-0.6168080501311334,-0.8570197639695868
28.85730646,-1.6964761365901269,-0.6379432797502903,-0.8859794346741022
28.8620612,-1.5669721153799843,-0.6543874957623554,-0.9140304652458575
28.86681589,-1.383718670065871,-0.6656113762715307,-0.9404726597267641
28.87157063,-1.1531126057198438,-0.6711716648956036,-0.9645210298248712
28.87632537,-0.8826171334216718,-0.6707167962592534,-0.9853249486912492
28.88108011,-0.580574362820026,-0.6639894786659873,-1.0019894582319038
28.88583485,-0.25599953836580813,-0.6508262981592264,-1.0135981116503177
28.89058954,0.08163816848115836,-0.6311545686574253,-1.0192367100425903
28.89534427,0.4226431889403694,-0.6049868002807783,-1.018017297761972
28.90009901,0.7573241052944191,-0.5724132818881588,-1.0091018129825462
28.90485375,1.0762218702087738,-0.5335933659526685,-0.9917248412244171
28.90960844,1.370330441357484,-0.4887460985466975,-0.9652149824848795
28.91436318,1.6313047982696531,-0.4381408509981509,-0.9290144091468516
28.91911792,1.8516516510054402,-0.38208858110533983,-0.882696256293875
28.92387266,2.0248986009108076,-0.320934280867194,-0.8259795463965182
28.9286274,2.1457380585171815,-0.25505105739817924,-0.7587414078070512
28.93338209,2.210142846717759,-0.184836150571247,-0.6810264030168773
28.93813683,2.2154511008175204,-0.11070902496081113,-0.5930528377122047
28.94289157,2.160418802754958,-0.03311149684342054,-0.49521597192880296
28.94764631,2.045239037995296,0.04749031847427954,-0.3880880965031335
28.95240105,1.8715278254545147,0.13060261667076606,-0.27241547144207395
28.95715578,1.642277129512874,0.21569958970447753,-0.1491121524780585
28.96191047,1.3617764049351684,0.3022188126018204,-0.019250764985076694
28.96666521,1.0355047363372607,0.3895570258768286,0.11594967467226536
28.97141995,0.6699962996374156,0.47706702906231824,0.25513874218960186
28.97617469,0.2726824794526707,0.5640563732778288,0.3968521947056429
28.98092938,-0.14828549088278548,0.6497884668981401,0.5395319226183873
28.98568412,-0.5842290555700778,0.7334865948272916,0.6815479806312573
28.99043886,-1.0261453751440086,0.8143412069626339,0.821222380320039
28.9951936,-1.4649159944736179,0.8915206630902683,0.9568542934682142
28.99994834,-1.8915161474407785,0.9641854364250846,1.0867462821863356
29.00470302,-2.2972197199913666,1.0315055822234913,1.2092311394794204
29.00945776,-2.673795029531196,1.0926810774442495,1.3226988945237113
29.0142125,-3.013686831864119,1.1469644396842296,1.4256235112508053
29.01896724,-3.310180328568363,1.193684847966958,1.5165887860863372
29.02372198,-3.5575434067370786,1.232272825594368,1.5943129305661758
29.02847667,-3.751143887268908,1.2622844178169934,1.6576713101340845
29.03323141,-3.8875391767336036,1.2834237147817926,1.7057168089705042
29.03798615,-3.964536403323343,1.295562540573183,1.7376973112094847
29.04274089,-3.981221862572406,1.2987561565307482,1.7530698376850555
29.04749558,-3.9379593929331618,1.2932539129871186,1.7515109548204248
29.05225032,-3.8363581265271276,1.2795039273522186,1.7329231734912427
29.05700506,-3.6792108888758,1.2581510649217655,1.6974371736660692
29.0617598,-3.470405319708309,1.230027745912996,1.6454098185135069
29.06651454,-3.2148105214162768,1.1961373888545055,1.5774180519802323
29.07126922,-2.918142683309773,1.1576306144962842,1.494248896522077
29.07602396,-2.586813656278669,1.1157746617635034,1.3968858697226616
29.0807787,-2.2277668483248143,1.0719167928047517,1.2864922071827627
29.08553344,-1.8483050658740297,1.027442772038664,1.164391308562175
29.09028813,-1.4559150299088612,0.9837317776806662,1.0320448215820048
29.09504287,-1.0580932430409624,0.9421093268002005,0.8910287648474554
29.09979761,-0.6621776736476829,0.9037999516136459,0.7430080861945336
29.10455235,-0.2751893683399882,0.8698814447509703,0.5897100709244156
29.10930709,0.09631236995974174,0.8412424892856221,0.4328970518402574
29.11406177,0.446358159467735,0.8185454049634172,0.27433891868316274
29.11881651,0.7696776006583034,0.8021955790009517,0.11578596374784908
29.12357125,1.0617873750669202,0.7923189155285976,-0.041057379320834544
29.12832599,1.319057160222727,0.7887483433917193,-0.19455735303739505
29.13308068,1.5387527486695491,0.7910200820479375,-0.3431737347780997
29.13783542,1.7190563407319654,0.7983799966386765,-0.48548028352755374
29.14259016,1.859064519175482,0.8097999943139474,-0.6201824051125877
29.1473449,1.9587648960815882,0.8240040432749698,-0.7461317647091404
29.15209964,2.018992844548924,0.8395030518417786,-0.8623376787281472
29.15685433,2.0413700963603927,0.8546375430059231,-0.9679752146504782
29.16160907,2.0282273098751253,0.8676268120274852,-1.0623900079725848
29.16636381,1.9825129942687756,0.8766230669083663,-1.1450998692305403
29.17111855,1.907691416122247,0.8797689252226232,-1.2157933080589438
29.17587323,1.8076323086147101,0.8752565732705265,-1.2743251537305997
29.18062797,1.6864953467628239,0.8613868798918048,-1.3207095050727649
29.18538271,1.548612436960451,0.8366267913217992,-1.3551102921140155
29.19013745,1.3983708862315956,0.799663408641891,-1.3778297698791395
29.19489219,1.2401004554623332,0.7494532591852864,-1.3892952880818565
29.19964688,1.077967151419704,0.6852654115250087,-1.3900446923173757
29.20440162,0.9158763688082429,0.6067172449581311,-1.380710719627086
29.20915636,0.7573876584438709,0.5138018647562538,-1.362004758971212
29.2139111,0.6056429842230197,0.4069063517428616,-1.3347003542427887
29.21866579,0.4633098638521047,0.2868202479744585,-1.299616827272648
29.22342052,0.33254029678970215,0.15473390809057863,-1.2576033825950625
29.22817526,0.2149458975053917,0.012226585368428933,-1.2095240206093958
29.23293,0.11158919447687586,-0.13875563193208426,-1.1562435348563322
29.23768469,0.022990634096963516,-0.29593167048209634,-1.0986148118906944
29.24243943,-0.050849557845428876,-0.4567265017460767,-1.03746759791372
29.24719417,-0.11041586148147807,-0.6183205142239143,-0.973598848587375
29.25194891,-0.15662982903797068,-0.7777061777126303,-0.9077647348138718
29.2567036,-0.19079216335654806,-0.9317507618268976,-0.8406743327402751
29.26145834,-0.21451659229808034,-1.0772637152293776,-0.7729849777925855
29.26621308,-0.22965781007794722,-1.211067192545566,-0.7052992116614565
29.27096782,-0.23823586034606767,-1.3300681355120836,-0.6381632030221767
29.2757225,-0.24235934470368933,-1.431330274015417,-0.5720664820461703
29.28047724,-0.2441497562834839,-1.5121444095161096,-0.5074427962615825
29.28523198,-0.2456690747283623,-1.5700953746157653,-0.4446718694954673
29.28998672,-0.24885253535455104,-1.6031241247187151,-0.38408182701297583
29.29474146,-0.25544821893258185,-1.6095835081669903,-0.3259520427649098
29.29949615,-0.2669648127400559,-1.5882863783594305,-0.27051617332348044
29.30425089,-0.284628579312694,-1.5385448547937322,-0.2179651678517338
29.30900563,-0.30935024785435034,-1.460199709966409,-0.16845007973985957
29.31376037,-0.3417022268285705,-1.3536390558938673,-0.12208454775595061
29.31851511,-0.38190623704030247,-1.219805727186615,-0.07894685988449739
29.3232698,-0.42983119288811716,-1.0601930051199198,-0.039081561194504066
29.32802454,-0.4850009225362337,-0.8768285948051642,-0.0025006169140862227
29.33277927,-0.5466111184608049,-0.6722470485856935,0.030815810996367536
29.33753396,-0.6135547466350774,-0.44945111376755953,0.06091887750538918
29.3422887,-0.6844550103776477,-0.21186276014597272,0.0878907389921353
29.34704344,-0.7577048569373939,0.036735100355225675,0.11184428385814546
29.35179818,-0.8315119255473458,0.2922649656801943,0.13292279662362355
29.35655292,-0.9039477617202355,0.5504277500359366,0.15129946764850963
29.36130761,-0.9730000631781439,0.8067808955855916,0.16717669037719116
29.36606235,-1.0366266788740814,1.0568199594424044,0.18078511435950254
29.37081709,-1.092810056108147,1.2960620137457621,0.19238243908451208
29.37557183,-1.139610825014373,1.5201292073021506,0.20225193808595646
29.38032651,-1.1752192293021897,1.7248308828529726,0.2107006948164601
29.38508125,-1.1980031624012715,1.9062427158243724,0.2180575132560021
29.38983599,-1.2065516533199663,2.0607814307916734,0.22467044063660946
29.39459073,-1.1997127675505097,2.185273755292329,0.23090381264692145
29.39934542,-1.1766250415782336,2.277018383730707,0.23713471033391942
29.40410016,-1.1367417467690832,2.3338398453653935,0.24374870966829432
29.4088549,-1.0798474682298518,2.354133299385083,0.25113481381729874
29.41360964,-1.0060666744636857,2.336899417604242,0.25967948570227556
29.41836433,-0.915864134242309,2.281768663142241,0.2697597432602394
29.42311907,-0.810037202788504,2.1890144337057302,0.28173533973501974
29.4278738,-0.689700150661273,2.0595547119708337,0.2959401228066823
29.43262855,-0.5562608512283934,1.894942052396648,0.3126727433060324
29.43738323,-0.4113902843690157,1.6973419309676754,0.3321869571590358
29.44213797,-0.256985462366418,1.469499687957225,0.3546818221507294
29.44689271,-0.0951265424109802,1.2146964995053555,0.38029212597371254
29.45164745,0.07197094320191194,0.9366950173525737,0.4090793921110786
29.45640214,0.24200764097968838,0.6396755135256884,0.4410238004621116
29.46115688,0.41265446056499405,0.32816355489391924,0.47601733900184484
29.46591162,0.5816078054389784,0.006950409067103972,0.5138584788106851
29.47066636,0.7466444724933783,-0.3189924532443727,0.554248640149714
29.47542104,0.9056746947686843,-0.6446032445524471,0.5967906886687045
29.48017578,1.0567918032534154,-0.964822486299925,0.6409896620810862
29.48493052,1.1983170365584912,-1.2746866077842554,0.6862558745435152
29.48968526,1.3288381310031152,-1.569420656306474,0.7319104804111547
29.49443995,1.4472404761286544,-1.8445281868166166,0.7771935085681488
29.49919469,1.5527298180618785,-2.095876362515242,0.8212743114559732
29.50394943,1.6448457291973002,-2.31977430241352,0.8632643126070444
29.50870417,1.723465328528283,-2.5130427666641633,0.9022318798165173
29.51345886,1.7887970224244956,-2.673073383378505,0.9372190922769009
29.5182136,1.841364330960206,-2.7978757970923183,0.9672601065255815
29.52296834,1.8819801616568905,-2.8861113613395166,0.9914007616807409
29.52772308,1.9117121832335184,-2.9371123046848586,1.0087190069924636
29.53247776,1.9318402287930772,-2.9508856661272462,1.0183456905125612
29.5372325,1.9438069114350975,-2.9281017133561815,1.0194852173072126
29.54198724,1.949162854914506,-2.8700670132714174,1.011435564989807
29.54674198,1.94950811811648,-2.7786828017589307,0.9936071301817175
29.55149667,1.9464315196882858,-2.6563897789691997,0.9655398751232779
29.55625141,1.9414496490359314,-2.506100915333871,0.9269182594616119
29.56100615,1.9359473869047807,-2.3311242696614527,0.8775834895632533
29.56576089,1.9311217573485535,-2.1350781716581437,0.8175427001141244
29.57051558,1.9279308932643138,-1.9218013867622776,0.7469747916885673
29.57527032,1.92704981532153,-1.695261044828226,0.666232765998796
29.58002506,1.9288345927071644,-1.45946116566986,0.5758425101886347
29.5847798,1.9332962691634736,-1.218354550882407,0.4764980733656033
29.58953448,1.9400856985768322,-0.9757606367623295,0.36905355391242095
29.59428922,1.948490143855748,-0.735291626998516,0.2545117835663795
29.59904396,1.9574421569286449,-0.5002888594747221,0.13401006273325092
29.6037987,1.9655408845447617,-0.2737709253800669,0.008803274528615637
29.60855339,1.9710855442028787,-0.05839456973560635,-0.11975522103489657
29.61330813,1.972120399249777,0.14357111887028204,-0.25023444555065694
29.61806287,1.9664901475258807,0.3302572531083451,-0.3811479002181938
29.62281761,1.9519042432559277,0.5001949687450378,-0.510976374655863
29.6275723,1.9260083194495083,0.6523035474799056,-0.6381909591741194
29.63232704,1.8864605904063663,0.7858682849063188,-0.7612758090041488
29.63708177,1.8310109099772283,0.9005098844308556,-0.8787502868513076
29.64183651,1.757580052619151,0.9961473941639453,-0.9891901909786083
29.6465912,1.6643367731656087,1.0729568295156195,-1.0912478417934377
29.65134594,1.5497702809978224,1.1313276382032682,-1.1836708404671117
29.65610068,1.4127559220933403,1.1718190738248158,-1.2653193284195774
29.66085542,1.2526120815697441,1.195118363260558,-1.335181574270314
29.66561011,1.0691465812381817,1.2020023009932799,-1.3923877062040628
29.67036485,0.8626911331891247,1.1933036016158454,-1.436221403147028
29.67511959,0.6341227072837292,1.1698830118745813,-1.466129365432231
29.67987433,0.3848709705890265,1.1326078442111425,-1.4817284094284382
29.68462901,0.11691126176108657,1.0823372588274658,-1.4828100728304237
29.68938375,-0.16725711903044335,1.0199143003045954,-1.4693426764662716
29.69413849,-0.4646471847925768,0.9461643949151934,-1.4414708583426032
29.69889323,-0.771834615680649,0.8618997428958656,-1.3995126653683867
29.70364792,-1.0850213185496695,0.7679288034898829,-1.3439543456175889
29.70840266,-1.4001109184830014,0.6650698767871949,-1.275443021180597
29.7131574,-1.712794514194177,0.5541676410409296,-1.1947774387125598
29.71791214,-2.0186446597290746,0.4361114101916473,-1.1028969985234471
29.72266683,-2.3132152105516317,0.31185383349668294,-1.0008692615733752
29.72742157,-2.5921444115394965,0.1824287647041305,-0.8898761315200309
29.73217631,-2.851258422867927,0.04896707844053405,-0.7711989058230504
29.73693099,-3.0866723872964172,-0.08729069700258499,-0.646202383234655
29.74168573,-3.2948861433883816,-0.22498593126788896,-0.5163182026892975
29.74644047,-3.4728717831667995,-0.36263846290460433,-0.3830275707582596
29.75119521,-3.618150435621318,-0.49864882689094986,-0.24784351403012156
29.7559499,-3.7288559232001264,-0.6313065515393019,-0.11229277334719139
29.76070464,-3.8037832795201667,-0.7588046940550999,0.022102556333537155
29.76545938,-3.842420524468148,-0.8792605301826193,0.15384353955085567
29.77021412,-3.844962557784708,-0.9907420596052158,0.28147295716187726
29.7749688,-3.812306542647562,-1.0912997464123315,0.40359377533621094
29.77972355,-3.746028693092485,-1.1790026943206955,0.5188873668609973
29.78447829,-3.648342937036299,-1.2519782693369534,0.626131293068956
29.78923302,-3.52204248133366,-1.3084540356561902,0.7242164246863753
29.79398771,-3.3704258365936575,-1.3468007688248165,0.8121631540959218
29.79874245,-3.1972093478407704,-1.3655752565660353,0.889136428647795
29.80349719,-3.0064287047750615,-1.3635615933437504,0.9544593106809232
29.80825193,-2.8023322567570985,-1.3398097187142617,1.0076247412845056
29.81300662,-2.5892692188704345,-1.2936700381056805,1.048305152627723
29.81776136,-2.3715760142166977,-1.224823091411505,1.0763595456895199
29.8225161,-2.1534640445821864,-1.133303390970276,1.0918376389239461
29.82727079,-1.9389121131973923,-1.0195167262433362,1.094980711131671
29.83202552,-1.73156654409255,-0.8842504179693849,1.0862188161003825
29.83678026,-1.534651764996536,-0.7286761909100465,1.0661641380886209
29.841535,-1.3508937622761803,-0.5543455140647284,1.03560038052385
29.84628969,-1.1824583959902994,-0.36317742451553625,0.9954682258904899
29.85104443,-1.0309060987356318,-0.15743900158070867,0.9468470604468543
29.85579917,-0.8971639896495678,0.06028121060201862,0.890933308155913
29.86055391,-0.7815159286904055,0.28710642144928444,0.8290158476331422
29.8653086,-0.6836105284972477,0.5199109464681808,0.7624490811110605
29.87006334,-0.6024866433503584,0.755365102775125,0.6926242826737584
29.87481808,-0.5366153787595592,0.9899849788077704,0.6209398844263962
29.87957282,-0.4839572232383499,1.220186334724334,0.5487713816417329
29.8843275,-0.4420325080018016,1.4423418166607815,0.4774415663570166
29.88908224,-0.40800306128797237,1.6528405971344282,0.40819183679332094
29.89383698,-0.3787626497466615,1.8481494881434504,0.3421553670887141
29.89859172,-0.3510335955391961,2.0248745158366552,0.2803329395685059
29.90334641,-0.32146682941391097,2.1798218979981825,0.22357222143713198
29.90810115,-0.2867425926303117,2.3100573289470536,0.17255119693299262
29.91285589,-0.24366903962984676,2.4129624518076564,0.12776634088465863
29.91761058,-0.1892761211187388,2.4862873879365686,0.08952594495871807
29.92236532,-0.12090233965927465,2.528198201860732,0.05794879585697198
29.92712006,-0.03627225537954761,2.537318212532945,0.03296817349216466
29.93187474,0.06643703914657494,2.5127621228099892,0.01434090850541775
29.93662948,0.18854187783615714,2.454162032390653,0.001661034002267749
29.94138422,0.33081142150486487,2.361684526928784,-0.005622596421197783
29.94613896,0.49344111230957893,2.236038197353439,-0.00818546275916807
29.95089365,0.6760404148218352,2.0784711355624994,-0.0068040981944710865
29.95564839,0.8776347221028398,1.8907581699182912,-0.0023311706256765917
29.96040313,1.0966809823644093,1.6751778387401224,0.004330318026427094
29.96515787,1.3310963122410513,1.4344793436823626,0.012253030629953162
29.96991256,1.5782986061230133,1.1718399687399979,0.02051089501919888
29.9746673,1.8352579266397413,0.8908136861743934,0.028203794778964335
29.97942204,2.0985572688931713,0.595271890150446,0.034480910170160285
29.98417677,2.364461131324786,0.28933739565542804,0.038562316262126466
29.98893146,2.6289902018956517,-0.022686991042354367,0.039758472379922825
29.9936862,2.8880003837934027,-0.3363938875815046,0.037487253086751486
29.99844094,3.1372643443975172,-0.647349191739478,0.031288188492989435
30.00319563,3.3725537772367433,-0.9511707681352679,0.020833611870935107
30.00795037,3.5897206191768345,-1.2436063242399118,0.005936462978569217
30.01270511,3.784775562273276,-1.52060883811718,-0.013445430555058552
30.0174598,3.9539623391213197,-1.7784079372069388,-0.03720867530774905
30.02221454,4.09382643938886,-2.013575697871129,-0.06510720730168486
30.02696927,4.201277129875021,-2.2230854405256752,-0.09675861404992497
30.03172401,4.273641894993232,-2.404362236272208,-0.13165363117653905
30.0364787,4.3087126792674395,-2.5553240183467234,-0.16916847856158843
30.04123344,4.304783583479527,-2.6744124039396495,-0.20857964795577938
30.04598818,4.260679922551533,-2.7606125752491026,-0.24908072926527
30.05074292,4.175778776767713,-2.81346183675342,-0.28980085858516363
30.05549761,4.050021344042425,-2.8330467500677257,-0.3298243786293297
30.06025235,3.8839175227571094,-2.81998903824721,-0.3682113146710146
30.06500709,3.678543221678917,-2.775420737538366,-0.4040182819879525
30.06976177,3.435530908323372,-2.7009493469150216,-0.4363194508576434
30.07451651,3.1570538743050087,-2.5986139767228935,-0.4642272005865159
30.07927125,2.8458046227254647,-2.4708337214558855,-0.48691209581006645
30.08402599,2.504967679066604,-2.3203496726305017,-0.5036218204198124
30.08878068,2.1381870076857266,-2.1501621400107793,-0.5136987126684441
30.09353542,1.7495280982133328,-1.9634647565949552,-0.5165955640935312
30.09829016,1.3434346891257865,-1.7635771982042123,-0.5118893767420527
30.10304485,0.9246800380789201,-1.5538782464899996,-0.4992928162861095
30.10779959,0.498312644614378,-1.3377408614469175,-0.4786631494751733
30.11255433,0.06959638780441436,-1.1184708068153708,-0.4500085091714338
30.11730907,-0.3560548414598566,-0.8992501943832647,-0.41349138546215064
30.12206375,-0.7731477642263185,-0.6830870904208964,-0.36942929307010197
30.12681849,-1.176185134858464,-0.4727720711211597,-0.31829260867284737
30.13157323,-1.5597452690602485,-0.27084233669712166,-0.26069960280452315
30.13632792,-1.9185647486829889,-0.07955370828752836,-0.19740870967513813
30.14108266,-2.247623144462937,0.09913944954592045,-0.12930809003709323
30.1458374,-2.54222839249002,0.2635966023234003,-0.05740255637127336
30.15059214,-2.7981012880088865,0.4124961710126281,0.01720204549802177
30.15534683,-3.0114574260156344,0.5448340575217672,0.09331686452494665
30.16010157,-3.179084824102054,0.6599163608669814,0.1696902933407483
30.1648563,-3.2984154108444117,0.7573471630502069,0.245030179417942
30.16961099,-3.3675885552434695,0.8370122993160621,0.31802765815767436
30.17436573,-3.3855048518397646,0.8990600152465268,0.38738217869843833
30.17912047,-3.351868463510184,0.9438793614191613,0.45182720713181657
30.18387521,-3.267216459504473,0.9720770957276091,0.5101560210905511
30.1886299,-3.132933769536075,0.9844537654923453,0.5612469649977212
30.19338464,-2.9512526066334748,0.9819795367629401,0.6040875200901518
30.19813938,-2.725235495289869,0.9657702344070266,0.6377965529327926
30.20289407,-2.4587413814023518,0.9370639573861222,0.6616441328595337
30.2076488,-2.1563746976465623,0.8971985392274574,0.6750683494907298
30.21240354,-1.8234177063415093,0.847590032807452,0.6776886204530159
30.21715829,-1.465746927524996,0.789712310943464,0.6693150637834421
30.22191297,-1.0897349628212198,0.7250777926186998,0.649953621623214
30.22666771,-0.7021395224734889,0.6552192348149025,0.6198067555570606
30.23142245,-0.3099819294321465,0.5816724799282388,0.579269677277491
30.23617714,0.07958221303197639,0.5059600266861279,0.5289222185450012
30.24093188,0.4593971678681244,0.42957530376073516,0.4695165719197301
30.24568662,0.8224427663228504,0.3539675700996997,0.40196124258169313
30.25044131,1.1619682930078172,0.2805274382048761,0.32730164065376277
30.25519604,1.4716212085292897,0.21057310424164793,0.24669781716605563
30.25995078,1.7455675388407605,0.14533745651631563,0.16139991282763463
30.26470552,1.9786010695324132,0.08595630587179544,0.07272195236724419
30.26946021,2.166238894544033,0.03345802524863584,-0.017985324847731615
30.27421495,2.3048013414166757,-0.011245106486326789,-0.10936186786397603
30.27896969,2.3914747960812894,-0.04736359100130507,-0.20006521655423204
30.28372438,2.424356464246721,-0.0742352256282534,-0.288796209690144
30.28847912,2.402480630787094,-0.09132733682359086,-0.37432288725681095
30.29323386,2.3258265043125594,-0.09823673181601324,-0.45550208563650263
30.29798855,2.195308233499645,-0.09468748782739754,-0.5312983455106732
30.30274329,2.0127481137088177,-0.08052681740859759,-0.6007998718151413
30.30749802,1.7808343329953542,-0.05571935803293957,-0.6632313943038615
30.31225276,1.5030648257731527,-0.020340325116715595,-0.7179638695570906
30.31700745,1.1836789242202337,0.025431969519848434,-0.7645210350649905
30.32176219,0.8275785473385188,0.08132370618817542,-0.8025828713875137
30.32651693,0.44024066847011667,0.14697274264344423,-0.8319860533597593
30.33127162,0.02762277003375945,0.22193494612291076,-0.8527214849770761
30.33602636,-0.40393705811698616,0.3056893199275413,-0.864929025473976
30.3407811,-0.8478237785708622,0.39764169976670916,-0.8688895342084794
30.34553579,-1.297251274440019,0.4971269420854918,-0.8650143927385485
30.35029052,-1.7453689025863812,0.6034096815796678,-0.8538327036226466
30.35504526,-2.185367215979991,0.7156838849611065,-0.835976415206389
30.3598,-2.6105813399826947,0.8330715593556536,-0.8121636778469841
30.36455469,-3.014590500614957,0.9546210747037673,-0.783180796090893
30.36930943,-3.391312243667241,1.0793056218054056,-0.7498631966096639
30.37406417,-3.735089959824446,1.2060223476559224,-0.7130758740864587
30.37881886,-4.040772444885852,1.3335926895851729,-0.6736937983899987
30.3835736,-4.303784373843989,1.460764376501625,-0.6325827620845276
30.38832834,-4.520186748088232,1.5862154886116497,-0.5905811179722628
30.39308302,-4.686726579114733,1.7085608750366565,-0.5484828047135722
30.39783776,-4.8008752918000885,1.8263611285324035,-0.5070219887072847
30.4025925,-4.860855557698798,1.938134213183767,-0.46685956925409205
30.40734719,-4.865656496158758,2.0423697387642306,-0.42857171208779166
30.41210193,-4.815037399472231,2.137545777861244,-0.3926405047548295
30.41685667,-4.709520337408647,2.2221480312635196,-0.3594467730756503
30.42161141,-4.550372165828149,2.2946910648496996,-0.32926506204267
30.4263661,-4.339576596250235,2.3537412680710643,-0.3022607638327121
30.43112084,-4.079797076969895,2.3979411206592016,-0.2784893655524121
30.43587558,-3.774331296966225,2.4260343009777667,-0.25789778534115926
30.44063026,-3.427058160809851,2.436891126975981,-0.24032776358994312
30.445385,-3.0423781054253656,2.429533789179557,-0.22552127333608643
30.45013974,-2.6251476449152267,2.403160814230548,-0.21312790779295324
30.45489443,-2.180609042445168,2.357170186558612,-0.20271418982783376
30.45964917,-1.7143160217423432,2.2911805547283817,-0.19377472313383204
30.46440391,-1.2320564465099053,2.2050499587392043,-0.1857450641212589
30.4691586,-0.7397729122346253,2.0988915365618155,-0.17801613729364862
30.47391334,-0.24348220659338016,1.9730857037928,-0.1699499493348211
30.47866808,0.2508054033486803,1.8282883499980593,-0.1608962852385347
30.48342276,0.7371661093286384,1.665434658626786,-0.15021000206292032
30.4881775,1.2098407991771247,1.4857382329069426,-0.1372684818008839
30.49293224,1.6633106956750714,1.2906852956977095,-0.12148877346663761
30.49768698,2.0923695308080954,1.0820238242074607,-0.10234395190024469
30.50244167,2.4921914197213266,0.861747578081925,-0.07937824805877765
30.50719641,2.858393626321782,0.632075079203628,-0.05222055806697689
30.51195115,3.1870934362765313,0.395423701475799,-0.020596006701987603
30.51670584,3.474958372662689,0.15437912692054948,0.01566468594042981
30.52146058,3.7192490059146386,-0.08833948096359981,0.05661821735151709
30.52621532,3.917853627363064,-0.32991814512799544,0.10220421841183056
30.53097,4.069314082543519,-0.5674900559480174,0.15224334466352016
30.53572474,4.17284210694699,-0.7981802531663177,0.2064379703207361
30.54047948,4.228325584034393,-1.0191523155604618,0.2643754691024285
30.54523417,4.236324263395731,-1.2276562875423342,0.32553402316832997
30.54998891,4.198054643993892,-1.4210770001851665,0.3892908584266556
30.55474365,4.115363947634902,-1.596981881454013,0.4549327603732842
30.55949839,3.990693379170881,-1.7531673002165793,0.5216686780724442
30.56425308,3.8270311824056242,-1.8877024542243683,0.5886441746118768
30.56900782,3.6278563351362085,-1.9989697965666868,0.6549574322611986
30.57376256,3.3970740560355757,-2.0857010011611785,0.719676472963413
30.57851724,3.1389445889200145,-2.1470074993030317,0.7818572129012118
30.58327198,2.858006958326575,-2.182404679673038,0.840561936421232
30.58802672,2.5589995366674647,-2.1918289354643967,0.8948777527289273
30.59278141,2.2467793229398905,-2.1756468641021214,0.9439345924224256
30.59753615,1.926241811375961,-2.134656075240833,0.9869223136051442
30.60229089,1.602243235395566,-2.0700772381652435,1.0231065203478495
30.60704558,1.2795268181737869,-1.983537196530945,1.0518427479268493
30.61180032,0.9626544557087624,-1.8770431920606039,1.07258873445667
30.61655506,0.6559450111078584,-1.7529484643071294,1.0849145687582773
30.62130974,0.3634201203936438,-1.6139097252174137,1.0885105684601664
30.62606448,0.08875811204319899,-1.4628372379385792,1.0831927900041485
30.63081922,-0.1647436624007201,-1.3028384500957264,1.0689060996520912
30.63557391,-0.39419808611402607,-1.1371563320435012,1.0457247497480768
30.64032865,-0.5971493943831454,-0.9691037397317335,1.013850425636301
30.64508339,-0.7715866520981509,-0.8019952512990234,0.9736077746805373
30.64983813,-0.9159502647428428,-0.6390780115593415,0.9254375076614675
30.65459282,-1.0291323066110725,-0.4834631587092985,0.8698872657250672
30.65934756,-1.1104715007195878,-0.3380594061573644,0.8076005508617841
30.6641023,-1.1597436852891392,-0.20551031529369843,0.739304097538662
30.66885698,-1.1771485622531073,-0.08813672937425837,0.6657940949949286
30.67361172,-1.1632934523776324,0.012114248912030976,0.5879216436408312
30.67836646,-1.119174684915801,0.09371245875901275,0.5065777525788007
30.68312115,-1.046157131471235,0.1555789057034816,0.4226780849567371
30.68787589,-0.9459522581548456,0.19710999446303543,0.33714757254453
30.69263063,-0.8205949231097367,0.21819092100839713,0.2509049876900677
30.69738532,-0.6724189972562281,0.2191975712485331,0.16484759895594978
30.70214006,-0.5040317475064541,0.20098650611323873,0.07983613884825276
30.7068948,-0.3182868084297964,0.16487288265363917,-0.0033195534826840458
30.71164948,-0.11825549395692118,0.11259646457650885,-0.08387372950378665
30.71640422,0.09280382534028732,0.046276204790587395,-0.16115621677339426
30.72115896,0.31147852814926774,-0.03164577506170772,-0.23458165766976083
30.72591365,0.5342369060766197,-0.11846964069281209,-0.30365606987127874
30.73066839,0.7574657459912476,-0.21131123926891732,-0.36798046460311057
30.73542313,0.9775102512357651,-0.3071816262790328,-0.4272514510066154
30.74017782,1.1907160671166461,-0.403070643653883,-0.4812589317165075
30.74493256,1.3934730190287916,-0.4960322309196577,-0.5298811285220555
30.7496873,1.5822600224721246,-0.5832689633282518,-0.5730772607283371
30.75444198,1.7536904926084567,-0.6622131834381685,-0.6108782439096713
30.75919672,1.9045574758202342,-0.7306020394695707,-0.6433758051964871
30.76395146,2.031877654446257,-0.786543780371962,-0.6707104456205818
30.76870615,2.1329333440960894,-0.8285727992066717,-0.6930587336183783
30.77346089,2.2053116150328385,-0.8556911757732681,-0.7106204831493528
30.77821563,2.2469397285973853,-0.86739485310162,-0.7236064335894467
30.78297032,2.2561161883464544,-0.8636830881845884,-0.7322270744628342
30.78772506,2.2315368611985478,-0.8450504319287137,-0.7366832171325558
30.7924798,2.172315816819647,-0.8124611921994679,-0.7371587952232669
30.79723448,2.0780007442450845,-0.7673070816291853,-0.7338161861609823
30.80198922,1.9485830042956558,-0.7113495031362917,-0.7267941184445021
30.80674396,1.7845025318958398,-0.6466486277697463,-0.7162080045110563
30.8114987,1.586647888339411,-0.575482017338625,-0.7021523569868553
30.81625339,1.3563517718331055,-0.500255994152245,-0.6847048334816958
30.82100813,1.0953822367014414,-0.4234132377989311,-0.6639314193756674
30.82576282,0.8059297709143186,-0.3473401916333929,-0.6398922875227584
30.83051756,0.49059026435384995,-0.2742778023970623,-0.6126479434447244
30.8352723,0.1523437911046433,-0.20623891492150326,-0.5822653457173942
30.84002704,-0.20547094955982192,-0.14493532068186665,-0.5488237615307787
30.84478172,-0.5791867187492302,-0.09171703320339723,-0.5124201673781927
30.84953646,-0.9648425075707512,-0.04752585381832664,-0.47317403796184737
30.8542912,-1.3582230665360018,-0.012864718894272747,-0.43123139303749314
30.85904589,-1.7549031491306295,0.012216291424378944,-0.3867680011193437
30.86380063,-2.150296280608553,0.028117026013952016,-0.3399916732031509
30.86855537,-2.53970771202056,0.03566776831421277,-0.29114361487033236
30.87331006,-2.918391069142056,0.036094094561416254,-0.2404988345429618
30.8780648,-3.2816080615010645,0.030967514377491828,-0.18836562397938098
30.88281954,-3.624690483513199,0.022143760763474175,-0.13508413282061865
30.88757422,-3.9431036248506306,0.011690954545594337,-0.08102405469312282
30.89232896,-4.2325101183144,0.001810144780010088,-0.026581433752362393
30.8970837,-4.4888331968149195,-0.0052490779909582525,0.027825405046460118
30.90183839,-4.708318309179356,-0.0072750835120724755,0.08176079371880515
30.90659313,-4.887592055569065,-0.0021799713830436226,0.13477749692647883
30.91134787,-5.02371744173218,0.0119181929407654,0.18642325306577978
30.91610256,-5.114244508976403,0.03661934932331555,0.2362479475721418
30.9208573,-5.1572554636154715,0.07317408573346797,0.2838112159093638
30.92561204,-5.151403495059776,0.122427129575723,0.3286902117612833
30.93036672,-5.095944527376462,0.18477350532646702,0.37048723844444686
30.93512146,-4.990761192823965,0.2601287562158687,0.40883694011093386
30.9398762,-4.836378353019437,0.34791416203944947,0.44341278592263517
30.94463089,-4.633969535129492,0.4470573927566455,0.47393264736424856
30.94938563,-4.385353709523036,0.5560085390265896,0.5001633519315517
30.95414037,-4.092981922595648,0.6727709764550137,0.5219241790408229
30.95889506,-3.7599134213229326,0.7949460677705874,0.5390893312273409
30.9636498,-3.389781067770861,0.9197903003390951,0.5515894550098415
30.96840454,-2.986746041092257,1.0442831054244563,0.5594122969096421
30.97315922,-2.5554420558357323,1.1652033173834018,0.5626025637397305
30.97791396,-2.1009095796388566,1.2792120102790598,0.5612610213485979
30.98266865,-1.6285208001172071,1.3829392993416476,0.5555428251918889
30.98742339,-1.143896360104934,1.4730726171066035,0.5456550421915006
30.99217813,-0.6528151440631325,1.5464439693773266,0.5318533057360598
30.99693282,-0.16111864976120244,1.600113743142099,0.5144375485992964
31.00168756,0.325388287518638,1.6314487740306884,0.49374678125751614
31.0064423,0.8010384418330481,1.6381925798681816,0.47015292143628556
31.01119698,1.2604026596614668,1.618525923011666,0.444053729299248
31.01595172,1.6983875449021597,1.5711161697994962,0.41586495672340984
31.02070646,2.1103279800183725,1.495154261609171,0.3860118751798565
31.02546115,2.4920720636816207,1.390378488487883,0.354920401960952
31.03021589,2.8400560783329625,1.2570846520320342,0.32300809468854697
31.03497063,3.1513672101380945,1.0961226075471615,0.2906753226284399
31.03972532,3.423791936804802,0.9088795744482937,0.2582969422339065
31.04448006,3.6558482814667173,0.6972509859933657,0.2262147969339848
31.0492348,3.8468005058257413,0.4636000024982358,0.19473132604961949
31.05398948,3.996655281421438,0.21070712427033972,0.16410451076582858
31.05874422,4.106138928204442,-0.058288399824887684,0.13454431833280875
31.06349896,4.176655933342892,-0.339953475819613,0.1062107426964278
31.06825365,4.210229642351957,-0.6306303641634845,0.0792134899197046
31.07300839,4.209426721235002,-0.9265081157568557,0.05361332140415867
31.07776313,4.177267681196251,-1.2236942249599836,0.029425040472538723
31.08251782,4.117126382426409,-1.5182846025653303,0.006622076966893163
31.08727256,4.032621930855244,-1.8064301701992436,-0.014857421048677055
31.0920273,3.9275067010897837,-2.0843986397008565,-0.03510314491099584
31.09678198,3.8055543327540904,-2.348630349132445,-0.054224069455458435
31.10153672,3.670451457966995,-2.595787360055128,-0.07233910218994516
31.10629141,3.5256966517166015,-2.8227953559108183,-0.08956731955911694
31.11104615,3.374509696673723,-3.026878196712409,-0.10601820263863869
31.11580089,3.219753765433583,-3.205585261644032,-0.12178227750963419
31.12055558,3.063872585361483,-3.356811934964134,-0.1369225297253864
31.12531032,2.9088440903422734,-3.4788137551255347,-0.15146691484294364
31.13006506,2.75615149371822,-3.5702148524296677,-0.16540224429225264
31.13481974,2.6067721451687107,-3.6300113521441078,-0.17866969523486223
31.13957448,2.4611839697417177,-3.657570425945288,-0.19116217091301352
31.14432922,2.3193887433066216,-3.6526256434762296,-0.20272371412186663
31.14908391,2.1809509535818528,-3.615269215673267,-0.21315114053442094
31.15383865,2.045050548395801,-3.5459416392557994,-0.22219800441486975
31.15859339,1.9105474978904968,-3.4454191537617205,-0.22958093531464702
31.16334808,1.776055803840784,-3.3147993153165363,-0.23498829296333143
31.16810282,1.6400243804103993,-3.1554848822605637,-0.23809098397817377
31.17285756,1.5008221056992763,-2.9691661047502786,-0.23855517590796238
31.17761224,1.3568242986433297,-2.7578014214372892,-0.23605654049479538
31.18236698,1.206497905540141,-2.5235964988219575,-0.23029556699861156
31.18712172,1.0484827784641948,-2.2689815094257773,-0.2210134129127256
31.19187641,0.8816665890557973,-1.9965865375939804,-0.20800770441553496
31.19663115,0.7052511428562624,-1.7092150259888992,-0.1911476616040001
31.20138589,0.5188081401574064,-1.4098152258727044,-0.170387904889465
31.20614058,0.3223227659940452,-1.1014496811685879,-0.14578030356723398
31.21089532,0.11622387564715955,-0.7872628513739066,-0.11748326188833934
31.21565,-0.0986000424442912,-0.47044705543997023,-0.08576790578710644
31.22040474,-0.32079951615086044,-0.15420699383700695,-0.051020732952730345
31.22515948,-0.5485773181523909,0.15827682353501152,-0.013742413084583953
31.22991417,-0.7797158352478277,0.4638853525081983,0.025457435266673982
31.23466891,-1.01161776128646,0.7595985473564525,0.06586951739858428
31.23942365,-1.2413589484732124,1.0425326611601125,0.10669805930717859
31.24417834,-1.465751940500237,1.3099767895500025,0.14707764922039426
31.24893308,-1.681418444552147,1.5594281078975374,0.1860932902138419
31.25368782,-1.8848687867785237,1.7886252331038577,0.22280308260471046
31.2584425,-2.072586244328896,1.9955791271620882,0.2562628243929735
31.26319724,-2.2411140590409566,2.1786009499936316,0.2855517175577479
31.26795193,-2.3871429111979903,2.336326264963075,0.3097983080006921
31.27270667,-2.507596661135705,2.4677350053586715,0.32820577202487866
31.27746141,-2.5997142453352695,2.5721666290183998,0.3400756896233142
31.2822161,-2.66112573549288,2.649329926577172,0.3448295053120622
31.28697084,-2.6899207281267308,2.6993070109175297,0.34202695917790027
31.29172558,-2.6847074235744253,2.722551104108758,0.33138086569919306
31.29648026,-2.6446609723862715,2.7198778545187645,0.3127677241442633
31.301235,-2.5695599107283584,2.6924500601860175,0.2862337668226942
31.30598974,-2.459809772671179,2.641755842146867,0.25199619696102044
31.31074443,-2.316453255636357,2.569580498241306,0.2104395396032764
31.31549917,-2.141166624695619,2.4779724672611825,0.16210722241432815
31.32025386,-1.9362423678772125,2.36920403746574,0.10768870619022038
31.3250086,-1.7045584500857087,2.245727634156092,0.048002678668293455
31.32976334,-1.4495348458643766,2.1101287089451453,-0.01602301081143391
31.33451802,-1.1750783467109036,1.96507641788222,-0.08337388136103356
31.33927276,-0.8855169220370025,1.813273404404829,-0.15297295975775133
31.3440275,-0.5855251509912996,1.657406083187242,-0.22370566636710176
31.34878219,-0.28004242656084755,1.5000968406407724,-0.2944446242756985
31.35353693,0.02581423902721042,1.3438595195229814,-0.3640736430921236
31.35829167,0.32684090508367836,1.1910594377816373,-0.4315102314309997
31.36304636,0.617838963223326,1.0438790113816792,-0.4957261141530182
31.3678011,0.8937070655383981,0.9042898187984793,-0.5557653620733867
31.37255579,1.1495308880825268,0.774031675331995,-0.6107598715326027
31.37731052,1.380669013040672,0.6545989937761864,-0.6599420490612737
31.38206526,1.5828333658600664,0.547234410175037,-0.7026546581074382
31.38681995,1.7521628206780977,0.4529293653712795,-0.738357872471719
31.39157469,1.8852887753282523,0.3724310697382679,-0.7666336587117724
31.39632943,1.979391690370751,0.3062550526257453,-0.7871876773591285
31.40108412,2.032247789685284,0.25470231967638357,-0.7998489442539822
31.40583886,2.0422653422552015,0.21788001724414477,-0.8045675199544875
31.4105936,2.0085101884454124,0.19572443668714018,-0.8014104923246479
31.41534828,1.9307204285357078,0.18802518053815312,-0.7905564896057363
31.42010302,1.8093104350529046,0.1944493513361021,-0.7722889221476122
31.42485776,1.645364561633423,0.21456470387078985,-0.7469881168853636
31.42961245,1.440621087564703,0.24786081481152314,-0.7151224904864355
31.43436719,1.1974470590292645,0.2937674638469852,-0.6772389057327378
31.43912188,0.9188047719063981,0.3516695821028319,-0.6339523635310552
31.44387662,0.6082106909425237,0.4209183008553717,-0.585935190031415
31.44863136,0.2696876146202253,0.5008378198747062,-0.5339058790488925
31.45338605,-0.09228912949384054,0.5907280035888357,-0.47861774534328966
31.45814078,-0.472850736711321,0.6898627989980662,-0.42084753849631706
31.46289547,-0.8667985922588859,0.7974847473973595,-0.3613841618733728
31.46765021,-1.2686720178152444,0.9127960290148683,-0.30101763329034775
31.47240495,-1.6728196383221887,1.0349466329874937,-0.24052840797727165
31.47715964,-2.0734739395864703,1.163020382539098,-0.18067715730040512
31.48191438,-2.4648285531105025,1.2960196644172006,-0.12219506157909298
31.48666912,-2.8411177055080183,1.4328498087114643,-0.06577464104843127
31.49142381,-3.1966971223087466,1.5723041341667612,-0.012061126553021006
31.49617855,-3.526125508237562,1.713050708028396,0.03835563058299387
31.50093329,-3.82424556747885,1.8536218625612833,0.08494868929166265
31.50568797,-4.086263399039355,1.99240745989959,0.12726093078022782
31.51044271,-4.307825013297204,2.1276528033182522,0.16491124564025397
31.5151974,-4.485088665615895,2.2574619595365615,0.19759984843130657
31.51995214,-4.614791686304634,2.379807088327676,0.2251125477860444
31.52470688,-4.694310498384233,2.4925441788176617,0.24732379935304494
31.52946157,-4.721712553989922,2.593435373439037,0.2641983912982101
31.5342163,-4.695798988728211,2.680177828013402,0.2757916507509497
31.53897104,-4.6161368945330095,2.7504388176494605,0.28224810473386
31.54372573,-4.483080248393048,2.8018965610328537,0.28379857300469896
31.54848047,-4.297778707120209,2.832286008218065,0.28075571026892293
31.55323516,-4.0621736845882666,2.8394486268326795,0.2735080530931119
31.5579899,-3.7789813626514683,2.8213850354903576,0.2625126646377928
31.56274464,-3.4516625432808383,2.776309176827397,0.24828650673071329
31.56749933,-3.0843795179273847,2.7027026004013663,0.2313966989556488
31.57225407,-2.681940398000125,2.5993673412749994,0.21244984399432704
31.57700881,-2.2497316021462477,2.4654758363400586,0.1920806082740635
31.58176349,-1.7936394170856527,2.30061631972434,0.1709397531678474
31.58651823,-1.3199617303089153,2.1048321829573062,0.149681820948093
31.59127292,-0.835311175277619,1.8786538761771827,0.1289526930024017
31.59602766,-0.3465110419138588,1.623122063302439,0.1093772519130276
31.6007824,0.13951459797900756,1.3398009243419646,0.09154738880431519
31.60553709,0.6158550028025987,1.0307807170982362,0.07601059978634438
31.61029183,1.0757294514213975,0.698668961775682,0.06325940981985834
31.61504657,1.5126047215563723,0.3465698876687884,0.05372184924725789
31.61980125,1.920311420681767,-0.021947927172324026,0.04775318747603274
31.62455599,2.2931570850275653,-0.40289549301109573,0.045629099603709346
31.62931068,2.6260338273912915,-0.7919183925788759,0.047540406145019844
31.63406542,2.914518213546915,-1.1843619897498538,0.05358948679717035
31.63882016,3.1549610008990325,-1.5753457590495863,0.06378843116614294
31.64357485,3.3445644002396335,-1.959845368128734,0.07805895611136791
31.64832959,3.481444635465256,-2.332780903867403,0.09623409090246313
31.65308427,3.564677782970081,-2.689109420587652,0.11806160506301262
31.65783901,3.59432716993423,-3.023919812735517,0.14320912724087131
31.66259375,3.571450989509573,-3.3325278806606384,0.17127087665649396
31.66734844,3.4980892372396903,-3.6105693725155237,0.20177590297758596
31.67210318,3.377229571558895,-3.854088753556459,0.23419770572242044
31.67685792,3.2127522361733165,-4.059621482265197,0.26796507696474037
31.68161261,3.0093547377543657,-4.224267666219036,0.30247397518537283
31.68636735,2.7724575329855985,-4.345755132791245,0.33710018879229753
31.69112209,2.508092529188557,-4.422490179850899,0.37121248594278344
31.69587677,2.2227767272352197,-4.453594564165394,0.4041858817477861
31.70063151,1.9233738180969504,-4.438927630632352,0.43541460026344475
31.7053862,1.6169469664621652,-4.379092871599453,0.46432428392327524
31.71014094,1.3106063541845616,-4.27542861857924,0.4903830193516385
31.71489568,1.0113552890007873,-4.129982993708542,0.5131108084919982
31.71965037,0.7259387887365201,-3.945473670070629,0.5320872102511162
31.72440511,0.46069851438473836,-3.725233394156983,0.5469569957598556
31.7291598,0.22143774408725428,-3.4731425977582755,0.5574337825834419
31.73391454,0.013299763136712987,-3.1935507595729056,0.5633017243515562
31.73866927,-0.15933738774305908,-2.891188459076843,0.564415422263272
31.74342396,-0.2929473857196331,-2.5710722879043613,0.5606982901763905
31.7481787,-0.3849214836768343,-2.238404939459628,0.55213964601725
31.75293344,-0.4336125337077089,-1.8984728799112063,0.5387908193545039
31.75768813,-0.4383565892816677,-1.5565440106476156,0.5207605564981383
31.76244287,-0.3994721247576953,-1.2177676659065786,0.4982099702128951
31.76719756,-0.318237509936097,-0.887079156552548,0.4713472283036146
31.7719523,-0.19684792808869703,-0.5691108820065902,0.44042212049561497
31.77670704,-0.03835340846805643,-0.26811179857203066,0.4057206059251499
31.78146172,0.15341995514669687,0.012123234653927832,0.3675594361587038
31.78621646,0.3739632152683045,0.268313000235355,0.3262809675335754
31.79097115,0.6181895997602653,0.49773742542114896,0.28224830417252844
31.79572589,0.8805486041781044,0.6982724126253723,0.23584092702868845
31.80048063,1.1551463270563218,0.8684116576301352,0.187450949336803
31.80523532,1.4358692366561545,1.007275390006488,0.1374800928085828
31.80999006,1.7165086359970063,1.1146062222853033,0.08633741192880294
31.8147448,1.9908832345497112,1.190752522347624,0.03443772182546048
31.81949948,2.2529574312553935,1.2366399282962413,-0.017799376292326117
31.82425422,2.4969531535497653,1.2537318098016617,-0.06995001865193798
31.82900891,2.7174533681543154,1.243979648933481,-0.12158631286331516
31.83376365,2.9094956683807642,1.2097644715549438,-0.17227643434114095
31.83851839,3.0686546368301095,1.153830611531231,-0.2215847100450262
31.84327308,3.191111970224157,1.0792132360670321,-0.26907178066124765
31.84802782,3.2737136261118387,0.9891611995814316,-0.3142949061233548
31.8527825,3.3140135054146866,0.8870569197395568,-0.35680847371415897
31.85753724,3.310303421561956,0.7763350733654508,-0.3961647903630333
31.86229198,3.2616293315658167,0.6604019809538624,-0.4319152889938899
31.86704667,3.167794023137748,0.5425575755732387,-0.4636123399919585
31.87180141,3.0293466691304745,0.4259218264386479,-0.4908119126147586
31.87655615,2.847559876164304,0.31336740417825054,-0.5130773563455706
31.88131084,2.6243950635873823,0.20746023267764424,-0.5299845542182167
31.88606558,2.3624572042325105,0.11040937387394237,-0.5411286354716144
31.89082026,2.0649401313708733,0.02402744238517709,-0.5461323311666532
31.895575,1.7355637594647253,-0.050297545865928314,-0.5446559288275932
31.90032974,1.3785046740330646,-0.11161831284915218,-0.5364086476515276
31.90508443,0.9983216137686579,-0.15943221418906192,-0.5211611275804172
31.90983917,0.5998773928924855,-0.1936730139879053,-0.49875861107177455
31.91459391,0.18825879245929167,-0.21469100704474625,-0.4691342995981415
31.9193486,-0.23130411243461665,-0.22322228110391384,-0.4323222917425062
31.92410334,-0.6535178220637131,-0.22034820350210355,-0.3884694623409926
31.92885802,-1.0731032403052734,-0.20744646804459396,-0.3378456291340344
31.93361276,-1.4848703746295884,-0.18613524436920698,-0.28085137864927223
31.9383675,-1.8837889828774912,-0.15821213063920944,-0.21802298544377657
31.94312219,-2.2650544056481072,-0.1255897193952657,-0.15003395308791345
31.94787693,-2.624147979841474,-0.09022964488121693,-0.07769282424682779
31.95263162,-2.956891572252231,-0.05407698823936888,-0.0019370438200294628
31.95738636,-3.2594958998365047,-0.018996875833499037,0.07617719325988558
31.9621411,-3.5286024169270926,0.013284982191420583,0.15548902594829983
31.96689579,-3.7613186520796664,0.041236197964701224,0.23475070977177395
31.97165052,-3.955246969422325,0.06356461304199004,0.31264872551168926
31.97640521,-4.10850680917248,0.07925696952361744,0.3878277163868755
31.98115995,-4.219750524670791,0.08760834373361918,0.4589166501427499
31.98591469,-4.288172973274876,0.0882416004145097,0.5245565169462968
31.99066938,-4.313515031160437,0.0811164025070134,0.5834288105017139
31.99542412,-4.296061186040839,0.06652760029158848,0.6342840007529714
32.00017881,-4.236631320750588,0.04509311745071027,0.6759691958914494
32.00493354,-4.136566744129139,0.01773174365742175,0.7074542133670387
32.00968828,-3.997710467747274,-0.014368473484669226,0.7278553361508211
32.01444297,-3.8223816831505566,-0.04979027741439594,0.736456119410771
32.01919771,-3.613344377744137,-0.08693448998686643,0.7327247278447694
32.02395245,-3.3737700469091103,-0.1240731239996663,0.7163274167161378
32.02870714,-3.1071945185169967,-0.1594067366941931,0.6871379112721003
32.03346188,-2.8174690016190667,-0.19112431632402985,0.6452425812385297
32.03821657,-2.508705598420214,-0.21746392367659617,0.5909414414738132
32.0429713,-2.1852176717869174,-0.2367722977969811,0.524745129079081
32.04772605,-1.8514556343428685,-0.24756168080021318,0.447368104535763
32.05248073,-1.5119389143030573,-0.24856221783749088,0.35971839438820047
32.05723547,-1.17118504977159,-0.23876843954536506,0.26288423258038707
32.06199016,-0.8336370558796935,-0.2174785281865436,0.15811796752378415
32.0667449,-0.5035903839211052,-0.18432529601407233,0.04681758783394134
32.07149964,-0.18512093441944838,-0.1392980545958711,-0.06949380874900148
32.07625433,0.11798431522672778,-0.08275481596706999,-0.18919030952299704
32.08100907,0.40229246173689664,-0.01542453080720977,-0.31056697255370513
32.08576375,0.664784009589156,0.06160067187335472,-0.43186483906657175
32.09051849,0.9029048596150883,0.14688302960042793,-0.5512968972431284
32.09527323,1.114609548425954,0.23866602572368337,-0.6670746992063605
32.10002792,1.2983945093486031,0.3349099332018481,-0.7774353056285068
32.10478266,1.45332034630713,0.4333351528671845,-0.8806682095545625
32.10953735,1.57902237241893,0.5314722990885802,-0.9751418790342103
32.11429209,1.6757089572830577,0.6267178349392117,-1.0593295584396418
32.11904683,1.7441475419039376,0.7163939374378745,-1.131833977101353
32.12380151,1.7856385079145498,0.7978111839234951,-1.1914106240769717
32.12855625,1.8019774183998278,0.8683325953970115,-1.2369892528828141
32.13331099,1.7954064721298435,0.925437553115503,-1.267693276991696
32.13806568,1.7685563226984602,0.9667841208179769,-1.2828567076704187
32.14282042,1.724379699155236,0.9902683545778731,-1.2820382752737498
32.14757511,1.6660785127990985,0.9940792609748876,-1.2650323690449792
32.15232985,1.5970263305227677,0.9767481661564849,-1.2318764336815462
32.15708459,1.5206882224506282,0.9371913777250377,-1.182854477881639
32.16183927,1.4405400384056692,0.8747451541431164,-1.11849638554818
32.16659401,1.3599891298247249,0.7891921403452654,-1.0395727788685583
32.1713487,1.2822984162815696,0.6807785828006505,-0.9470852668709723
32.17610344,1.210515511108116,0.5502218026112873,-0.8422520227251133
32.18085818,1.1474083849843066,0.39870758227901787,-0.7264887639847563
32.18561287,1.095408778050579,0.22787731208869463,-0.6013853556964147
32.19036761,1.0565642894108866,0.039804947282530895,-0.46867840892277923
32.1951223,1.032499796346577,-0.1630359521241896,-0.33022039784064505
32.19987704,1.0243885986719374,-0.37781459277735785,-0.1879459577668715
32.20463177,1.0329334546216433,-0.6013939816766266,-0.04383614559720654
32.20938646,1.0583574756105043,-0.8303896296346326,0.1001184634878936
32.2141412,1.100404676675453,-1.061234698300103,0.24195490847472645
32.21889589,1.158349834968322,-1.2902501523235412,0.379774244693685
32.22365063,1.2310171880666818,-1.5137182993468055,0.5117762711197449
32.22840532,1.3168074042158167,-1.7279579660444455,0.6362916942687072
32.23316006,1.413732172895859,-1.9293994781738029,0.7518109340130612
32.2379148,1.5194556893642304,-2.1146575937465553,0.8570088989974141
32.24266948,1.6313422348788984,-2.2806005841674684,0.9507651981695728
32.24742422,1.7465089831015872,-2.4244137662262557,1.032179400668716
32.25217896,1.8618830956232888,-2.543655950423041,1.1005811048781342
32.25693365,1.974262111012928,-2.6363074767628936,1.1555347285168063
32.26168839,2.080376586468823,-2.7008087456180356,1.1968390834591343
32.26644308,2.1769539205188155,-2.736088408092889,1.2245219449289495
32.27119782,2.2607822692437947,-2.7415806496655053,1.2388299549806838
32.27595256,2.3287734676425464,-2.7172312764850637,1.2402143068486196
32.28070724,2.378023883424228,-2.663492589731105,1.229312737825126
32.28546198,2.4058721640827914,-2.5813073039007834,1.2069284173976604
32.29021667,2.409952889831302,-2.472082023953983,1.1740063596919632
32.29497141,2.388245213714827,-2.3376510387994673,1.1316080177786607
32.2997261,2.3391156540051155,-2.1802314103771705,1.0808847312968999
32.30448084,2.261354301011004,-2.002370534484618,1.023050695015878
32.30923558,2.1542038096911047,-1.8068875167239509,0.9593560918004733
32.31399026,2.017380669820836,-1.596809839013061,0.8910609888610945
32.318745,1.8510883737906856,-1.3753068837229305,0.8194105332003203
32.32349969,1.6560222326071905,-1.1456219295997507,0.7456119038108258
32.32825443,1.4333657176076489,-0.911004233964853,0.670813388894763
32.33300917,1.1847783271944554,-0.6746427695375089,0.596085864026123
32.33776386,0.9123750982242013,-0.4396030952977895,0.5224068627464029
32.3425186,0.6186980062278121,-0.20876871635184757,0.45064736429467356
32.34727328,0.30667963066360654,0.015211862954339957,0.381561376954622
32.35202802,-0.020400399809521214,0.22997135660917714,0.31577836411914656
32.35678276,-0.35896552467474,0.43346232828480746,0.2537985326656488
32.36153745,-0.7051981317083152,0.6239875658384325,0.19599096943096145
32.36629219,-1.0551002611251188,0.8002217198122652,0.14259456688992855
32.37104688,-1.4045580640434283,0.9612239221084857,0.0937216261987282
32.37580162,-1.749408829529942,1.1064412984921692,0.0493639726417454
32.38055636,-2.0855093005510965,1.2357034854418583,0.009401374365881373
32.38531104,-2.408803933295763,1.3492084539873266,-0.02638797478019045
32.39006579,-2.7153917204382902,1.4475001253208977,-0.05831516531758448
32.39482047,-3.0015901997124854,1.5314384300623363,-0.08676674546018665
32.39957521,-3.2639953071427725,1.6021626116713212,-0.11218964594170629
32.40432995,-3.49953581166177,1.6610487033661965,-0.13507517254934495
32.40908464,-3.7055211860125072,1.7096622170634408,-0.1559424196878375
32.41383938,-3.879681927234867,1.7497071724377626,-0.17532149795250804
32.41859407,-4.020201534550686,1.782972663874962,-0.19373700102578303
32.4233488,-4.1257395741487395,1.8112782120014006,-0.21169215203406105
32.42810349,-4.195445496309574,1.8364191732845923,-0.2296540590459236
32.43285823,-4.22896310681619,1.8601134840949762,-0.24804047122830325
32.43761297,-4.22642582097926,1.883950992462836,-0.2672083658903996
32.44236766,-4.1884430394025465,1.9093465792439965,-0.2874446221568011
32.4471224,-4.1160781792057435,1.9374981883313562,-0.30895895999860373
32.45187709,-4.010819074034616,1.9693507717731098,-0.33187925081336406
32.45663183,-3.8745416197674336,2.0055670116027944,-0.356249239047679
32.46138657,-3.709467684307061,2.046505511064547,-0.3820286502414752
32.46614125,-3.5181184089296984,2.092206962516297,-0.40909559508899856
32.47089599,-3.303264095333514,2.1423886077691963,-0.4372511109992814
32.47565068,-3.067871892757606,2.196447117336594,-0.46622561716723526
32.48040542,-2.8150524779415536,2.2534698326347278,-0.49568700434402224
32.48516016,-2.548006868121797,2.3122541408874553,-0.5252500428495762
32.48991485,-2.2699744349898205,2.3713345862064226,-0.5544867748775361
32.49466959,-1.9841831019103384,2.4290171623271486,-0.5829375600297302
32.49942427,-1.6938026078562551,2.4834200844575625,-0.6101224644292608
32.50417901,-1.4019016069531725,2.5325202027306157,-0.6355527190628028
32.5089337,-1.1114092419642598,2.5742041016046184,-0.6587420146905715
32.51368844,-0.8250816872820388,2.606322831571613,-0.6792174406390223
32.51844318,-0.5454740079733101,2.626749143574679,-0.6965299077743151
32.52319787,-0.2749175313918369,2.633436042101816,-0.710263921188496
32.52795261,-0.0155027803958732,2.6244754370585026,-0.7200465883584838
32.5327073,0.2309321245792482,2.598155653001768,-0.7255557678001348
32.53746204,0.46280781904558715,2.553016543737931,-0.7265272850499265
32.54221672,0.6788051437245969,2.4879009597532167,-0.7227611685536857
32.54697146,0.8778621231964326,2.4020013275168646,-0.7141268853467835
32.5517262,1.059166974273452,2.294900127583682,-0.7005675787580288
32.55648089,1.2221476824753088,2.166603107677629,-0.6821033195424682
32.56123563,1.3664586959972418,2.017564142423802,-0.6588333722513492
32.56599032,1.4919652755301862,1.8487007574135659,-0.6309374503013213
32.57074506,1.5987260125522642,1.661399475382219,-0.5986758913414273
32.5754998,1.6869739960329797,1.4575103187038656,-0.5623886372630013
32.58025448,1.7570970738094083,1.2393300153581157,-0.5224928604233942
32.58500922,1.8096176229552225,1.0095737025473923,-0.4794790516489617
32.58976391,1.845172213315411,0.7713351979053293,-0.4339053905162339
32.59451865,1.8644915192385392,0.5280362045635443,-0.3863902652319558
32.59927334,1.868380806499211,0.28336512266750735,-0.33760289785766
32.60402808,1.857701296062332,0.04120644447777467,-0.2882521451591511
32.60878282,1.8333526863655654,-0.19443799814067492,-0.23907366057951435
32.6135375,1.7962571033826236,-0.4195343951376473,-0.19081569516998606
32.61829224,1.7473447422585118,-0.6301071482567042,-0.14422387333670422
32.62304693,1.68754146083294,-0.8223319008639232,-0.10002530652858208
32.62780167,1.617758575537628,-0.9926292484366062,-0.058912418089198636
32.63255641,1.5388850852791371,-1.1377568426833857,-0.021526859801538612
32.6373111,1.4517825032470006,-1.254897522344863,0.011556088067562933
32.64206584,1.3572824088079638,-1.3417410777610357,0.039842229836824304
32.64682052,1.2561867442880044,-1.3965572909429076,0.06293187526509786
32.65157526,1.149270779439292,-1.4182579944954603,0.0805315791449198
32.65632995,1.0372885561032943,-1.4064460657500293,0.09246384702465842
32.66108469,0.9209805142450201,-1.361449517876764,0.0986745064479576
32.66583943,0.8010828954421076,-1.2843391646132192,0.09923750333079279
32.67059412,0.6783384274712838,-1.1769287133794601,0.09435694477568514
32.67534886,0.5535077191701805,-1.0417565745492905,0.08436626763583813
32.68010354,0.42738074336525417,-0.8820491523025027,0.06972446375388264
32.68485829,0.30078776288995124,-0.7016658925330475,0.05100933919675544
32.68961297,0.17460906568678672,-0.5050268909877714,0.028907831835948493
32.69436771,0.049782922176231766,-0.29702439288159116,0.004203467760337299
32.69912245,-0.0726887407723891,-0.08292002443853638,-0.022238890716461804
32.70387714,-0.19173734751220628,0.13176993295989106,-0.04949076235054659
32.70863188,-0.30622763946701,0.3413985035347559,-0.0765798827174349
32.71338657,-0.414960753561675,0.5403181540735305,-0.10251170495098115
32.7181413,-0.5166804582841142,0.7230138012987715,-0.12629201670475484
32.72289599,-0.6100825061732508,0.8842352350638025,-0.14695005573386843
32.72765073,-0.6938270040776765,1.0191254569194896,-0.16356147718729425
32.73240547,-0.7665536739562202,1.123341491006145,-0.17527054296659111
32.73716016,-0.8268998718805498,1.1931643822325833,-0.18131096416006495
32.7419149,-0.8735212412883535,1.2255953507329655,-0.18102491678304986
32.74666959,-0.9051148849585319,1.2184354156885238,-0.1738798466394741
32.75142433,-0.9204449331359539,1.1703462282310861,-0.15948276006812545
32.75617907,-0.9183703476930021,1.0808903525702223,-0.13759175190098488
32.76093375,-0.8978747224558813,0.9505497939044198,-0.10812455087475814
32.76568849,-0.8580977115808052,0.7807221744248137,-0.07116387707944437
32.77044318,-0.7983675425149661,0.5736945840836238,-0.026959422135092514
32.77519792,-0.7182338598859037,0.3325957570150953,0.02407370327182834
32.77995261,-0.6174999270299023,0.061327823174549836,0.08136014716449334
32.78470735,-0.496253017941483,-0.235520563867135,0.14417311858659132
32.78946204,-0.35489169884441596,-0.5527774345092131,0.21164669798298893
32.79421677,-0.19414864815460411,-0.8848043445586057,0.2827914180712748
32.79897151,-0.015107702399438604,-1.225623816274394,0.35651276999379006
32.8037262,0.18078606370550765,-1.5690540954312475,0.4316322089190241
32.80848094,0.3917242259163825,-1.9088477764184566,0.506910182960305
32.81323563,0.6155416270912024,-2.238830768710567,0.5810706823365351
32.81799037,0.8497321933807271,-2.553038085254882,0.6528267891389324
32.82274511,1.0914740988043237,-2.8458430259345384,0.7209066894034847
32.8274998,1.3376640788830756,-3.11207650570299,0.7840795826469396
32.83225454,1.5849603339675,-3.3471335341289747,0.8411808941509522
32.83700922,1.8298331096643128,-3.5470641864346053,0.891136175925498
32.84176396,2.0686217181263125,-3.7086468104892187,0.9329830901443517
32.84651865,2.297596493392657,-3.8294416844252717,0.9658909141592468
32.85127339,2.513023976528765,-3.907823870110701,0.9891770866151197
32.85602813,2.711233515924341,-3.942994591783292,1.0023204166025805
32.86078282,2.8886834513494084,-3.9349710967747953,1.0049706868977493
32.86553756,3.042025125929433,-3.8845556118942692,0.9969544892928207
32.87029224,3.168163128411614,-3.793284674815286,0.9782772346065185
32.87504698,3.2643103913048974,-3.6633607692901524,0.9491213855486097
32.87980167,3.3280370352197672,-3.4975687954183954,0.9098410668282618
32.88455641,3.357312130636587,-3.2991804268092495,0.8609533064384186
32.88931115,3.3505378226363485,-3.071849810629456,0.8031262440555132
32.89406584,3.3065755154957226,-2.8195043258298664,0.7371646995031076
32.89882058,3.2247640343065624,-2.5462342127703863,0.663993526877394
32.90357526,3.1049298686355944,-2.2561848212115176,0.5846391956196152
32.90833,2.947389760768223,-1.9534550020570252,0.5002100467344671
32.91308469,2.752946030474088,-1.6420048082537955,0.4118756739766706
32.91783943,2.522875130603303,-1.3255751941897544,0.32084587402653086
32.92259412,2.2589100038603838,-1.0076218368443945,0.22834959211784206
32.92734886,1.9632168622102733,-0.691264574252782,0.13561425791173204
32.9321036,1.6383670390534015,-0.37925329666005586,0.04384586232959471
32.93685828,1.28730457361595,-0.07395046128684755,-0.045789924861383974
32.94161302,0.9133101797365886,0.2226702411090901,-0.1321853467153812
32.94636771,0.5199622296213682,0.5090101379336553,-0.21430665052123257
32.95112245,0.11109534905779803,0.783818349478899,-0.29120849482223654
32.95587714,-0.3092428242054058,1.0461531470173824,-0.36204649751395857
32.96063188,-0.7368362210660063,1.2953343182314763,-0.42608775080095923
32.96538662,-1.1673458242373418,1.5308892247580577,-0.4827191323252176
32.9701413,-1.5963556844635456,1.7524953860102823,-0.5314532621857048
32.97489604,-2.019419168711126,1.9599224557569008,-0.5719320009694687
32.97965073,-2.43210520253805,2.1529763717513255,-0.6039274527005335
32.98440547,-2.830044318555738,2.331448258051393,-0.6273405183366515
32.98916016,-3.2089743519611247,2.495070355095212,-0.6421971259966975
32.9939149,-3.564785629420426,2.643480861164794,-0.6486423319996751
32.99866964,-3.8935654805299493,2.7761991130018844,-0.6469325371000653
33.00342433,-4.19164186591463,2.892612038553818,-0.6374260963022158
33.00817907,-4.455625867542816,2.9919723066848904,-0.6205726223092696
33.01293375,-4.682452728929942,3.0734080999955653,-0.5969012950671915
33.01768849,-4.869421068566501,3.1359439662134365,-0.5670084939700099
33.02244318,-5.014229822026674,3.1785317751889,-0.5315450651864664
33.02719792,-5.115012400237884,3.200090432824141,-0.4912035251165902
33.03195261,-5.170367487337906,3.1995526877097777,-0.44670548429662504
33.03670735,-5.179385845456964,3.1759171157906563,-0.39878955656043125
33.04146209,-5.141672449101628,3.1283031859232793,-0.34819999722029094
33.04621677,-5.057363241430448,3.056007195996587,-0.29567629067700624
33.05097151,-4.927135791306023,2.958556825631272,-0.2419438794449997
33.0557262,-4.7522131364629905,2.835762077039776,-0.18770618919292334
33.06048094,-4.534360127373251,2.6877604694255117,-0.1336380542965925
33.06523563,-4.275871641445935,2.515054512265951,-0.08038058338377488
33.06999037,-3.9795521218037018,2.318539705614909,-0.02853742512406786
33.07474506,-3.6486860140861057,2.0995215965112615,0.021327694622512425
33.0794998,-3.2869988347568544,1.8597207536689184,0.06869238474865878
33.08425454,-2.898608811390435,1.6012649003114778,0.11307625473731234
33.08900922,-2.4879692935316786,1.3266678580994065,0.15404120507370805
33.09376396,-2.059802441877018,1.0387953927180111,0.19119174719499027
33.09851865,-1.6190250572200104,0.7408185015686912,0.22417574648868677
33.10327339,-1.170667794032028,0.4361551327151449,0.2526859136189328
33.10802808,-0.7197893929987661,0.12840175757125039,0.27646224350787896
33.11278282,-0.2713879320882262,-0.1787433765433804,0.29529543237419187
33.1175375,0.16968859424081073,-0.4815631274342657,0.3090311201482586
33.12229224,0.5988298290879014,-0.7764079813610014,0.31757464120806006
33.12704698,1.0117460719572604,-1.0597834907468247,0.320895845480365
33.13180167,1.404544075265759,-1.3284357436940772,0.31903348530540854
33.13655641,1.7737930330488882,-1.579431925334104,0.312098650487358
33.1413111,2.1165784060295127,-1.8102330855312956,0.3002767693633458
33.14606584,2.4305415886848887,-2.0187564044552575,0.2838277725960059
33.15082052,2.7139039129898115,-2.2034245501201184,0.26308413475837206
33.15557526,2.96547408471004,-2.3632001434381658,0.2384466597738818
33.16033,3.1846388355114494,-2.4976038705343475,0.21037804500193216
33.16508469,3.3713373127617143,-2.606715386192697,0.17939442137119316
33.16983943,3.526020473131118,-2.691156809231775,0.14605519716919
33.17459412,3.6495974368251693,-2.7520592896451688,0.11095161298326317
33.17934886,3.7433713287314845,-2.7910137944923665,0.074694443337909
33.18410354,3.8089675229758,-2.8100078793921517,0.03790127168875669
33.18885828,3.8482573926283674,-2.8113507523076726,0.0011837429894505506
33.19361297,3.8632806604703633,-2.7975893700212544,-0.03486481748824552
33.19836771,3.8561692890711092,-2.7714186175361353,-0.06968103065333227
33.2031224,3.8290755809644565,-2.735588796932,-0.10274193895244135
33.20787714,3.784106813309288,-2.692813692718413,-0.1335739363357368
33.21263188,3.723268325550778,-2.6456823902469595,-0.1617597916554437
33.21738657,3.6484165286052863,-2.596577812960231,-0.18694348080105436
33.2221413,3.561222827403512,-2.54760462783288,-0.20883266196827865
33.22689599,3.4631489659658996,-2.5005287628446857,-0.22719877723701723
33.23165073,3.355433837001527,-2.4567303032146697,-0.24187492219322726
33.23640542,3.2390913652008706,-2.4171710034131917,-0.25275177271232663
33.24116016,3.1149186891123155,-2.3823770911148907,-0.25977197695678766
33.24591485,2.9835135398678525,-2.3524374711173417,-0.26292350014668375
33.25066959,2.845299451421389,-2.327016886613452,-0.26223244539255236
33.25542433,2.700557239860115,-2.305383085688492,-0.2577558670564309
33.26017901,2.5494610609612502,-2.286446593054844,-0.24957504932696062
33.26493375,2.3921172951571856,-2.2688113167206367,-0.2377896511937848
33.26968844,2.2286045129455396,-2.2508339365813725,-0.22251303163087519
33.27444318,2.059012833355366,-2.2306898308857224,-0.20386897746226945
33.27919787,1.8834810943881704,-2.2064431961193427,-0.18198996907195336
33.28395261,1.702230400748415,-2.1761190011788933,-0.15701703665483363
33.2887073,1.5155927973941088,-2.1377744799247465,-0.12910117630628332
33.29346204,1.324034036324177,-2.0895679972208017,-0.0984062037813589
33.29821672,1.1281696573068893,-2.0298233108787525,-0.06511282273185016
33.30297146,0.9287738875484455,-1.9570874833976977,-0.029423581641798317
33.3077262,0.726781173639672,-1.8701809610095,0.00843169496290093
33.31248089,0.5232804799827985,-1.7682386221429935,0.04819047331925317
33.31723563,0.31950280466961956,-1.650740893637993,0.08955256294998049
33.32199032,0.1168026550979968,-1.5175343340595262,0.13217611289379774
33.32674506,-0.08336553223761618,-1.3688413848490582,0.17567494155300992
33.33149974,-0.27947487152683503,-1.2052592883659807,0.21961749759501958
33.33625448,-0.4699561621148731,-1.0277484628079792,0.26352764923862376
33.34100917,-0.6532294283124063,-0.8376109013337988,0.3068874053063089
33.34576391,-0.8277356844572642,-0.6364594190138553,0.34914158982037863
33.35051865,-0.9919678706798758,-0.4261787996608508,0.38970442064857713
33.35527334,-1.144500067686262,-0.20888009018606152,0.42796787517517526
33.36002808,-1.2840142824712915,0.01315055023550899,0.4633116561628499
33.36478276,-1.4093242881330206,0.23750691737604251,0.49511449730207446
33.3695375,-1.519396189962562,0.461720135274412,0.5227664748934999
33.37429219,-1.613365569394768,0.6833166861245714,0.5456819293117787
33.37904693,-1.6905512216273417,0.8998754521303017,0.5633125586996363
33.38380162,-1.7504656466791915,1.1090821752775275,0.5751602360950216
33.38855636,-1.7928225719484725,1.308779837284865,0.5807891222312078
33.39331105,-1.8175418712781855,1.4970136025969187,0.5798366962386495
33.39806578,-1.8247522958018476,1.672069149321848,0.5720233988121753
33.40282047,-1.8147924408046403,1.8325034326849141,0.5571606688511781
33.40757521,-1.7882103369082711,1.9771671784238154,0.5351572451104927
33.4123299,-1.7457619714661934,2.10521868436198,0.506023686809559
33.41708464,-1.688408919555577,2.2161288104889896,0.46987512893418504
33.42183938,-1.6173151019922456,2.30967735208869,0.4269323209917805
33.42659407,-1.5338425055469793,2.3859413044032203,0.37752100281755546
33.4313488,-1.4395455173471812,2.445275825623513,0.32206965686650907
33.43610349,-1.3361633608534444,2.4882889703082394,0.2611056559760486
33.44085823,-1.2256099910985236,2.5158114798697726,0.19524980878940723
33.44561292,-1.1099607238364884,2.5288630644216346,0.12520929613037696
33.45036766,-0.9914348453111693,2.528616679226225,0.05176899095246847
33.45512235,-0.8723734837932491,2.5163622837762847,-0.024218837414185276
33.45987709,-0.7552121281865254,2.4934714737314825,-0.10184641361394264
33.46463177,-0.6424473594891863,2.4613642032139476,-0.18016388137404682
33.46938651,-0.5365976207705994,2.421478580198457,-0.25819414121737183
33.47414125,-0.44015818573482773,2.3752444385986333,-0.3349488934782513
33.47889594,-0.35555087797614815,2.3240610894233185,-0.4094455820761432
33.48365068,-0.28506951246264184,2.269279355364094,-0.4807248450022258
33.48840537,-0.23082243816585815,2.21218772320796,-0.5478680171812513
33.49316011,-0.19467391625839162,2.154002226435828,-0.6100142131208302
33.4979148,-0.1781863401381744,2.0958595079932563,-0.6663765388971845
33.50266954,-0.18256547051405855,2.0388124138382686,-0.716257032119034
33.50742422,-0.2086109079550022,1.983827428548202,-0.7590599880027354
33.51217896,-0.2566739511443238,1.9317832779295443,-0.794303387726677
33.51693365,-0.32662479693718044,1.8834700801083823,-0.8216281970139611
33.52168839,-0.41783074673256654,1.8395885141895352,-0.8408053482189695
33.52644308,-0.5291467194138749,1.8007485832883594,-0.8517402590144255
33.53119782,-0.6589189594415599,1.7674676684273873,-0.8544747757989348
33.5359525,-0.8050023880280291,1.7401676956078924,-0.8491864613868594
33.54070724,-0.9647915905085029,1.719171364495549,-0.8361851769423634
33.54546198,-1.1352649807425912,1.7046975068922572,-0.815906940854979
33.55021667,-1.3130412523118211,1.6968557505524182,-0.7889050856844404
33.55497141,-1.4944468321790867,1.6956407555773845,-0.7558387818671883
33.5597261,-1.6755927047242918,1.7009263651226016,-0.7174590572947986
33.56448084,-1.8524586774322276,1.7124600675110664,-0.6745925173415447
33.56923552,-2.0209829187296253,1.7298581998282454,-0.628123057632357
33.57399026,-2.1771544207147118,1.75260233151561,-0.5789719526400284
33.57874495,-2.3171059325304246,1.7800372522752015,-0.5280767852928627
33.58349969,-2.4372048783521976,1.8113709576956327,-0.47636974826974154
33.58825438,-2.534139816668297,1.8456769849193326,-0.42475589574195777
33.59300912,-2.6050001104945477,1.8818994026651081,-0.3740919576467255
33.5977638,-2.6473466569667035,1.9188607041897945,-0.32516634656990445
33.60251854,-2.659271766736239,1.9552727856319967,-0.27868098371970773
33.60727329,-2.6394465868963826,1.9897511140266069,-0.2352355377608873
33.61202797,-2.5871548215088938,2.0208321001857166,-0.19531460559205896
33.61678271,-2.5023119111448597,2.046993595081911,-0.1592782704512434
33.6215374,-2.3854692698699886,2.066678328822152,-0.1273563554155245
33.62629214,-2.2378036215818997,2.078320012813884,-0.09964655445654996
33.63104683,-2.06109190269653,2.0803717312162027,-0.07611647435999665
33.63580151,-1.857672584184838,2.0713361592225428,-0.05660946799245407
33.64055625,-1.6303946012311632,2.0497970647192187,-0.04085399533176556
33.64531099,-1.3825553621102078,2.0144514778016682,-0.028476126220496566
33.65006568,-1.1178295449903946,1.964141850776397,-0.019014705993735306
33.65482042,-0.8401905881379171,1.8978874811082644,-0.011938643294430644
33.65957511,-0.5538269354389421,1.8149144333141787,-0.006665745425029059
33.66432985,-0.26305520779855196,1.7146831755226533,-0.002582516155013869
33.66908454,0.02776748014549595,1.596913144865658,0.0009356608327850235
33.67383927,0.31432986081521275,1.4616034754606562,0.004504508784607015
33.67859396,0.5924494149357199,1.3090491656953631,0.00871154383433731
33.6833487,0.8581499141854654,1.1398520297271812,0.014097959901087524
33.68810339,1.1077319346340035,0.9549258725831287,0.02114218232383329
33.69285813,1.3378349743748918,0.7554954482961712,0.030245527245942677
33.69761287,1.5454901481449057,0.5430889031061187,0.04172036488348862
33.70236756,1.7281627846163783,0.31952356575494073,0.05578113488171186
33.7071223,1.8837845991444322,0.08688511786510468,0.07253849484580216
33.71187698,2.0107754413358037,-0.15249964777722597,0.09199679441015192
33.71663172,2.10805491212853,-0.3960961016226457,0.1140549580820356
33.72138641,2.175044400742899,-0.6412005431161466,0.1385107381247336
33.72614115,2.211660301177602,-0.8849837694245142,0.1650681741920622
33.73089584,2.218299326000527,-1.124538630432918,0.1933479776562013
33.73565058,2.195816939000269,-1.3569306466929554,0.22290045036038778
33.74040526,2.145499976599154,-1.5792506843335417,0.25322045261532644
33.74516,2.0690345218560546,-1.7886686236701503,0.2837638568059442
33.74991469,1.9684700388391287,-1.9824869266963059,0.31396486560768083
33.75466943,1.8461806775628593,-2.1581930017924456,0.3432535428793968
33.75942412,1.7048245323667823,-2.313509279473156,0.37107290565933526
33.76417886,1.547301493028304,-2.4464399473857736,0.39689496052009804
33.76893354,1.3767101812756983,-2.555313342241377,0.4202351366807268
33.77368828,1.196304327234192,-2.638819057700179,0.4406646667434609
33.77844297,1.0094488197663307,-2.696038898936949,0.45782058429485156
33.78319771,0.8195755682183542,-2.726470897369771,0.47141313453384986
33.7879524,0.6301392452454402,-2.7300456953534553,0.48123051914108245
33.79270714,0.4445729441726636,-2.7071347238697516,0.4871410118353352
33.79746188,0.2662437819158148,-2.658549729590736,0.48909258124790167
33.80221657,0.09840851139132278,-2.5855333633594277,0.4871102401130403
33.80697131,-0.055830724174421545,-2.4897407207412896,0.4812914032897082
33.81172599,-0.19357026103651293,-2.373211925804858,0.4717995811707086
33.81648073,-0.31214804630360005,-2.238336069221717,0.45885675856300245
33.82123542,-0.4091855229003693,-2.0878070470258003,0.4427348116508442
33.82599016,-0.4826276108973493,-1.9245720905768873,0.4237462988555857
33.83074485,-0.5307799900643807,-1.7517740227227587,0.4022349291776557
33.83549959,-0.5523427767436437,-1.5726885091094573,0.3785659692279988
33.84025427,-0.5464396150894947,-1.3906577842438972,0.3531168047190672
33.84500901,-0.5126411776566367,-1.2090225045575975,0.32626783324338565
33.8497637,-0.4509820993209553,-1.0310535002626977,0.2983938425545767
33.85451844,-0.36197045497592006,-0.8598852513187715,0.26985602741795006
33.85927313,-0.24658903627249637,-0.6984528919537519,0.24099481461641012
33.86402787,-0.10628788388490011,-0.549434450598585,0.21212368666722836
33.86878256,0.05703221627572287,-0.41519986217047633,0.18352420119379623
33.8735373,0.2410452717020045,-0.29776805766823955,0.1554423762628269
33.87829198,0.44303433615864435,-0.1987731562219231,0.12808654214117343
33.88304672,0.6599338286180698,-0.11944047268701484,0.10162665161143983
33.88780146,0.8883789575446568,-0.06057272461642039,0.07619491631125241
33.89255615,1.1247610184799306,-0.02254648938314388,0.05188752943222723
33.89731089,1.3652871273576674,-0.005318637192123564,0.028767177946425894
33.90206558,1.606042828197897,-0.008442159634734504,0.006866056795032262
33.90682032,1.8430559751116062,-0.03109053679850374,-0.013810832899092672
33.911575,2.072360327590737,-0.07208954861928225,-0.03328221377371021
33.91632974,2.2900574019737787,-0.1299552466487099,-0.051586892402735146
33.92108443,2.4923752757429636,-0.20293666687633985,-0.06877986684336694
33.92583917,2.675723228895837,-0.28906178589384895,-0.08492806035148229
33.93059386,2.836741312070138,-0.3861852019612894,-0.1001055794000274
33.9353486,2.9723441408184224,-0.4920360581365122,-0.11438847102970844
33.94010328,3.0797584213181537,-0.6042648144114772,-0.12784907690274439
33.94485802,3.156553914155721,-0.7204876166877763,-0.14055022484798238
33.94961271,3.200667744803443,-0.8383271975677434,-0.15253962934253185
33.95436745,3.210422177335037,-0.9554494698848676,-0.16384495529716747
33.95912214,3.184536180437949,-1.0695952283451327,-0.17447001056582204
33.96387688,3.1221313208453463,-1.178606644912318,-0.18439246734958753
33.96863162,3.0227327009843235,-1.2804485157028205,-0.19356338636065243
33.97338631,2.8862657959404037,-1.3732244774463747,-0.20190865695470384
33.97814104,2.7130501247683805,-1.4551886475445537,-0.20933229887024749
33.98289573,2.5037907039639515,-1.5247533420917108,-0.21572141738859332
33.98765047,2.259568174061186,-1.5804936802602243,-0.22095247564222686
33.99240516,1.9818283670507397,-1.621149981684797,-0.22489845131698752
33.9971599,1.6723719011796252,-1.6456288991199477,-0.22743638361877144
34.00191459,1.333344164110967,-1.6530041993032805,-0.22845479341697827
34.00666933,0.9672257924298332,-1.6425180134902142,-0.22786047751440938
34.01142401,0.5768234938609869,-1.6135832333559073,-0.22558423641803532
34.01617875,0.16526080722349287,-1.5657875395246885,-0.22158518775699684
34.02093344,-0.2640318278210383,-1.4988993326559477,-0.21585343323958806
34.02568818,-0.7073284977543038,-1.4128756047984994,-0.20841097174693343
34.03044287,-1.1606216680323973,-1.3078715543303474,-0.19931087169736766
34.03519761,-1.619639452221187,-1.1842515220707446,-0.1886348224195814
34.0399523,-2.0798672889778302,-1.0426006186227321,-0.17648927146271498
34.04470704,-2.536574963961404,-0.8837362330161616,-0.16300042108773163
34.04946177,-2.9848498089074416,-0.7087184701887935,-0.14830840428094008
34.05421646,-3.4196367580198874,-0.5188584700993203,-0.1325609919794005
34.0589712,-3.835785743391247,-0.3157235239897246,-0.1159072023281504
34.06372589,-4.228106666611476,-0.1011379308476944,-0.09849119117717446
34.06848063,-4.5914318950334865,0.12282136749759842,-0.08044679856475499
34.07323532,-4.9206859039845945,0.35383517377291757,-0.0618931032881022
34.07799006,-5.210961331096083,0.5893590295243145,-0.04293129085073046
34.08274474,-5.457600341157466,0.8266471408932019,-0.023643066052414043
34.08749948,-5.656279837826358,1.062783273903982,-0.004090742859965791
34.09225417,-5.803098721358933,1.2947183606482773,0.015680970326739933
34.09700891,-5.89466509792844,1.5193142673473048,0.035641589847793906
34.1017636,-5.928181113178398,1.733392905157137,0.05577008943634182
34.10651834,-5.901522924646947,1.9337896260753842,0.07604904732285966
34.11127302,-5.813313254690366,2.117409647844591,0.09645807920568258
34.11602776,-5.66298398315209,2.2812860990125814,0.11696697598359318
34.12078245,-5.450826348903953,2.422638171629969,0.1375289889140937
34.12553719,-5.178026529674679,2.538927815951177,0.15807470402639415
34.13029188,-4.846684655249754,2.627913409160551,0.17850692175634886
34.13504662,-4.459815672279931,2.6876988777791992,0.19869690841255794
34.13980136,-4.021330909233961,2.716776849290832,0.2184823179295961
34.14455604,-3.5359996755412966,2.7140645498760696,0.23766700280601927
34.14931079,-3.0093907574951615,2.678931348061675,0.2560228496199257
34.15406547,-2.447794233557297,2.611217063580487,0.27329369125796527
34.15882021,-1.8581246122432948,2.511240410763095,0.2892012640386885
34.1635749,-1.2478068843743104,2.379797219307277,0.3034530880335454
34.16832964,-0.6246476622748321,2.2181483643140516,0.3157520472451442
34.17308433,0.0033058691925683214,2.027997633102464,0.3258073316324849
34.17783907,0.627915965531475,1.8114600487311083,0.33334628262716925
34.18259375,1.241109653848245,1.5710214494319839,0.3381265737191577
34.18734849,1.8350354151324308,1.3094903803673708,0.3399480778322092
34.19210318,2.4022170449810525,1.0299435818389258,0.3386637406479437
34.19685792,2.9357004429321285,0.7356665499311372,0.33418880266826106
34.20161261,3.4291891391136873,0.4300907956395184,0.3265077915524101
34.20636735,3.8771645659398986,0.11672953139538751,0.31567883075505887
34.21112204,4.274987424636292,-0.20088643509596218,0.30183496687691863
34.21587677,4.618976982279479,-0.5192708244533779,0.28518239230299725
34.22063151,4.90646576374005,-0.8350403147912446,0.26599561962688983
34.2253862,5.135827870122799,-1.1449676889507856,0.24460983926787547
34.23014094,5.3064800499770115,-1.4460282985803379,0.22141084960873222
34.23489563,5.4188556479693695,-1.7354386907816328,0.19682307653315206
34.23965037,5.474352614614313,-2.0106865455138223,0.1712962853174543
34.24440506,5.475257813546104,-2.269551419924562,0.14529162831147804
34.2491598,5.424650824678932,-2.5101161736814466,0.11926767098521225
34.25391448,5.3262912251475205,-2.7307693366753183,0.0936670064088562
34.25866922,5.1844938683338615,-2.9301990539744245,0.06890401457224936
34.26342391,5.003996944511255,-3.107379580271938,0.04535425585222404
34.26817865,4.789827601651717,-3.261551578578911,0.023345910507002358
34.27293334,4.547169663385778,-3.392197691482879,0.003153586807427876
34.27768808,4.281237545576257,-3.4990149881906145,-0.015005284769951522
34.28244282,3.9971598896015954,-3.5818859410353934,-0.030971378169607943
34.2871975,3.699875747232118,-3.640849549434926,-0.044641768664796196
34.29195224,3.3940454181169195,-3.676074110377086,-0.05596580393919676
34.29670693,3.083977303686532,-3.6878329405617722,-0.06493890788011296
34.30146167,2.773571440875436,-3.676484099519846,-0.07159481508832077
34.30621636,2.4662797435728474,-3.6424548623976745,-0.0759968413431521
34.3109711,2.165082423255652,-3.5862313650160087,-0.07822885450272693
34.31572579,1.8724795857868888,-3.5083535125890664,-0.07838661096826242
34.32048052,1.5904966071829507,-3.409414926840749,-0.07657006313659317
34.32523521,1.3207015774327966,-3.2900674215558388,-0.07287713198150267
34.32998995,1.0642328727528207,-3.151029257424628,-0.06739929355274628
34.33474464,0.8218347798974908,-2.993096242442752,-0.06021916986556029
34.33949938,0.5938990562796631,-2.8171546186097562,-0.05141016215573795
34.34425407,0.38051036557587686,-2.624194609661756,-0.041038030690689675
34.34900881,0.18149367084350393,-2.4153234955029705,-0.02916421679214927
34.35376354,-0.0035381209168082106,-2.191777122400588,-0.015850620751201003
34.35851823,-0.1751377088461015,-1.954928848206356,-0.0011654914515880374
34.36327297,-0.33397930402807535,-1.7062950523886509,0.014809954946035873
34.36802766,-0.4808177643051115,-1.4475365043536146,0.031974594433617456
34.3727824,-0.6164515606271541,-1.1804550722759213,0.050200554811816206
34.37753709,-0.7416899390905218,-0.9069854589700205,0.06932690388478085
34.38229183,-0.8573244469195369,-0.6291818606945718,0.08915428800776729
34.38704651,-0.9641048415596076,-0.3491996487441326,0.1094409166151956
34.39180125,-1.0627192986142442,-0.06927236321149585,0.12990023679213555
34.39655594,-1.1537787703921814,0.20831552315918533,0.15020056440981722
34.40131068,-1.2378053127077577,0.4812594691542517,0.16996683999459716
34.40606537,-1.3152241831674962,0.7472686366020714,0.1887845671866449
34.41082011,-1.3863595122114505,1.004101752591016,0.20620587937135781
34.4155748,-1.4514333558205668,1.249604168955108,0.22175757558737363
34.42032954,-1.5105679558382714,1.4817451646927091,0.2349508788986351
34.42508427,-1.5637910586996366,1.698654491851485,0.24529260569249356
34.42983896,-1.6110441699438425,1.8986571400262233,0.252297395647222
34.4345937,-1.6521936396108785,2.080305296160082,0.25550063712870125
34.43934839,-1.6870444703870762,2.2424065125854424,0.25447172420230607
34.44410313,-1.7153567068995927,2.384047172487335,0.24882728859433192
34.44885782,-1.7368641976125683,2.5046104592039797,0.2382440522072033
34.45361256,-1.7512954234500677,2.603788190864183,0.22247093743950724
34.45836724,-1.7583959672721954,2.6815860688125777,0.2013400565734285
34.46312198,-1.757952066142612,2.7383220990341006,0.17477618932838215
34.46787667,-1.7498145560329152,2.7746181705046244,0.142804363955989
34.47263141,-1.7339223986515238,2.791385002088392,0.1055551923286261
34.4773861,-1.7103248836123897,2.7898008892117137,0.06326767421830279
34.48214084,-1.6792015347981109,2.7712848823933456,0.01628927132600962
34.48689558,-1.6408787235613331,2.7374652013118754,-0.03492685650037225
34.49165026,-1.5958420078604438,2.6901438203156234,-0.08982747313990663
34.496405,-1.5447432800687901,2.6312582458668747,-0.14776768572355473
34.50115969,-1.4884019224605194,2.562841539253,-0.20802202080866639
34.50591443,-1.4277993435971819,2.486981620632088,-0.26979792841875616
34.51066912,-1.3640665033510575,2.40578083020418,-0.3322513896356031
34.51542386,-1.2984643253073689,2.321316629595276,-0.3945042087545621
34.52017854,-1.232357231513564,2.235604213209793,-0.45566249082246674
34.52493328,-1.1671803980030448,2.1505616768518925,-0.5148357517462704
34.52968797,-1.1044016969237083,2.0679782694663924,-0.5711560869643553
34.53444271,-1.0454796346422939,1.9894861406604196,-0.6237968346606627
34.5391974,-0.9918188834481431,1.916535894722581,-0.6719902039897665
34.54395214,-0.9447252054223343,1.8503761703594597,-0.7150433884059032
34.54870688,-0.9053616541190311,1.7920373825531764,-0.7523527405792085
34.55346157,-0.8747078993230956,1.7423196889728076,-0.7834156454142951
34.5582163,-0.8535243571904318,1.7017851806271607,-0.8078397954420061
34.56297099,-0.842322546761592,1.6707542470608177,-0.8253496558985078
34.56772573,-0.8413427727263842,1.6493060294614739,-0.8357900080841333
34.57248042,-0.8505398958465388,1.637282845913902,-0.8391265717768139
34.57723516,-0.8695776300726084,1.6342984452257077,-0.8354438154860341
34.58198985,-0.8978315146650593,1.639749914009341,-0.8249401528593785
34.58674459,-0.9344004481909506,1.6528330239689397,-0.8079207875058589
34.59149927,-0.9781264270499519,1.6725607634385633,-0.7847885071449763
34.59625401,-1.027621893739154,1.6977847511802495,-0.7560327460535983
34.60100875,-1.081303869365258,1.7272191832995558,-0.7222172397570784
34.60576344,-1.1374338332329519,1.7594669180895688,-0.6839665968402788
34.61051818,-1.1941621383271133,1.793047261827238,-0.641952117046144
34.61527287,-1.2495756306389656,1.82642498498481,-0.596877194181408
34.62002761,-1.3017470782073561,1.8580400764775824,-0.5494626513332691
34.6247823,-1.348785007799206,1.886337734980736,-0.5004323548996492
34.62953704,-1.388882582639473,1.9097980999314899,-0.45049943474118376
34.63429172,-1.4203642222364563,1.9269652374416133,-0.40035339841120465
34.63904646,-1.4417287567073043,1.936474914222592,-0.3506483734294609
34.64380115,-1.451688017577607,1.9370807129768277,-0.3019926530386058
34.64855589,-1.4491998905863477,1.9276780644917881,-0.25493966739542145
34.65331058,-1.4334949905048482,1.907325795325766,-0.20998045850203287
34.65806532,-1.4040962633703653,1.8752648166460724,-0.16753770255523096
34.66282006,-1.3608309821049938,1.8309336107500862,-0.12796129432116563
34.66757474,-1.3038347838989957,1.7739802081102183,-0.09152548258287606
34.67232948,-1.2335476067851723,1.7042703900617768,-0.058427524316929616
34.67708417,-1.150701617361675,1.6218919008858255,-0.028787809344226093
34.68183891,-1.0563014727334765,1.5271545086189093,-0.0026513964683766737
34.6865936,-0.9515975120403628,1.4205858173412134,0.02000910566480349
34.69134834,-0.8380527080327705,1.302922805541451,0.03928938798215313
34.69610302,-0.7173044099929613,1.1750991448635533,0.05534810817741816
34.70085776,-0.5911220642031563,1.0382284390834413,0.06840048305897921
34.70561245,-0.4613622032545627,0.8935836115558621,0.0787109412883147
34.71036719,-0.32992205360954985,0.742572757612814,0.08658500507104311
34.71512188,-0.19869312682606632,0.5867118644545221,0.09236060355137361
34.71987662,-0.06951613562818568,0.4275948843891667,0.09639905066130078
34.72463136,0.05586149071335023,0.2668617282515863,0.0990759413597085
34.72938605,0.17582433003967496,0.10616482439569806,0.10077222916809365
34.73414078,0.28892292827044014,-0.052865037107462265,0.10186574356113354
34.73889547,0.39390219885273947,-0.2086527896056705,0.10272338916055551
34.74365021,0.4897236977210854,-0.3597122669095605,0.1036942411627355
34.7484049,0.5755814645411683,-0.504677602440611,0.10510371291779408
34.75315964,0.650911375008722,-0.6423319731668063,0.1072489209236159
34.75791433,0.7153941861232261,-0.7716328328718004,0.11039530975037147
34.76266907,0.7689526625203302,-0.8917328339517526,0.1147745281306972
34.76742375,0.8117433373216502,-1.001995726256906,0.12058347517755724
34.77217849,0.8441435806950265,-1.102006645516986,0.12798437166685483
34.77693318,0.8667347234226733,-1.19157636057478,0.13710566266326193
34.78168792,0.880282015145201,-1.2707392337343224,0.14804352691685138
34.78644266,0.885712193812773,-1.3397448553829305,0.16086375383869783
34.79119735,0.884089411050205,-1.3990435337997047,0.17560374796620454
34.79595209,0.876590203332038,-1.4492660431155433,0.1922744329118428
34.80070677,0.8644781243667925,-1.4911982453064137,0.21086185288773185
34.80546151,0.8490785606750244,-1.5257513947181947,0.23132831038368987
34.8102162,0.8317541399269776,-1.5539290959189018,0.25361293067002816
34.81497094,0.8138810124890261,-1.576792009086358,0.2776316012695168
34.81972563,0.7968261485417791,-1.5954214747568456,0.3032762897867252
34.82448037,0.7819256597816524,-1.6108832571025546,0.3304137905671851
34.82923506,0.7704640432800579,-1.6241925807622348,0.35888398803792587
34.8339898,0.7636541719249321,-1.636281562622827,0.38849775629737776
34.83874454,0.7626178321969495,-1.6479700214375912,0.4190346484160074
34.84349922,0.7683666387521426,-1.6599404917979852,0.45024057161279546
34.84825396,0.7817832303707359,-1.672718084460444,0.4818256959936089
34.85300865,0.8036027605006861,-1.6866556345176247,0.5134628961929301
34.85776339,0.8343948224413001,-1.7019243758120048,0.5447870620225402
34.86251808,0.874546080008656,-1.71851018712509,0.5753956194833804
34.86727282,0.9242439981676308,-1.7362152833040458,0.6048505642822708
34.8720275,0.9834621762426197,-1.7546650790376759,0.632682222497567
34.87678224,1.0519478726019404,-1.773319836765014,0.6583948273301835
34.88153693,1.1292123695042249,-1.7914906218668478,0.6814738611422133
34.88629167,1.2145248565707312,-1.8083590237830376,0.701394988653158
34.89104641,1.306910507364471,-1.8230000554412609,0.7176343232516973
34.8958011,1.4051533807303258,-1.834407610098451,0.7296797285790516
34.90055578,1.5078046911129057,-1.8415218313060853,0.73704284773651
34.90531052,1.613196856274025,-1.8432577381601805,0.7392715498964947
34.91006526,1.719463548254278,-1.838534446335501,0.7359624712682039
34.91481995,1.8245657529694517,-1.8263043377543735,0.7267733013354744
34.91957469,1.9263236011804117,-1.805581558625357,0.7114344372170176
34.92432938,2.0224534878346003,-1.775469265657902,0.6897596155261498
34.92908412,2.110609765690327,-1.7351850910784095,0.661655144039727
34.9338388,2.188430095567497,-1.6840843556950074,0.6271273964608697
34.93859354,2.253583367406621,-1.6216806221415687,0.5862882953169642
34.94334823,2.303818978884879,-1.5476632434033155,0.5393585794210354
34.94810297,2.3370161764281083,-1.4619116206778047,0.4866687230899041
34.95285766,2.351232131386511,-1.3645059367229335,0.42865743771346515
34.9576124,2.344747444673069,-1.2557341755118059,0.3658677398728669
34.96236714,2.3161078467018936,-1.1360952781105267,0.298940615880879
34.96712183,2.2641609836246537,-1.0062983218747843,0.22860635565677256
34.97187657,2.1880873498604845,-0.8672576497596204,0.15567367559172063
34.97663125,2.087424631010974,-0.7200839229461072,0.08101680460271574
34.98138599,1.9620849471926334,-0.566071126173056,0.005560769394102873
34.98614068,1.8123647196706745,-0.40667962250622897,-0.06973482114875901
34.99089542,1.638947109457655,-0.2435154325492766,-0.14389313447434532
34.99565011,1.4428971842749538,-0.07830600104100567,-0.21593821384528622
35.00040485,1.2256501524197176,0.08712719039093905,-0.28491339294622225
35.00515954,0.9889931537376265,0.25089870429128885,-0.34989959758051625
35.00991427,0.7350412162414058,0.41109135927428353,-0.41003312161364147
35.01466896,0.46620807131012665,0.5657899105998,-0.4645224880366728
35.0194237,0.18517257248428023,0.7131154488405512,-0.5126640293632321
35.02417844,-0.10515851416326008,0.8512596960075591,-0.5538558405394699
35.02893313,-0.4016905823919496,0.9785183340394471,-0.5876097746571156
35.03368787,-0.7011833785914475,1.0933224875268175,-0.6135611736743101
35.03844256,-1.000294612694894,1.1942675048672784,-0.631476059729254
35.0431973,-1.2956243370324492,1.280138241462935,-0.6412555607608902
35.04795198,-1.583759503618613,1.3499301445820928,-0.6429374057432881
35.05270672,-1.8613181768747062,1.4028655694523604,-0.6366943954101442
35.05746141,-2.124992948652132,1.438404915143151,-0.622829829324838
35.06221615,-2.37159317271865,1.45625234963867,-0.6017699477385837
35.06697084,-2.5980857032656,1.4563560870283916,-0.5740535283032363
35.07172558,-2.8016338827589555,1.4389033754805582,-0.5403188656666511
35.07648032,-2.9796345738080445,1.4043105415494996,-0.5012884560549389
35.081235,-3.1297530613544478,1.353208603575464,-0.4577518044093416
35.08598974,-3.2499556588008742,1.2864251050683781,-0.4105468597907081
35.09074443,-3.338539830652409,1.2049629211795314,-0.36054065534206076
35.09549917,-3.3941615955895004,1.1099768537638668,-0.30860977330231654
35.10025386,-3.4158599033747095,1.0027488518557797,-0.25562126821071907
35.1050086,-3.403077595893168,0.8846626755831806,-0.2024146613779008
35.10976328,-3.355678478069955,0.757178765670526,-0.14978556842693852
35.11451802,-3.273959950214164,0.6218099927978141,-0.09847144148368622
35.11927271,-3.1586606012702125,0.4800988481653479,-0.049139800642063254
35.12402745,-3.010962143355411,0.333596507318714,-0.002379198821984657
35.12878214,-2.8324850905321273,0.183844063352403,0.04130698381402089
35.13353688,-2.6252776543446865,0.03235609276468614,0.08150397449719639
35.13829162,-2.391797446544392,-0.11939340408300983,0.11788647640569305
35.14304631,-2.134885742888583,-0.2699827496607377,0.15021729512765802
35.14780104,-1.8577342643574397,-0.4180521678509686,0.17834412071812578
35.15255573,-1.563844662993664,-0.5623114012866783,0.20219487886505128
35.15731047,-1.2569811440294665,-0.7015456180380849,0.221772022512415
35.16206516,-0.9411168961141221,-0.834619887154335,0.23714605092277485
35.1668199,-0.6203752190677702,-0.960482519673039,0.2484484451858382
35.17157459,-0.29896641818952585,-1.078167578323066,0.2558641286635082
35.17632933,0.018878335007288978,-1.1867968554252668,0.2596235195335888
35.18108401,0.32897489888888165,-1.2855816047436632,0.25999424669251003
35.18583875,0.6272545146697266,-1.3738242902759565,0.2572726422751121
35.19059344,0.9098313416081261,-1.4509205844530684,0.251775188624877
35.19534818,1.1730679646200939,-1.516361810631023,0.24383016707206498
35.20010292,1.4136377566050047,-1.5697379798310158,0.23376981329423022
35.20485761,1.628583081477771,-1.6107415184206533,0.22192331360092946
35.20961235,1.8153684207066536,-1.6391717207663004,0.20861096424955414
35.21436704,1.9719275781430299,-1.6549398884116668,0.1941397520973016
35.21912177,2.0967041541914995,-1.6580750358711493,0.1788004988031354
35.22387646,2.188684482863385,-1.6487299549362555,0.1628665553517649
35.2286312,2.2474222095948457,-1.6271873380315607,0.14659386533531912
35.23338589,2.2730536780590924,-1.593865571321774,0.13022206700415476
35.23814063,2.2663033158323405,-1.549323726016197,0.11397620350123608
35.24289537,2.228478282615349,-1.4942652092716462,0.09806857202593469
35.24765006,2.161451785429446,-1.4295394929792704,0.0827002642168807
35.2524048,2.0676346809372,-1.3561413277849108,0.06806201878357272
35.25715948,1.949935276188334,-1.2752068767418592,0.05433410639929861
35.26191422,1.8117075958908817,-1.1880062701609009,0.04168508171099812
35.26666891,1.6566887856897858,-1.0959321889131624,0.030269359291511214
35.27142365,1.4889267370334662,-1.000484223059602,0.02022369485733096
35.27617834,1.3126994165157395,-0.9032489196854105,0.01166277495436255
35.28093308,1.1324277290219251,-0.8058756207464266,0.004674228014365408
35.28568776,0.9525840129625267,-0.7100483907301267,-0.0006865463521350605
35.2904425,0.7775984397228174,-0.6174545366250359,-0.00440128786253288
35.29519719,0.6117656619801902,-0.5297504197232965,-0.006493085343119925
35.29995193,0.4591540317090183,-0.44852543936989275,-0.007029492715807591
35.30470667,0.32351960184066847,-0.37526522086195857,-0.006124242768533497
35.30946136,0.20822695331436192,-0.3113151513062427,-0.003937356675123025
35.31421604,0.11617866913863406,-0.2578454687039306,-0.0006735566008072651
35.31897079,0.04975502250241558,-0.2158191153143845,0.00342101625972226
35.32372552,0.010765164659394122,-0.18596351535465427,0.008063706392472066
35.32848021,0.00041079406885959394,-0.16874733194642097,0.012941757891910282
35.33323495,0.019262964428267672,-0.16436310463008597,0.017720103635541273
35.33798964,0.06725235076268148,-0.17271647523179598,0.022050384232700553
35.34274438,0.14367294651712326,-0.19342248725191297,0.02558103467645527
35.34749907,0.24719881932144863,-0.2258092044450098,0.02796824342563295
35.35225381,0.3759132198282743,-0.2689286500839816,0.02888753367343794
35.35700849,0.5273490304014845,-0.32157483046826185,0.028045643661956547
35.36176323,0.6985392736168201,-0.38230838316483684,0.02519230485603103
35.36651792,0.8860761894715831,-0.4494871879916101,0.020131451426508257
35.37127266,1.0861772479601002,-0.5213021000561675,0.012731358221422542
35.3760274,1.2947563995335454,-0.5958168113612713,0.0029332063229458496
35.38078209,1.507498882914345,-0.6710107233624489,-0.009242384987396329
35.38553683,1.7199380025224391,-0.7448236216198328,-0.023691250738765383
35.39029151,1.9275324426594078,-0.8152008904310782,-0.0402242958689438
35.39504625,2.1257428812494563,-0.8801379949678226,-0.05856902376751935
35.39980094,2.3101068745738664,-0.9377229945088131,-0.07837404431184834
35.40455568,2.4763111747554047,-0.9861759339821758,-0.09921649179090956
35.40931037,2.620260785851533,-1.0238840902207627,-0.12061213988266865
35.41406511,2.7381441473836476,-1.0494322188147567,-0.1420278623309457
35.4188198,2.8264938604001744,-1.0616271483326727,-0.16289597012692575
35.42357454,2.882242362349872,-1.0595162884046572,-0.18262987422485474
35.42832922,2.902771941929396,-1.0423998419083396,-0.2006404868280162
35.43308396,2.885958488113007,-1.0098367253551108,-0.21635278519199752
35.4378387,2.830208401849241,-0.961644395361565,-0.22922201214228177
35.44259339,2.7344881656363613,-0.897892946931712,-0.23874906289144918
35.44734813,2.5983461585837646,-0.8188939881760128,-0.24449469118970665
35.45210282,2.421926412302708,-0.7251849044385003,-0.24609224444171077
35.45685756,2.2059741150094885,-0.6175092022054779,-0.2432586988353646
35.46161224,1.9518327774647324,-0.49679367119228207,-0.23580381108990164
35.46636698,1.661433067539696,-0.364123125326357,-0.2236372374793844
35.47112167,1.337273398170433,-0.2207134847724184,-0.20677349869281805
35.47587641,0.9823924203483838,-0.06788394610361947,-0.18533469498549807
35.48063115,0.6003336371465783,0.09297104081640871,-0.1595509033198992
35.48538584,0.1951024253310905,0.26040931124243966,-0.12975822083453856
35.49014058,-0.22888416739159462,0.4329674130769805,-0.09639446126498816
35.49489526,-0.6668543898815853,0.6091853595147336,-0.05999256412767557
35.49965,-1.1137449635693701,0.7876292139706657,-0.021171835627933785
35.50440469,-1.5642698144147935,0.9669110932559907,0.019372805285049602
35.50915943,-2.0129936149777765,1.1457062603792638,0.060883363665835445
35.51391412,-2.4544092992941016,1.322767069858639,0.10255285780631379
35.51866886,-2.883018620306106,1.4969336257093362,0.14354072673940252
35.52342354,-3.293414721806595,1.6671411146682993,0.18298931821539272
35.52817828,-3.6803655920200122,1.832423883071383,0.2200412012997441
35.53293297,-4.038897153958494,1.991916431544022,0.2538570072992466
35.53768771,-4.36437463190055,2.1448516011907484,0.2836334431642243
35.5424424,-4.652580721664516,2.2905563101666986,0.3086210570233461
35.54719714,-4.899788997080767,2.428445262616382,0.3281412862601916
35.55195188,-5.102830921452572,2.558013088577001,0.34160230244874057
35.55670657,-5.259154816799669,2.678825384145556,0.348513192502397
35.56146125,-5.366875188779176,2.790509110673813,0.348496077167174
35.56621599,-5.424810918690346,2.8927427863623163,0.3412958536110769
35.57097073,-5.432511015056481,2.9852468691246674,0.32678734337180243
35.57572542,-5.3902668583886655,3.0677746896580063,0.3049797179959867
35.58048016,-5.299110163388384,3.1401042495252165,0.276018154563738
35.58523485,-5.160796213158065,3.2020311501912047,0.24018273909284985
35.58998959,-4.977772282420924,3.2533628644031505,0.19788468886806462
35.59474427,-4.753131555712197,3.2939145012647773,0.14966000822983638
35.59949901,-4.4905532564152875,3.323506153118152,0.09616072834180896
35.6042537,-4.194230125909306,3.3419618498108186,0.038143909537699916
35.60900844,-3.868784818537256,3.3491100882371656,-0.02354139575730342
35.61376313,-3.5191771928581477,3.344785855715252,-0.08796900814784006
35.61851787,-3.150604861208603,3.3288340275065718,-0.15415208787248363
35.62327261,-2.7683996779105073,3.30111399326998,-0.22106094933277393
35.6280273,-2.377923064964996,3.2615053545978396,-0.28764192500137503
35.63278204,-1.984463156993177,3.209914534385295,-0.35283692029071173
35.63753672,-1.5931366698269653,3.146282145437929,-0.4156032391465684
35.64229146,-1.208798154874699,3.0705909762084027,-0.4749332137379186
35.64704615,-0.8359589138033533,2.982874461394493,-0.5298731546958496
35.65180089,-0.4787173574501146,2.88322551039036,-0.5795411568256253
35.65655558,-0.1407020561969463,2.771805564369407,-0.6231433466451098
35.66131032,0.174971796175876,2.6488537412587867,-0.6599882334849048
35.666065,0.4657322549112879,2.514695905872897,-0.6894989111671975
35.67081974,0.7295669830737357,2.3697534693001203,-0.7112229359893742
35.67557443,0.9650265776310749,2.214551677679799,-0.724839765568161
35.68032917,1.1712156156169125,2.049727098480228,-0.7301656784328965
35.68508391,1.347772397075762,1.8760339579656409,-0.7271561144357398
35.6898386,1.4948385462724387,1.6943489346235376,-0.7159053960887234
35.69459334,1.613019785370601,1.5056739783636421,-0.6966438225779044
35.69934802,1.7033393198366367,1.3111367116567199,-0.6697321728980555
35.70410276,1.7671853720342223,1.1119879817313103,-0.6356537048139353
35.70885745,1.806254464294282,0.9095961752716654,-0.595003783503021
35.71361219,1.822492079694058,0.7054379790086995,-0.5484773151172341
35.71836688,1.8180323155513933,0.5010853691228668,-0.4968542008593552
35.72312162,1.7951380933300938,0.29818873543261093,-0.44098307410671456
35.7278763,1.7561434035088292,0.09845618693056224,-0.38176364080633013
35.73263105,1.7033989482017216,-0.09637076441854557,-0.3201280090934014
35.73738573,1.6392223985786554,-0.28454479319987064,-0.2570214591416161
35.74214047,1.565854307351986,-0.46434313014964856,-0.1933831572290309
35.74689516,1.4854205085781254,-0.6341000862601971,-0.13012734815524804
35.7516499,1.3999016013274637,-0.7922409897000672,-0.06812556040664372
35.75640464,1.3111098589781622,-0.9373166965694785,-0.0081903272861373
35.76115933,1.2206736441921229,-1.0680377605240345,0.04893913246467439
35.76591407,1.1300291539858056,-1.1833072943266931,0.10260891470714825
35.77066875,1.040419081028063,-1.2822515309394567,0.15225985359088665
35.77542349,0.9528975649463477,-1.3642470945326666,0.1974342273871403
35.78017818,0.8683406265751326,-1.428944023523348,0.2377797242911982
35.78493292,0.787461131604652,-1.476283648634095,0.27305075909360116
35.78968761,0.7108272189848158,-1.5065105189231363,0.30310732970742826
35.79444235,0.6388830542116296,-1.5201776875391806,0.32791167965152923
35.79919704,0.5719707300071218,-1.5181448160415132,0.347523085541764
35.80395177,0.510352141384277,-1.5015687301220275,0.36209111622857554
35.80870646,0.45422971586958777,-1.47188625766698,0.3718477124609044
35.8134612,0.40376498992370263,-1.4307893978091633,0.377098414265165
35.81821594,0.3590941919332915,-1.3801931009067638,0.37821302172446286
35.82297063,0.32034021480249897,-1.3221961768738857,0.375615921448542
35.82772537,0.2876206225328789,-1.2590360844989679,0.3697762559879308
35.83248006,0.26105161443298597,-1.1930385782247748,0.3611980649465012
35.8372348,0.24074814489886326,-1.1265633925955347,0.3504104867329498
35.84198948,0.2268206448581446,-1.0619473208793155,0.33795807566612573
35.84674422,0.2193689956655742,-1.0014461874743412,0.3243912577485516
35.85149891,0.21847455495114387,-0.9471773184570867,0.31025692238945163
35.85625365,0.2241911189159926,-0.9010641757070235,0.2960891337144309
35.86100834,0.23653572349052263,-0.86478483222976,0.28239994964840537
35.86576308,0.25548013824871457,-0.8397259252108458,0.26967035942496315
35.87051776,0.280943796540001,-0.8269436256560583,0.25834138426334513
35.8752725,0.3127887416734564,-0.8271330069182331,0.24880542339790612
35.88002724,0.35081696544948243,-0.8406069781640393,0.24139796236174188
35.88478193,0.39477028939564673,-0.8672856747435472,0.23638978986903772
35.88953667,0.4443327109479626,-0.9066968712701593,0.23397989350381673
35.89429136,0.49913492709388524,-0.9579876153916824,0.23428922296128304
35.8990461,0.5587605750377099,-1.0199468855572411,0.2373555231913459
35.90380078,0.6227536070490826,-1.0910386728548567,0.24312944930209743
35.90855552,0.6906261520166528,-1.1694444955194168,0.25147218130836896
35.91331021,0.7618662092564153,-1.2531139955833228,0.26215475897268753
35.91806495,0.835944564763895,-1.3398219595533603,0.27485935156022945
35.92281964,0.9123204073033453,-1.4272298655439541,0.2891826588431843
35.92757438,0.9904452422608606,-1.5129499013327892,0.30464160316371397
35.93232907,1.0697648465164036,-1.5946093308448552,0.32068141578953346
35.9370838,1.1497191687796202,-1.6699131154731162,0.33668614602491886
35.94183849,1.2297402461979143,-1.7367028207307094,0.3519915331025842
35.94659323,1.3092483671894555,-1.7930100510198215,0.3659000839800423
35.95134797,1.3876468497960286,-1.8371029421249079,0.3776980997326546
35.95610266,1.4643159135031383,-1.8675245825197644,0.3866742943555251
35.9608574,1.538606192682205,-1.8831226062024415,0.3921395579384051
35.96561209,1.6098324678261358,-1.8830695747521822,0.3934473363756894
35.97036683,1.6772681772224831,-1.8668741186259479,0.39001403548604296
35.97512151,1.7401412216468244,-1.8343831158685704,0.3813388105808343
35.97987625,1.7976314969843852,-1.7857754370994312,0.3670220745971185
35.98463094,1.8488704959504243,-1.7215479757215801,0.3467820509375337
35.98938568,1.8929432220699052,-1.6424948175965344,0.3204687143278229
35.99414037,1.9288925662260998,-1.5496804958371655,0.2880745089033208
35.99889511,1.9557262141046903,-1.444408335344435,0.24974131268970762
36.0036498,1.9724260838779928,-1.3281849270288302,0.2057632350796874
36.00840454,1.9779602367404467,-1.2026817882335863,0.15658498661713394
36.01315922,1.9712971554882373,-1.0696952652288718,0.10279573862177638
36.01791396,1.951422244254242,-0.931105715120675,0.04511857835227872
36.02266865,1.9173563623405072,-0.7888369668220919,-0.015604153913581697
36.02742339,1.868176165198098,-0.6448170035640617,-0.0784292019804774
36.03217813,1.803035986058959,-0.5009407345058603,-0.14233383791991833
36.03693282,1.721190952695607,-0.3590356335996779,-0.206239761324513
36.04168756,1.6220209938428443,-0.22083092288275036,-0.26903874995467725
36.04644224,1.5050553461877876,-0.08793086568959897,-0.3296193274875179
36.05119698,1.3699971232094543,0.038207388500676655,-0.3868936915846953
36.05595167,1.2167474506708917,0.15629110417446404,-0.4398241251645929
36.06070641,1.045428610468731,0.26520425573843004,-0.4874481004300658
36.0654611,0.8564055660878476,0.36401483883982316,-0.5289012922595157
36.07021584,0.6503051725465409,0.4519773933239452,-0.5634377607357282
36.07497052,0.42803230858275104,0.5285311082563707,-0.5904466530795086
36.07972526,0.19078212011576362,0.5932940375553618,-0.6094649146898614
36.08447995,-0.05995245443955719,0.646054083325072,-0.6201856775719116
36.08923469,-0.3223786810445683,0.6867574918827392,-0.6224621933797969
36.09398943,-0.5944082739543783,0.7154956479174674,-0.6163073756519651
36.09874412,-0.8736684747921311,0.732490943294704,-0.6018891927089484
36.10349886,-1.1575203638610618,0.7380824413747586,-0.5795222972597525
36.10825355,-1.4430845651051298,0.7327119617377524,-0.5496563865447432
36.11300828,-1.7272742401951289,0.7169110831647804,-0.5128618584605243
36.11776297,-2.0068349883870127,0.6912894158195876,-0.4698133675198846
36.12251771,-2.278390995931634,0.6565243389269092,-0.42127189341109683
36.1272724,-2.538496530775827,0.6133522497871587,-0.36806591852084114
36.13202714,-2.783691672121182,0.5625612342295904,-0.3110722738431627
36.13678183,-3.010561013272509,0.5049849556034818,-0.25119716066568787
36.14153657,-3.2157939877254154,0.44149747414510637,-0.18935779452562015
36.14629125,-3.3962454436423295,0.3730086531836976,-0.1264650549174168
36.15104599,-3.548995124890987,0.3004597828841569,-0.06340746540572371
36.15580068,-3.6714047953681765,0.2248190539391695,-0.001036778270123495
36.16055542,-3.7611718502237763,0.14707653954574887,0.05984460419865317
36.16531011,-3.816378374150157,0.06823839035164196,0.11849417741386258
36.17006485,-3.835534717922757,-0.010679990153533372,0.17423769803820602
36.17481959,-3.8176167623572446,-0.08866194740385513,0.22647526299797197
36.17957427,-3.7620961242148065,-0.16469883001582683,0.2746850741645087
36.18432901,-3.6689626361399643,-0.23780048733500647,0.31842494873548544
36.1890837,-3.5387385077876674,-0.3070069190476674,0.3573317402907048
36.19383844,-3.372483652555833,-0.3714009103294409,0.39111894625866206
36.19859313,-3.171791748901121,-0.4301214209089441,0.419572881730996
36.20334787,-2.93877670406604,-0.48237744413839423,0.4425478838760042
36.20810256,-2.6760493102104923,-0.5274620140266734,0.4599610626709923
36.2128573,-2.3866840377736707,-0.5647660142732336,0.47178712086931573
36.21761198,-2.0741761050167113,-0.5937914328305038,0.47805372136939656
36.22236672,-1.742389197108699,-0.6141637070711974,0.4788377828002586
36.22712141,-1.3954944766645785,-0.6256428163907193,0.47426294321856993
36.23187615,-1.0379018173572565,-0.6281327984630851,0.46449826585029874
36.23663084,-0.6741844858257076,-0.6216893890186757,0.44975809323107285
36.24138558,-0.3089987768616754,-0.6065255093151342,0.4303028077211344
36.24614026,0.052999642769774584,-0.5830143479179685,0.40644013964772246
36.250895,0.40724071929991984,-0.5516898038500787,0.37852658338603357
36.25564969,0.7493242127185865,-0.5132440789943046,0.34696843718417114
36.26040443,1.07510092039486,-0.4685222327595296,0.31222197626964676
36.26515912,1.380748733184176,-0.41851354554080233,0.27479230417300515
36.26991386,1.662841426982,-0.36433958262799987,0.2352305061109928
36.2746686,1.918408280010846,-0.30723890876058807,0.1941288471848442
36.27942328,2.1449828850249815,-0.24854847593162807,0.15211390651968132
36.28417802,2.340639887406815,-0.18968179274667565,0.10983769995900361
36.28893271,2.5040188088526443,-0.13210408135219845,0.06796700005270853
36.29368745,2.6343345876535906,-0.07730473557724307,0.027171196486754427
36.29844214,2.7313749474946674,-0.026767508287861088,-0.011890858552883275
36.30319688,2.79548515837123,0.018061027531440146,-0.04858451308557784
36.30795157,2.8275411386812586,0.05580408672292337,-0.0823129568031322
36.3127063,2.8289121424234325,0.08518758973348407,-0.1125303281619164
36.31746099,2.8014144751725283,0.10507254747318788,-0.13875382396899047
36.32221573,2.7472578009396047,0.1144860129777059,-0.16057442349894305
36.32697042,2.6689856621711523,0.11264967487058813,-0.17766592641398887
36.33172516,2.5694118580447474,0.09900518037980413,-0.18979208792529823
36.33647985,2.4515543238078714,0.07323532759953975,-0.19681170351978988
36.34123459,2.318568128448337,0.035280356317483996,-0.19868154455833284
36.34598927,2.1736791561185203,-0.014651310074332602,-0.19545707926508538
36.35074401,2.0201199538321903,-0.07607836822183835,-0.1872909411325489
36.35549875,1.8610691102423937,-0.148248309188705,-0.1744291397375813
36.36025344,1.6995953754985573,-0.23014560442692683,-0.1572050554037218
36.36500818,1.5386075405886797,-0.32050635500700364,-0.13603132162757142
36.36976287,1.3808108710578497,-0.41783916961595907,-0.11138977496949169
36.37451761,1.2286706447250926,-0.5204518609172775,-0.08381973481964021
36.3792723,1.0843830896864746,-0.6264833901955692,-0.05390495682501399
36.38402704,0.9498537715707471,-0.7339403510923149,-0.022259674533125186
36.38878172,0.8266832498183062,-0.8407371671910241,0.010485805593654928
36.39353646,0.7161596209617122,-0.9447390862041073,0.04369946826327835
36.39829115,0.619257398965646,-1.0438069854538226,0.07676143450051302
36.40304589,0.5366420527259297,-1.1358429585256054,0.10907684826721553
36.40780058,0.46867943109069443,-1.2188356304633463,0.14008742361903911
36.41255532,0.4154492568478872,-1.2909041478230918,0.16928133983203691
36.41731,0.3767618615676543,-1.3503398098353354,0.1962012435203585
36.42206474,0.3521773592156292,-1.3956443478715583,0.22045019254391468
36.42681943,0.34102651234230746,-1.4255639227544143,0.24169546311253018
36.43157417,0.34243262355458826,-1.4391179936180611,0.25967024459392907
36.43632886,0.35533387979752334,-1.4356223181050074,0.27417336366238604
36.4410836,0.37850568120246403,-1.4147054710680298,0.2850672972708656
36.44583828,0.41058259450987666,-1.3763184158041728,0.29227483191346454
36.45059302,0.45007967931578974,-1.3207368244517452,0.2957747847051319
36.45534771,0.4954130408889748,-1.2485560166179386,0.29559720810542156
36.46010245,0.5449195641881462,-1.1606785603787968,0.2918184548268761
36.46485714,0.5968758779127675,-1.0582947510186294,0.2845563934661861
36.46961188,0.6495166815757955,-0.9428563463755752,0.27396595591937584
36.47436657,0.7010526377309753,-0.8160440926331641,0.260235084023269
36.4791213,0.7496880797019396,-0.6797297218354323,0.24358104320707868
36.48387599,0.793638806359479,-0.5359332430312023,0.2242469989917823
36.48863073,0.8311502240857246,-0.386776481661641,0.20249871484895748
36.49338547,0.8605160481862594,-0.23443394294115888,0.17862122690426233
36.49814016,0.8800976920080328,-0.08108217834225528,0.1529153763375745
36.5028949,0.8883443591646522,0.07115108796233552,0.1256941247909676
36.50764959,0.8838137271014932,0.2202367712889879,0.0972786309132956
36.51240433,0.865192987040993,0.3642918697599234,0.06799411687288764
36.51715901,0.8313199024347795,0.5016232657993546,0.038165593433805774
36.52191375,0.7812034750578252,0.6307666878563821,0.008113535316471788
36.52666844,0.7140437665318276,0.7505197483650939,-0.021850395759513978
36.53142318,0.6292504093353509,0.859968124514687,-0.051427490018094414
36.53617787,0.5264593490583704,0.9585041319293752,-0.08033591207362703
36.54093261,0.4055473831248995,1.0458371525884471,-0.10831433811867916
36.5456873,0.266644096363531,1.1219956102972788,-0.1351252441070415
36.55044204,0.11014083839399755,1.1873204312496022,-0.16055778377499458
36.55519672,-0.0633035584335111,1.2424501740594343,-0.18443020065639693
36.55995146,-0.25276055739102443,1.2882982529854465,-0.2065917310097382
36.56470615,-0.45703335245590854,1.3260229000894956,-0.22692397581234008
36.56946089,-0.67466203420552,1.3569907078300596,-0.24534174561663188
36.57421558,-0.9039324721899618,1.3827347557164253,-0.2617934044782397
36.57897032,-1.1428888220888733,1.4049084481587713,-0.276260750774012
36.583725,-1.3893495137857608,1.4252362736359374,-0.28875846958409623
36.58847974,-1.6409265587651123,1.4454627390400783,-0.29933317480713223
36.59323443,-1.8950480316956086,1.467300741528198,-0.3080620351214991
36.59798917,-2.148983620995855,1.4923806191777698,-0.31505095385882875
36.60274386,-2.399873188423501,1.5222010773773567,-0.32043225576594647
36.6074986,-2.644758307636882,1.558083125393544,-0.32436182914837586
36.61225328,-2.8806167479541887,1.6011280804597832,-0.32701568431136935
36.61700802,-3.1043998202045033,1.6521806066890228,-0.32858592001602027
36.62176271,-3.3130724040239863,1.7117976530391077,-0.32927613508207176
36.62651745,-3.5036553384180404,1.7802240372917495,-0.32929637303477055
36.63127219,-3.673269697357064,1.8573752905358691,-0.3288577325218431
36.63602688,-3.819182311307005,1.942828229333011,-0.328166806730112
36.64078157,-3.9388517536373695,2.0358195628844427,-0.32742012855431224
36.6455363,-4.02997390123124,2.1352526741031808,-0.32679879717298815
36.65029104,-4.090526107274252,2.2397125411848493,-0.3264634503704523
36.65504573,-4.118808990865446,2.347488594226425,-0.32654972901251783
36.65980047,-4.113484849248619,2.456605132906653,-0.32716435719570774
36.66455516,-4.073611730408839,2.5648587692067513,-0.32838193421931666
36.6693099,-3.998672264102133,2.6698622072143143,-0.33024250393882126
36.67406459,-3.8885964360096916,2.769093534442763,-0.33274993701847544
36.67881933,-3.7437775988198343,2.8599500796424495,-0.3358711379676845
36.68357401,-3.565081139493994,2.939805792832654,-0.3395360764523458
36.68832875,-3.353845357605451,3.006071023694838,-0.34363864156247487
36.69308344,-3.1118742531254697,3.0562535116982557,-0.3480383239865203
36.69783818,-2.841422076807645,3.088019351881647,-0.3525627383195075
36.70259287,-2.545169668882471,3.0992526622936327,-0.3570110016965785
36.70734761,-2.226192805169545,3.0881126542918182,-0.3611579827483855
36.7121023,-1.887922977642557,3.0530867999628573,-0.36475942243606424
36.71685704,-1.5341012426044172,2.9930388078951826,-0.36755789993182947
36.72161172,-1.1687259533014784,2.9072501647448132,-0.36928956899004967
36.72636646,-0.7959953387667403,2.7954540788793185,-0.3696915268402479
36.73112115,-0.42024599097530735,2.657860774774327,-0.3685096096461345
36.73587589,-0.04588838229346635,2.4951732311992902,-0.3655063501828367
36.74063058,0.32265943535767044,2.308592629264458,-0.360468796068819
36.74538532,0.6810387892205638,2.0998129742842324,-0.3532158758586572
36.75014,1.025016847480277,1.8710045746537736,-0.34360501390114395
36.75489474,1.3505514490562318,1.624786298482874,-0.3315377264866758
36.75964943,1.6538532039128542,1.3641867815267776,-0.3169639736136454
36.76440417,1.9314438260627413,1.0925950242708387,-0.2998850874947106
36.76915886,2.1802097452325766,0.8137010867390649,-0.28035514979900633
36.7739136,2.397450148943251,0.5314278596544793,-0.25848074649734026
36.77866828,2.5809187279636383,0.24985515111598502,-0.2344190934893664
36.78342302,2.728858525201687,-0.026862430772651155,-0.20837459614029263
36.78817771,2.840029411276481,-0.29458210613304475,-0.18059397561498386
36.79293245,2.9137278219279934,-0.5492621925636029,-0.15136015619680915
36.79768714,2.9497984900466667,-0.787052010280138,-0.12098515303541527
36.80244188,2.948637990515365,-1.0043803268573739,-0.08980222492628188
36.80719657,2.91118999613165,-1.1980401991143508,-0.05815756196490227
36.8119513,2.838932227327176,-1.3652680688012966,-0.026401766280409654
36.81670599,2.733855175865876,-1.5038150147851461,0.0051186401660219686
36.82146073,2.5984327967750955,-1.6120081616694197,0.03606947835223807
36.82621547,2.435585490864038,-1.6888003992886802,0.06613677582904796
36.83097016,2.248635836251354,-1.7338067839512092,0.09503408849513359
36.8357249,2.041257665710098,-1.7473262705177837,0.12250915446894947
36.84047959,1.8174192234596618,-1.730347758523635,0.1483497600889189
36.84523433,1.5813212661972422,-1.6845398157918436,0.1723886977096689
36.84998901,1.3373310919279608,-1.612223858000477,0.1945076947843198
36.85474375,1.0899135771985209,-1.5163310005603738,0.21464020008637183
36.85949844,0.8435603693910391,-1.4003432474258306,0.23277292961217536
36.86425318,0.6027184097575652,-1.268220126973837,0.24894610140753592
36.86900787,0.3717189539472692,-1.124312314630594,0.2632523202910586
36.87376261,0.15470821418430825,-0.973264182631508,0.2758341016694527
36.8785173,-0.04441932041912508,-0.8199075763286051,0.28688004025693586
36.88327204,-0.2220839101043597,-0.6691494200600128,0.2966196327777559
36.88802672,-0.3750790441521879,-0.5258559888228928,0.30531676171852906
36.89278146,-0.5006245538385976,-0.39473683001202803,0.31326185476154705
36.89753615,-0.5964135968983928,-0.2802313701651366,0.3207627655976146
36.90229089,-0.66065279680162,-0.18640118830058355,0.3281344827033325
36.90704558,-0.6920948594234384,-0.1168307806971375,0.3356878596731515
36.91180032,-0.6900630354751843,-0.07453939014951151,0.3437176615045936
36.916555,-0.6544668629058312,-0.06190614033857537,0.3524903186262922
36.92130974,-0.5858087199783716,-0.08061032116585151,0.3622318569250071
36.92606443,-0.48518085178729353,-0.13158823297607453,0.3731165140212007
36.93081917,-0.35425269922769637,-0.2150075348229762,0.38525655282236065
36.93557386,-0.1952485528850409,-0.33025957033041103,0.39869374362516946
36.9403286,-0.010915763889512157,-0.4759696773260631,0.41339291221399016
36.94508328,0.1955160435041277,-0.65002503456401,0.42923785328846575
36.94983802,0.420384109265228,-0.849619168952416,0.44602979738189535
36.95459271,0.659649191912962,-1.0713118473700771,0.4634885067732789
36.95934745,0.9089587483999051,-1.311102715752894,0.4812559722580345
36.96410214,1.163715520941733,-1.5645167322745082,0.4989025957486333
36.96885688,1.4191503201237237,-1.82669917941434,0.5159356775312038
36.97361157,1.6703977394438845,-2.092517840080244,0.5318099821871741
36.9783663,1.9125735209823749,-2.356669793221088,0.545940131513293
36.98312099,2.140852312607649,-2.61379022931381,0.557714561504415
36.98787573,2.35054460774456,-2.8585607070847723,0.5665107761255521
36.99263042,2.5371717304293595,-3.085814368239805,0.5717116229196598
36.99738516,2.6965378118112033,-3.2906357933471337,0.5727222924409207
37.00213985,2.824797790974809,-3.468453414381645,0.5689876945402379
37.00689459,2.918520556664126,-3.6151226908416585,0.5600097862940601
37.01164927,2.974746425059615,-3.7269985969983135,0.5453643285739667
37.01640401,2.991038226144039,-3.8009963445701493,0.5247164556894272
37.0211587,2.965525356385692,-3.8346396613938216,0.49783438949324266
37.02591344,2.8969402567319067,-3.8260963430831385,0.46460064693451086
37.03066813,2.7846468918129075,-3.774201169899051,0.4250201921614537
37.03542287,2.6286609264055385,-3.678466613491701,0.37922515998782086
37.04017756,2.429661399920563,-3.5390820290251166,0.3274759943064355
37.0449323,2.1889937746615766,-3.356902225527546,0.27015906064318024
37.04968698,1.9086642757965557,-3.1334264288531974,0.20778096917473754
37.05444172,1.5913254576080367,-2.870768704148998,0.14095996202756994
37.05919641,1.2402529340748185,-2.571620900315803,0.07041477560178064
37.06395115,0.8593132157999536,-2.2392091309679505,-0.0030485997905459585
37.06870584,0.4529226127960526,-1.877244726960218,-0.07855185270793516
37.07346058,0.025997205073015915,-1.4898704954049249,-0.15516058222764872
37.07821526,-0.4161060412773909,-1.081603009680824,-0.23190144555834583
37.08297,-0.8676568213343071,-0.6572715455529359,-0.30777984098311245
37.08772469,-1.3226273590191435,-0.22195418267893183,-0.38179774310926673
37.09247943,-1.774776064708748,0.21908847894250322,-0.45297130763413823
37.09723412,-2.2177382338604144,0.6604815712787845,-0.5203478741915343
37.10198886,-2.6451227957984806,1.0968057542354226,-0.5830220249910063
37.10674354,-3.0506138667233995,1.5226680801205998,-0.6401504053043973
37.11149828,-3.428075605622578,1.9327733670353533,-0.6909650739834026
37.11625302,-3.771658630090405,2.321995414450997,-0.7347852179649065
37.12100771,-4.075906034202956,2.6854472778336858,-0.7710271238816322
37.1257624,-4.335856873518914,3.018549706707173,-0.7992123461572145
37.13051714,-4.547144852222892,3.3170967532364166,-0.8189740431781691
37.13527188,-4.706089873069021,3.577317485001007,-0.8300614736696742
37.14002657,-4.80978010081548,3.7959326925397403,-0.8323426577188644
37.14478125,-4.85614225237626,3.970205474037237,-0.825805214002481
37.14953599,-4.843997968287032,4.097984609117148,-0.8105553888432248
37.15429068,-4.773104343582742,4.17773970251025,-0.7868152953556585
37.15904542,-4.644177000857843,4.208587186321333,-0.7549183840301129
37.16380011,-4.458894468040671,4.190306415149449,-0.7153031727794305
37.16855485,-4.2198830669491745,4.123345268187767,-0.6685052796174578
37.17330954,-3.9306820100008926,4.008814881630693,-0.6151478305653887
37.17806427,-3.595688921517739,3.848473366275409,-0.5559303633469672
37.18281896,-3.2200865240358074,3.644698610021693,-0.49161641324507493
37.1875737,-2.8097517358544026,3.4004505122595443,-0.4230200433672089
37.19232839,-2.371148894468309,3.1192232359806056,-0.3509916536218507
37.19708313,-1.9112092388284792,2.8049882850264556,-0.2764034550022673
37.20183782,-1.4371991450444144,2.462129412869803,-0.2001350153675313
37.20659256,-0.9565799121978285,2.095370543599498,-0.12305926363226363
37.2113473,-0.47686213539449834,1.7096980349876154,-0.046029283311002325
37.21610198,-0.005457879601199279,1.3102787376525522,0.030133855877704608
37.22085667,0.45046602315817297,0.9023754028273512,0.10465207079682469
37.22561141,0.8841301932541564,0.4912610623560772,0.17679996311588175
37.2303661,1.2892771186080585,0.08213404511445979,0.24591320978833534
37.23512084,1.6602945652315868,-0.3199647002272488,0.3113956137332441
37.23987558,1.9923249895583799,-0.7102303399779549,0.3727247424704119
37.24463026,2.2813582545780706,-1.0841673887151146,0.4294560211022484
37.24938495,2.5243053357969525,-1.4376560040994422,0.481225095161916
37.25413969,2.719051170402396,-1.7670100718325745,0.5277482700409448
37.25889438,2.8644853431806805,-2.069026013924269,0.5688208861244338
37.26364912,2.960509899823859,-2.341021489096143,0.6043136017578055
37.26840386,3.008024211489532,-2.5808634107277526,0.6341667097152093
37.27315854,3.008887458258121,-2.7869849744485284,0.658382774436295
37.27791323,2.96585992289738,-2.958391654671929,0.6770180124630127
37.28266797,2.882524856393231,-3.0946563892322017,0.6901729218239233
37.28742266,2.7631931620990304,-3.1959044172288347,0.6979826890680584
37.2921774,2.61279352623173,-3.2627884609478994,0.7006078741503527
37.29693214,2.436750894992732,-3.2964551418305397,0.6982258122245898
37.30168683,2.2408563719626557,-3.298503686362033,0.6910230958029412
37.30644157,2.031131696694637,-3.2709381048810084,0.6791894216122055
37.31119625,1.8136914760010192,-3.2161141113798375,0.6629130072907913
37.31595099,1.5946062779261656,-3.136682095052668,0.6423777035861936
37.32070568,1.3797695687989298,-3.03552745662997,0.617761847568168
37.32546042,1.1747712834897446,-2.915709587499389,0.5892388226029666
37.33021511,0.9847805795813285,-2.780400701013653,0.5569792138156159
37.33496985,0.8144400505416677,-2.63282562856267,0.5211543768354543
37.33972454,0.6677733717320679,-2.476203575937008,0.4819411767932783
37.34447927,0.5481080321050888,-2.313692708502916,0.4395276078871672
37.34923396,0.4580144658392443,-2.148338306988749,0.3941189741597644
37.35398865,0.3992625432630017,-1.983025116630728,0.3459442995135905
37.35874339,0.3727960126875729,-1.8204344041144132,0.29526263636934585
37.36349813,0.3787251106713907,-1.6630061387340538,0.24236895290910754
37.36825282,0.41633718609090964,-1.5129066247059069,0.18759929457869773
37.37300756,0.4841248210484692,-1.3720018293926577,0.13133493539098023
37.37776224,0.5798305849073218,-1.24183657707243,0.07400526000942442
37.38251698,0.7005072307277244,-1.1236197096712688,0.016089149949959726
37.38727167,0.8425918402998293,-1.0182152534677533,-0.04188531444469895
37.39202641,1.0019921504364988,-0.9261395718112925,-0.09934298311219882
37.3967811,1.1741830560140347,-0.84756442536486,-0.15566570026574117
37.40153578,1.3543110914424938,-0.7823258006554422,-0.2101983602607913
37.40629052,1.5373045483013417,-0.729938303297181,-0.262256956141153
37.41104521,1.7179867985502824,-0.6896148438932788,-0.31113855123051526
37.41579995,1.8911903648145574,-0.6602912730164697,-0.3561330199660475
37.42055464,2.051869314756629,-0.6406555483331827,-0.3965363138549877
37.42530938,2.1952076552444164,-0.6291809442826147,-0.43166492329153244
37.43006407,2.3167215591610377,-0.6241627457350238,-0.4608711354575858
37.4348188,2.4123534640902005,-0.6237578045308386,-0.48355863714978287
37.43957349,2.4785563257661853,-0.6260262837715741,-0.4991979801967989
37.44432823,2.512366577339995,-0.6289748705190134,-0.5073414172060409
37.44908297,2.511464626005948,-0.6306007042310874,-0.5076366287728182
37.45383766,2.4742220006531364,-0.6289352468637094,-0.49983890082745885
37.45859235,2.3997345396882643,-0.6220873118723024,-0.48382136963506545
37.46334709,2.2878412715814465,-0.6082844735743744,-0.4595830258194568
37.46810177,2.139128888561659,-0.5859120952676796,-0.42725425025566455
37.47285651,1.9549219435436143,-0.5535492438853178,-0.38709973703583445
37.4776112,1.7372591096196566,-0.510000800786991,-0.33951873620597284
37.48236594,1.4888560296251718,-0.45432513263268104,-0.2850426167028033
37.48712063,1.2130554525745743,-0.38585675305551725,-0.22432980440413952
37.49187537,0.9137655095041622,-0.3042234845809331,-0.1581581903390375
37.49663006,0.5953871304413937,-0.2093577201973225,-0.08741513168976311
37.5013848,0.26273175321484876,-0.10150148420787648,-0.013085187597473878
37.50613948,-0.07906937215339091,0.01879489882598159,0.0637642510541223
37.51089422,-0.4246628211569318,0.15068060190830523,0.141999257005296
37.51564891,-0.7685759498875387,0.2930185139178393,0.2204373735803898
37.52040365,-1.1053233820563129,0.44440570875677454,0.2978670717358942
37.52515834,-1.4295150926321112,0.6031998722800848,0.37306833287829805
37.52991308,-1.735964024748884,0.7675512717069332,0.44483396217995125
37.53466776,-2.019791081128892,0.9354397314892731,0.5119911702177457
37.5394225,-2.2765252774018965,1.104715960458254,0.5734229119873329
37.54417719,-2.502196839078446,1.2731464578731724,0.628088452879515
37.54893193,-2.693421071592157,1.438461111759196,0.6750426455682692
37.55368662,-2.8474709376255616,1.5984024935598666,0.7134534468347059
37.55844136,-2.9623364403305743,1.7507757523467382,0.7426172702017212
37.56319605,-3.036769135370233,1.8934979260493756,0.7619718472606387
37.56795078,-3.0703103766541515,2.024645425463529,0.7711063464377996
37.57270547,-3.0633022353877593,2.1424984193308347,0.7697685641723411
37.57746021,-3.0168804129623195,2.2455808644046327,0.7578690561478433
37.5822149,-2.9329488881519716,2.3326949883130306,0.7354821167954259
37.58696964,-2.8141364914478157,2.4029491456734617,0.7028435501081534
37.59172433,-2.663736077532451,2.4557781259317655,0.6603452133412131
37.59647907,-2.4856274624796995,2.4909551894050064,0.6085263671762459
37.60123375,-2.284185793554956,2.5085953396530134,0.5480619385002312
37.60598849,-2.0641775109707043,2.5091495983305814,0.47974789748834973
37.61074318,-1.830646523051801,2.493390325039041,0.40448406594419967
37.61549792,-1.5887936249147134,2.462387911232465,0.32325479964931864
37.62025261,-1.343852517570377,2.4174794661041594,0.23710810880881097
37.62500735,-1.1009659990426672,2.360230395492346,0.1471338783552011
37.62976204,-0.8650659746841325,2.292390042184406,0.0544419051714518
37.63451677,-0.6407608529947709,2.215842794197943,-0.03985952890066269
37.63927146,-0.4322336527863813,2.1325562606406874,-0.1346838792884983
37.6440262,-0.24315375987691606,2.0445282468997754,-0.2289847752001135
37.64878089,-0.07660476223122788,1.953734320089913,-0.3217721979600715
37.65353563,0.06496980475238671,1.862077735132992,-0.41212604424066107
37.65829032,0.17980162075695166,1.771343390510844,-0.4992068334635131
37.66304506,0.26681313859635314,1.6831573054603535,-0.582263433277969
37.66779974,0.3256136890406186,1.598952867654167,-0.660637788605952
37.67255448,0.3564769204801855,1.5199448068425192,-0.7337667475482373
37.67730917,0.3603009549218674,1.4471115216977728,-0.8011811823349123
37.68206391,0.3385531748039224,1.381186040361832,-0.8625027054883208
37.6868186,0.29320200772085747,1.3226555466440335,-0.9174383751603795
37.69157334,0.22663842761534775,1.27176907157065,-0.9657738581021321
37.69632802,0.14159012498793186,1.2285526519321062,-1.0073655628205191
37.70108271,0.04103140613941396,1.1928310069709886,-1.0421322646990192
37.70583745,-0.0719081407238895,1.164254586663555,-1.0700467219087222
37.71059219,-0.19403332525406758,1.1423306979588255,-1.0911277309545586
37.71534688,-0.3221687642260393,1.126457314100703,-1.1054329981225481
37.72010157,-0.45323777509202706,1.1159581151654416,-1.1130531132659396
37.7248563,-0.5843329449754886,1.110117298939363,-1.1141068135898502
37.72961099,-0.7127770221041712,1.1082127466680323,-1.1087376265247515
37.73436573,-0.8361732073517381,1.109546232198166,-1.0971118882114252
37.73912042,-0.9524442984812427,1.1134695240542167,-1.079418048988924
37.74387516,-1.0598604494499404,1.1194054402242055,-1.0558671003111884
37.74862985,-1.1570555618669929,1.126863161971487,-1.0266938928704006
37.75338459,-1.2430325471109838,1.1354473794711364,-0.9921590708239336
37.75813927,-1.317157908487285,1.144861110881548,-0.9525513280514157
37.76289401,-1.3791463075871726,1.1549022919978187,-0.908189699413109
37.7676487,-1.429035999266519,1.1654544655081194,-0.859425626375152
37.77240344,-1.4671562357965602,1.1764721031208945,-0.8066445718846604
37.77715813,-1.49408793773206,1.1879612711845744,-0.750266994312701
37.78191287,-1.5106190923125038,1.1999565028994172,-0.6907485182729182
37.78666756,-1.517696459360662,1.2124948682465242,-0.6285791596451112
37.7914223,-1.5163752348808546,1.2255883341882163,-0.5642814769484195
37.79617698,-1.507768344175637,1.239195578492168,-0.49840753925383324
37.80093172,-1.4929970124680194,1.2531944562016877,-0.4315346309761133
37.80568641,-1.4731441945770907,1.2673563149370077,-0.364259661288111
37.81044115,-1.4492123356394613,1.2813233130058608,-0.2971923082455432
37.81519584,-1.4220867774894894,1.2945898151620205,-0.2309469952305906
37.81995058,-1.3925059143530694,1.306488830063536,-0.16613385729032054
37.82470526,-1.3610389363529547,1.3161843173895615,-0.10334889803797896
37.82946,-1.328071689078154,1.3226700364752724,-0.04316356218647379
37.83421469,-1.2938008400204841,1.3247754354006211,0.013886040008185845
37.83896943,-1.2582361995303195,1.3211788909113975,0.06731001255521585
37.84372412,-1.2212107157130636,1.3104284052842738,0.11667540055241706
37.84847886,-1.1823973676334822,1.2909696460870446,0.1616164819209923
37.85323354,-1.1413319347163882,1.2611809800128235,0.20184430677524592
37.85798823,-1.097440433281044,1.2194149066194744,0.23715513052926573
37.86274297,-1.0500698886723443,1.1640450488550653,0.2674373629034112
37.86749766,-0.9985210529177756,1.093517613754273,0.29267665780261065
37.8722524,-0.9420816794712134,1.0064060087362943,0.3129588070059272
37.87700709,-0.8800590234486929,0.9014670969402533,0.32847017355255986
37.88176183,-0.8118103425708022,0.7776974092128861,0.33949550044053417
37.88651651,-0.7367703254214821,0.634387509929741,0.34641304353240904
37.89127125,-0.654474563987052,0.47117264608628673,0.3496870900657226
37.89602594,-0.5645784101331868,0.28807779901667246,0.3498580243249895
37.90078068,-0.46687080156787364,0.08555530870600908,0.3475301834570287
37.90553537,-0.36128289894807414,-0.1354866463192655,0.3433578081877166
37.91029011,-0.24789162559542713,-0.37366625435159817,0.3380294387418795
37.9150448,-0.12691842716880913,-0.6271222629158569,0.3322511415028211
37.91979954,0.0012762444091320526,-0.8935211599708723,0.32672898237111975
37.92455422,0.13620208001460313,-1.1700779883836414,0.32215118982243596
37.92930896,0.27725096629397034,-1.453591030594228,0.31917047024697237
37.93406365,0.4237111781063644,-1.7404901534978052,0.3183869436326997
37.93881839,0.574782956588369,-2.0268981329099818,0.3203321548102241
37.94357308,0.729594767200479,-2.3087038016436723,0.3254545849829928
37.94832782,0.8872196073010082,-2.5816454057785947,0.3341070439129513
37.9530825,1.0466908238151527,-2.8414021303829,0.3465362684696313
37.95783719,1.2070169988090662,-3.0836913877081717,0.3628749902752694
37.96259193,1.3671955573373722,-3.304369164747023,0.38313666567153404
37.96734662,1.5262248435694452,-3.49953051710607,0.4072129882980136
37.97210136,1.6831144955911486,-3.6656071827840857,0.43487423217566334
37.97685605,1.836894025266011,-3.7994592796433664,0.4657724042620638
37.98161078,1.9866195767057633,-3.8984581485451226,0.49944712077732367
37.98636547,2.1313788955428414,-3.960557612026443,0.5353340607738977
37.99112021,2.2702945924497393,-3.98435123383,0.5727757939450485
37.9958749,2.4025258299101444,-3.969113580173479,0.6110347301784826
38.00062964,2.527268602695814,-3.9148239864995222,0.6493078996878182
38.00538433,2.6437548208254156,-3.822171906026862,0.6867432474342822
38.01013907,2.7512504394392963,-3.692543537736251,0.7224571139266468
38.01489375,2.849052913255753,-3.5279900778830866,0.7555525731384939
38.01964849,2.9364882839433397,-3.33117858478253,0.7851383014096568
38.02440318,3.0129082355186028,-3.1053270632420125,0.8103476516326957
38.02915792,3.077687472621037,-2.854125932725361,0.830357598294189
38.03391261,3.1302217848483473,-2.5816485125059163,0.8444071983561805
38.03866735,3.1699271528884974,-2.2922535120788115,0.8518151846491884
38.04342204,3.1962402253444893,-1.9904827382983945,0.8519962838549328
38.04817677,3.208620446292181,-1.6809573141546004,0.844475845317701
38.05293146,3.206554041716918,-1.3682756487074657,0.8289023917983266
38.05768615,3.1895599794713014,-1.0569162114912811,0.8050577618623472
38.06244089,3.1571979064020157,-0.751147861598939,0.7728645979406289
38.06719558,3.109077944079876,-0.454950080456441,0.7323910283429184
38.07195032,3.0448720988861058,-0.17194498040694664,0.6838524782300657
38.076705,2.964326921956531,0.09465756659872206,0.627610611400685
38.08145974,2.867276949605552,0.3421008884390457,0.5641694480436993
38.08621443,2.753658375766795,0.5681083189037187,0.4941687277964554
38.09096917,2.6235223639267446,0.7708961305452828,0.4183746017204851
38.09572386,2.4770474026346774,0.949173343390435,0.3376677514486544
38.1004786,2.3145501462735028,1.1021295554251462,0.25302905786444474
38.10523329,2.1364942564617824,1.2294122518780253,0.16552298217224373
38.10998802,1.9434968608217826,1.3310952688462956,0.07627888314803515
38.11474271,1.736332365045447,1.4076402126269403,-0.013529424374366869
38.11949745,1.515933481102938,1.4598526751127547,-0.10270546879438042
38.12425214,1.283389458983991,1.4888350481075359,-0.19005277878043075
38.12900688,1.0399416217403032,1.4959376382749143,-0.27439781158163046
38.13376157,0.7869763951117358,1.4827096333692376,-0.35461250869773076
38.1385163,0.5260160874920158,1.450851282722781,-0.42963581919109056
38.14327099,0.2587077111338861,1.402168442988427,-0.49849356182609383
38.14802573,-0.013189856729829717,1.3385304150850785,-0.560316070442427
38.15278042,-0.28782008866356745,1.2618317704864868,-0.6143531701449247
38.15753511,-0.5632441438996244,1.1739586438271228,-0.6599861492048577
38.16228985,-0.8374571136174841,1.076759762221609,-0.6967365094052649
38.16704454,-1.1084050056638162,0.9720222955136874,-0.7242713883312725
38.17179927,-1.3740023450994832,0.8614524493761962,-0.7424056491006596
38.17655396,-1.632150309751894,0.7466605865094856,-0.7511007272038985
38.1813087,-1.8807553569635926,0.6291505508558675,-0.750460410881196
38.18606339,-2.1177483254318545,0.5103127859303759,-0.7407238097514557
38.19081813,-2.3411040112946737,0.3914207808508477,-0.7222558346089604
38.19557282,-2.548861218862053,0.2736303457071836,-0.6955355681878685
38.20032756,-2.739143274058923,0.15798120982738012,-0.6611429515111149
38.20508224,-2.910178964241391,0.045400449231354355,-0.619744242432251
38.20983698,-3.060323832341799,-0.06329272098345902,-0.5720767209691172
38.21459167,-3.188081705257697,-0.1673812119173036,-0.5189331183963004
38.21934641,-3.2921262740961303,-0.2662437570075824,-0.461146231940524
38.2241011,-3.3713224670500215,-0.3593483593444212,-0.3995741524455244
38.22885584,-3.424747268127374,-0.44624575769849867,-0.3350864772154285
38.23361052,-3.451709544888029,-0.5265631287778213,-0.26855180455422917
38.23836521,-3.451768366203035,-0.5999981975363499,-0.2008267128468661
38.24311995,-3.4247492264848174,-0.6663138866576466,-0.1327463208227299
38.24787464,-3.3707575528584126,-0.7253336005290766,-0.06511641517131471
38.25262938,-3.2901888604628997,-0.7769372073556314,0.0012929725678969503
38.25738407,-3.183734940203363,-0.8210577546135177,0.06575274434180878
38.2621388,-3.052385513032269,-0.8576789274981547,0.1275789313004288
38.26689349,-2.8974248649295973,-0.8868332380780969,0.18613619013414878
38.27164823,-2.7204230864677563,-0.9086009157382213,0.24084086573596017
38.27640292,-2.523221677680489,-0.9231094577863319,0.2911638349366227
38.28115766,-2.307913437081722,-0.9305337918531048,0.33663327369500695
38.28591235,-2.0768167245054285,-0.9310969961981108,0.37683741257523
38.29066709,-1.8324443622004378,-0.9250715161832995,0.411427278665902
38.29542177,-1.5774676106054182,-0.91278080058722,0.44011937733657697
38.30017651,-1.3146758197107187,-0.8946012568522546,0.4626982471430957
38.3049312,-1.046932509602691,-0.8709643892208341,0.4790188199476958
38.30968589,-0.7771287701492782,-0.8423589408272227,0.4890085239933448
38.31444063,-0.5081349858715489,-0.8093328156715308,0.4926690667783386
38.31919532,-0.24275198537723788,-0.7724945156139618,0.4900778173458942
38.32395006,0.01633721624401165,-0.7325137969894007,0.4813886721135797
38.32870474,0.266613871087004,-0.690121235096584,0.46683224152624003
38.33345948,0.5057669246108566,-0.6461063844382653,0.44671514968415327
38.33821417,0.7317322127526054,-0.6013142384063386,0.4214182101390474
38.34296891,0.9427262894796045,-0.5566397234885191,0.3913932397167327
38.3477236,1.1372738484841212,-0.5130200089419051,0.3571583044433546
38.35247834,1.3142278531157938,-0.4714244720680244,0.3192912571817615
38.35723302,1.4727816867871473,-0.43284223091713564,0.27842151933763837
38.36198776,1.6124728805873543,-0.3982672401276651,0.23522016801917786
38.36674245,1.7331782592825562,-0.3686810413137571,0.1903885016693374
38.37149719,1.835100657947175,-0.34503336551697233,0.1446453582845502
38.37625188,1.918747678423121,-0.32822089845415847,0.09871354127153559
38.38100657,1.984903251565885,-0.31906463458097284,0.053305764310904044
38.3857613,2.0345930218230226,-0.3182863572822567,0.009110558638541027
38.39051599,2.069044756443859,-0.3264848834233914,-0.03322140308691414
38.39527073,2.089645096097434,-0.3441127947570124,-0.07309011998453539
38.40002542,2.0978940119042075,-0.3714544402412335,-0.10995779288622261
38.40478016,2.0953583270711946,-0.40860602671857454,-0.14335869659458964
38.40953485,2.0836256113096003,-0.45545861638412666,-0.1729070871066065
38.41428959,2.0642596728531655,-0.5116848156756686,-0.19830292200907657
38.41904427,2.0387587642123313,-0.576729871191723,-0.21933526843598766
38.42379901,2.0085174912437243,-0.6498077849871331,-0.23588336863174908
38.4285537,1.9747932781981306,-0.7299029264949242,-0.24791541806639394
38.43330844,1.9386781010719056,-0.8157774556798733,-0.2554851794661146
38.43806313,1.9010760626143897,-0.9059846885701114,-0.25872660765835925
38.44281782,1.8626872457777195,-0.9988883410850237,-0.2578466979611936
38.44757256,1.8239981449423786,-1.092687390639739,-0.2531167991675487
38.45232724,1.7852788293796706,-1.1854461081425502,-0.24486265465164525
38.45708198,1.7465868341789397,-1.2751286452961232,-0.2334534546306567
38.46183667,1.7077775967793005,-1.359637420688214,-0.219290201228852
38.46659141,1.6685210653867721,-1.4368544367365215,-0.2027937065585806
38.4713461,1.6283239089340924,-1.504684578154486,-0.18439256182647235
38.47610084,1.5865565710304068,-1.561099888353728,-0.16451143066402557
38.48085552,1.5424842469830056,-1.6041837892354955,-0.1435600304367124
38.48561026,1.4953007351737528,-1.6321741994096455,-0.12192316931241592
38.49036495,1.4441640294987668,-1.6435045155425407,-0.09995220184578543
38.49511969,1.3882324817041272,-1.6368414527976818,-0.07795824706822624
38.49987438,1.326700371072002,-1.611118795470264,-0.05620747281313517
38.50462907,1.258831770801471,-1.5655661895389712,-0.034918679186778705
38.50938381,1.183991690011127,-1.4997322147525967,-0.014263307231234462
38.51413849,1.1016735906831612,-1.4135011021824146,0.00563214050003202
38.51889323,1.0115225231829672,-1.3071026083142365,0.02468143782053738
38.52364792,0.9133532862008347,-1.1811147115980214,0.04283205410472031
38.52840266,0.8071631920055695,-1.0364589554602772,0.06005710303245466
38.53315735,0.6931392012826162,-0.8743884192266734,0.0763463520782804
38.53791209,0.5716593789321376,-0.6964684542568538,0.09169685964253065
38.54266677,0.4432888071217755,-0.5045504777495393,0.10610379860074294
38.54742151,0.30877026628572274,-0.30073927229239034,0.11955198017456284
38.5521762,0.16901014786064825,-0.08735439550209835,0.13200851831716523
38.55693089,0.025060183204522087,0.13311354070292108,0.14341698141044013
38.56168563,-0.12190434635602394,0.3580508118312041,0.1536932764207439
38.56644032,-0.27060921384642384,0.5847716963703748,0.16272341305413837
38.57119506,-0.41970795523592697,0.8105715999511672,0.17036321106456634
38.57594974,-0.567809988071368,1.0327809321061492,0.17643994515335956
38.58070448,-0.7135094692504628,1.2488184221716097,0.18075586434649965
38.58545917,-0.8554142408215015,1.4562425413218276,0.18309346810288665
38.59021391,-0.9921742246803125,1.6527997190920847,0.18322236231415373
38.5949686,-1.1225086349002973,1.836468106778646,0.1809074521965128
38.59972334,-1.2452313896022473,2.0054957468254475,0.17591815974304173
38.60447802,-1.35927413337796,2.158432154391668,0.16803828985503672
38.60923276,-1.4637063338553307,2.294152499744084,0.15707612160863899
38.61398745,-1.5577519942635252,2.4118737903445644,0.1428742769487712
38.61874214,-1.6408026246453051,2.5111626798015565,0.12531892229121802
38.62349688,-1.7124262299440551,2.59193476646974,0.10434788969694
38.62825157,-1.7723721925694669,2.65444547729008,0.07995736137620862
38.6330063,-1.8205720380597183,2.6992728549189997,0.05220683920278716
38.63776099,-1.8571361651499543,2.727292774675544,0.021222211478174394
38.64251573,-1.8823466920923482,2.7396473121505105,-0.012803177576764345
38.64727042,-1.8966466241111137,2.737707163074169,-0.049609462860010535
38.65202516,-1.9006255940241106,2.72302918228735,-0.08887312780004256
38.65677985,-1.8950024823987828,2.697310252194065,-0.1302116684361066
38.66153454,-1.880605293400535,2.662338803416332,-0.17318984666276105
38.66628927,-1.8583487475576121,2.619945381471626,-0.2173272659716386
38.67104396,-1.8292101443954103,2.5719536749819114,-0.2621069563514117
38.6757987,-1.7942041320449085,2.5201333884434596,-0.3069846368776056
38.68055339,-1.7543570822800463,2.4661562557423933,-0.3513983426213038
38.68530813,-1.7106817970886246,2.411556354608912,-0.39477815128386123
38.69006282,-1.6641532638469658,2.357695707359295,-0.43655580848154724
38.69481756,-1.6156861347193636,2.3057359526695467,-0.4761741113150473
38.69957224,-1.5661145392005615,2.2566166589591226,-0.5130959550629391
38.70432698,-1.5161747528408331,2.2110406307212687,-0.5468129707304157
38.70908167,-1.4664911444845472,2.169466339974386,-0.576853680163751
38.71383636,-1.4175657126680523,2.132107400937961,-0.6027910747869936
38.7185911,-1.3697714030349413,2.0989388044592627,-0.6242494944994308
38.72334578,-1.3233492765295722,2.0697094484817082,-0.6409106598642375
38.72810052,-1.2784094772947432,2.043960348710688,-0.6525187069988438
38.73285521,-1.2349358366439276,2.021047791646903,-0.6588840965331685
38.73760995,-1.1927938550232278,2.0001705983970366,-0.6598863114439472
38.74236464,-1.151741737584971,1.9804005994884462,-0.6554753124539979
38.74711938,-1.1114441266925459,1.9607153776546735,-0.6456717728240662
38.75187407,-1.0714881743389473,1.9400323185465649,-0.6305661600183826
38.75662875,-1.031401618281593,1.917243019832387,-0.6103167671336829
38.76138349,-0.9906725499288557,1.8912471467869962,-0.5851468205609238
38.76613818,-0.948770569276009,1.8609848851392063,-0.5553408006172899
38.77089292,-0.9051689959387399,1.8254672265153287,-0.5212401085081725
38.77564761,-0.859367739689184,1.7838034243749619,-0.48323819744550317
38.78040235,-0.8109163369511192,1.7352250739895394,-0.44177526073054874
38.78515704,-0.7594365507562405,1.6791063928829038,-0.3973325385595735
38.78991177,-0.7046438340223947,1.6149804020218108,-0.35042627342835386
38.79466646,-0.6463668897293889,1.542550827370665,-0.3016013190416014
38.7994212,-0.5845645393789975,1.4616996519846839,-0.25142439796737615
38.80417589,-0.5193391381669501,1.372490347806571,-0.20047701333307408
38.80893058,-0.45094585069413534,1.275166902234544,-0.14934804629452925
38.81368532,-0.3797972197846426,1.170148826800639,-0.09862610352939183
38.81844,-0.30646261547531783,1.058022393971665,-0.04889170568738766
38.82319474,-0.2316623319486757,0.9395283938219741,-0.0007094207992550408
38.82794943,-0.15625629481685624,0.8155467370316343,0.04537995514350405
38.83270417,-0.08122753450703099,0.687078257664698,0.0888670807216169
38.83745886,-0.007660758377295636,0.5552240922083103,0.1292815410747831
38.8422136,0.06328349538384795,0.421163033146998,0.16619904768127683
38.84696828,0.1303985168904933,0.2861272771997779,0.1992483065050414
38.85172302,0.1924641928493273,0.15137701052508554,0.22811748527625988
38.85647771,0.24828209734144496,0.018174295433607726,0.2525601901658467
38.8612324,0.2967120448379466,-0.11224325517385177,0.2724008352285108
38.86598714,0.3367091766707421,-0.23868850941994527,0.28753926050090517
38.87074183,0.3673605877325144,-0.36005003152088494,0.2979544316142058
38.87549657,0.38792044222178107,-0.4753159480170864,0.3037070382611749
38.88025125,0.3978424820579547,-0.5835959335857023,0.30494080259293616
38.88500599,0.3968088096943301,-0.6841407992955914,0.3018823136336524
38.88976068,0.38475384248737643,-0.7763591957137222,0.2948392228209355
38.89451542,0.36188240286830636,-0.8598309867697789,0.2841966711187616
38.89927011,0.32868103686180916,-0.9343169048510086,0.2704118704095335
38.9040248,0.28592184371235446,-0.9997641602216404,0.2540068295584749
38.90877954,0.23465834240968556,-1.0563077466544815,0.23555929496437164
38.91353422,0.17621317975528447,-1.1042672598218004,0.21569206015846323
38.91828896,0.1121577780940804,-1.1441391266181542,0.19506088017034484
38.92304365,0.044284308002428774,-1.1765842341387847,0.1743412945851481
38.92779839,-0.025429365049731617,-1.2024110486534052,0.1542147112521418
38.93255308,-0.09486088250371116,-1.2225544292696786,0.1353541264541662
38.93730782,-0.1617896785273376,-1.2380504684855915,0.11840985603248223
38.9420625,-0.22394714193806545,-1.2500078305122972,0.10399562773750923
38.94681719,-0.2790693444302551,-1.2595762029006052,0.09267534374513135
38.95157193,-0.3249509608746139,-1.2679126195187824,0.08495077207741744
38.95632662,-0.3594989762680038,-1.2761465436771506,0.08125037479493295
38.96108136,-0.38078477340712213,-1.285344709351684,0.08191943543942773
38.96583604,-0.3870932256554689,-1.2964767967985016,0.08721161187533624
38.97059079,-0.37696748261265095,-1.3103830584400338,0.09728201470319725
38.97534547,-0.3492482360122187,-1.3277450059419518,0.11218189518113279
38.98010021,-0.30310639057821326,-1.3490602169896384,0.1318550180109047
38.9848549,-0.2380682395212052,-1.3746222209356316,0.15613579055719568
38.98960959,-0.15403245380750108,-1.404506280147678,0.1847492179342886
38.99436433,-0.05127843212959814,-1.438561705010287,0.21731274948577425
38.99911901,0.06953418459160379,-1.476411132920695,0.2533400727975116
39.00387375,0.20737476575053443,-1.5174569736173784,0.29224689354729955
39.00862844,0.36085938207315704,-1.5608949832762475,0.33335871276204365
39.01338318,0.5282763621152111,-1.6057346862024626,0.37592058037230713
39.01813787,0.7076189216602085,-1.6508261232288113,0.41910876999504915
39.02289261,0.8966238847358502,-1.6948921773292054,0.46204428743978787
39.0276473,1.0928153605419466,-1.7365655169866363,0.5038080926818876
39.03240204,1.2935521226628806,-1.7744290148441513,0.5434578759171245
39.03715672,1.496077358336207,-1.8070583520120231,0.5800461760100231
39.04191141,1.6975694203266463,-1.8330654155159387,0.6126395611538747
39.04666615,1.8951922266966459,-1.8511410444178722,0.6403385110010811
39.05142084,2.0861440180687114,-1.8600956832822035,0.6622975587947013
39.05617558,2.2677032987782946,-1.8588965613926662,0.6777451875248768
39.06093026,2.4372709544481244,-1.846700131577459,0.6860029401757977
39.065685,2.5924077459386345,-1.8228786710131135,0.6865032065439595
39.07043969,2.7308666157770225,-1.7870401638832096,0.678805183012513
39.07519443,2.8506194922558508,-1.7390408462450406,0.6626085548524947
39.07994912,2.9498785211685785,-1.678990087654279,0.6377645101049543
39.08470381,3.027111878742364,-1.6072475985907022,0.604283751885916
39.08945854,3.0810545072083846,-1.524413270167397,0.5623412313849735
39.09421323,3.1107142562102585,-1.4313102531653314,0.512277382177206
39.09896797,3.115374003670853,-1.3289621470395536,0.45459570522141995
39.10372266,3.0945903689639067,-1.2185653784823807,0.3899566384146809
39.1084774,3.048189624158022,-1.1014579906181208,0.3191677446209589
39.11323209,2.976261363994964,-0.9790861318942561,0.24317036092059122
39.11798683,2.8791504221092334,-0.8529695293012366,0.16302295799919844
39.12274151,2.757447429992879,-0.7246671607337374,0.07988155033178473
39.1274962,2.6119783158973835,-0.5957442170182232,-0.005022431770996544
39.13225094,2.44379294185688,-0.467741278184704,-0.09040634653792215
39.13700563,2.2541529858790885,-0.3421464343502575,-0.17496211964585592
39.14176037,2.044519099238688,-0.22037087244335393,-0.2573830544048605
39.14651506,1.8165373102915405,-0.10372823893346678,-0.3363910803035938
39.1512698,1.5720246094991126,0.006582111943384816,-0.4107637911133752
39.15602448,1.312953637071104,0.10948805438295582,-0.47936057256630815
39.16077917,1.0414364040042032,0.20405403113776527,-0.5411470883343068
39.16553391,0.7597070051050298,0.2894871310388998,-0.595217395140442
39.1702886,0.47010332124368476,0.3651403128136979,-0.6408130008642547
39.17504334,0.17504774817500535,0.43051322092921707,-0.6773382636524928
39.17979802,-0.12297297767026012,0.48525104013340636,-0.7043716493009045
39.18455276,-0.4214287646973485,0.5291418055330204,-0.7216725089489752
39.18930745,-0.7177678612255683,0.5621125312849836,-0.7291831992206932
39.19406219,-1.009439154740763,0.5842244510246172,-0.7270265334847559
39.19881688,-1.293914965480786,0.5956675848468557,-0.7154987185977927
39.20357162,-1.5687142130765224,0.5967547683053156,-0.6950580894826487
39.2083263,-1.831425813786598,0.5879152047846439,-0.6663100967419119
39.21308099,-2.0797321361292758,0.5696875385838449,-0.6299891224762675
39.21783573,-2.311432308160964,0.5427123953370234,-0.5869377900573133
39.22259042,-2.5244651343604074,0.5077243007240265,-0.538084491066745
39.22734516,-2.716931346976712,0.46554286844253856,-0.4844198764092212
39.23209985,-2.8871148875453136,0.4170631441008056,-0.42697305047813777
39.23685459,-3.033502890861174,0.36324500254976283,-0.36678817005380315
39.24160927,-3.1548040289734978,0.30510152126749324,-0.3049020869222407
39.24636396,-3.2499648708001794,0.24368629018845367,-0.24232358985604782
39.2511187,-3.318183927709534,0.18007966633325956,-0.18001470415292486
39.25587344,-3.358923088863372,0.11537403621308412,-0.11887440313392447
39.26062813,-3.371916200514658,0.05065820629266042,-0.05972498338858391
39.26538282,-3.357174604618894,-0.012998901720122687,-0.003301259831043921
39.27013756,-3.314989514567434,-0.07456502096722663,0.04975734952863486
39.27489224,-3.245931159974509,-0.13306149740465534,0.09891185663102879
39.27964698,-3.1508446723817167,-0.1875801169814575,0.14372593401413417
39.28440167,-3.030842709376304,-0.23729944981680928,0.18386549381408052
39.28915641,-2.8872948305703305,-0.28150033435631466,0.21909583685977033
39.2939111,-2.7218136518456526,-0.3195801099778086,0.2492766614803565
39.29866584,-2.5362378205312996,-0.35106520389477747,0.2743552797754416
39.30342052,-2.332611877876428,-0.3756216887184569,0.29435843044517135
39.30817521,-2.1131631073652963,-0.39306345143621135,0.3093830977294202
39.31292995,-1.8802755065234966,-0.40335765311041344,0.31958674603442866
39.31768464,-1.6364610635691776,-0.4066272110883804,0.325177363666941
39.32243938,-1.3843285677351855,-0.4031501012597553,0.32640368178555423
39.32719407,-1.1265502350217587,-0.3933553557133133,0.32354589852455107
39.3319488,-0.8658264927899582,-0.3778157191695311,0.31690719101303993
39.33670349,-0.60484933938639,-0.35723702303916205,0.3068062346091078
39.34145823,-0.3462647779315165,-0.3324444350987994,0.29357086628581136
39.34621292,-0.09263491079076802,-0.3043658409813425,0.27753293298989623
39.35096761,0.15359963649159764,-0.27401270611664547,0.2590242709611002
39.35572235,0.3901562263018308,-0.24245884901713818,0.23837368813434182
39.36047704,0.6149448766703686,-0.21081762534420376,0.21590478385653392
39.36523177,0.8261002929703076,-0.18021807452346145,0.1919344411049696
39.36998646,1.0220104878930876,-0.1517806153407046,0.16677185567095426
39.3747412,1.2013412618000465,-0.12659289321954498,0.14071800537379006
39.37949589,1.3630558906036025,-0.10568637918717848,0.11406549127742545
39.38425063,1.5064294630417503,-0.09001429801523876,0.08709869137605024
39.38900532,1.6310574136135683,-0.08043141973101946,0.06009415694716399
39.39376,1.7368579029261366,-0.07767618439027058,0.033321164017411926
39.39851474,1.8240678004703126,-0.08235554605868915,0.00704232008455317
39.40326943,1.8932321295250656,-0.09493282200299802,-0.018485873888246736
39.40802417,1.9451869485195534,-0.11571872314614785,-0.04301259630180096
39.41277886,1.9810357768815487,-0.14486562956948096,-0.06629249025410093
39.4175336,2.002119831775611,-0.18236506828377913,-0.08808573062094478
39.42228828,2.009982524738629,-0.22804825660146513,-0.10815843887347147
39.42704302,2.0063288667802435,-0.28158949797977956,-0.12628350941000763
39.43179771,1.9929806340049505,-0.34251216026103903,-0.14224190365398687
39.4365524,1.9718283370760012,-0.4101969286734926,-0.15582445036043904
39.44130714,1.9447812006185528,-0.48389200638237695,-0.16683416097771905
39.44606183,1.9137164790436578,-0.5627249319224533,-0.17508902956783132
39.45081657,1.8804295033457257,-0.6457156934476813,-0.18042524213443403
39.45557125,1.8465858640413484,-0.7317908422343163,-0.18270067602144116
39.46032599,1.8136770884143287,-0.8197983399590931,-0.18179853295993953
39.46508068,1.7829810703542082,-0.90852291331735,-0.17763092613890646
39.46983542,1.755528367312702,-0.9967017323957441,-0.17014223765763656
39.47459011,1.7320753028496683,-1.0830402722088222,-0.15931207957496266
39.4793448,1.7130846168339615,-1.1662282561344075,-0.14515772613388028
39.48409954,1.6987141987831527,-1.244955612162111,-0.12773592852810287
39.48885422,1.6888142302890157,-1.3179283950865979,-0.10714406641704663
39.49360896,1.682932854271568,-1.3838846380632794,-0.08352062319430847
39.49836365,1.6803302841880905,-1.441610094431177,-0.05704499004291779
39.50311839,1.6800010665532574,-1.4899538159452348,-0.027936608151671833
39.50787308,1.680704016090993,-1.5278434886186512,0.0035465444483310043
39.51262782,1.6809991550390877,-1.5543004155037756,0.03711011578607467
39.5173825,1.679290806327273,-1.5684540006735799,0.07242617753191634
39.52213719,1.6738758138629029,-1.5695555539887809,0.10913661981030451
39.52689193,1.6629956924266547,-1.5569912050962758,0.14685707471751167
39.53164662,1.6448913483509477,-1.5302936901808104,0.18518126929546486
39.53640136,1.6178588681372723,-1.4891527583864514,0.22368568774077754
39.54115604,1.5803047570617117,-1.4334239377997517,0.26193441748430046
39.54591079,1.5307989372991349,-1.3631354037328118,0.29948406581762044
39.55066547,1.4681237991302862,-1.2784927042667336,0.3358886597913137
39.55542021,1.3913176519473196,-1.1798811185953635,0.3707044751380288
39.5601749,1.2997110533887977,-1.0678654511734795,0.4034947703889672
39.56492959,1.192954708842409,-0.9431870970162319,0.4338344207363277
39.56968433,1.071037925498521,-0.8067582482853518,0.46131444729835713
39.57443901,0.9342969610652286,-0.6596531474064453,0.48554642326617276
39.57919375,0.7834130038897706,-0.5030963268713651,0.5061667177121637
39.58394844,0.6193999295227393,-0.33844781280937386,0.5228405218408593
39.58870318,0.44358236913298815,-0.16718531341215495,0.5352655996290261
39.59345787,0.2575649726623035,0.00911652913103726,0.5431757178766138
39.59821256,0.06319403731749618,0.1888096678829196,0.5463437365549855
39.6029673,-0.13748710800316097,0.37019870836751795,0.5445843713849822
39.60772198,-0.3422874203211339,0.5515691236854768,0.5377566668947855
39.61247672,-0.5489205342457897,0.7312171286137886,0.5257662307827091
39.61723141,-0.7550585743508265,0.9074805832231587,0.5085672747726517
39.62198615,-0.9583857638634589,1.0787701765148174,0.48616448536066775
39.62674084,-1.1566502811875,1.2436000429450609,0.4586147168510123
39.63149558,-1.3477129316666725,1.400616898971258,0.4260284663441191
39.63625026,-1.5295913526418732,1.548626759086405,0.3885710604721342
39.641005,-1.7004986513636637,1.6866183045587615,0.34646345809887474
39.64575969,-1.8588755833333728,1.8137820346829396,0.29998255146089386
39.65051438,-2.0034156074341687,1.929524429557815,0.2494608291602627
39.65526912,-2.13308239697488,2.0334764932389824,0.1952852476352891
39.6600238,-2.247119634847418,2.1254962227465652,0.13789514598564567
39.66477855,-2.345053167580452,2.2056647561281393,0.07777903956667967
39.66953323,-2.426685827316641,2.274276183735819,0.01547015005291036
39.67428797,-2.4920854427278796,2.331821250926061,-0.04845942009930439
39.67904266,-2.5415667404103393,2.3789654254186043,-0.11340588407893921
39.68379735,-2.5756679789722257,2.4165220356255137,-0.1787422584384895
39.68855209,-2.5951232517945173,2.445421395121361,-0.2438279610247915
39.69330677,-2.600831438076242,2.4666770020487987,-0.30801924194319313
39.69806151,-2.5938227796476068,2.481350029878368,-0.3706800925709578
39.7028162,-2.5752240270746936,2.490513396098228,-0.4311932318767042
39.70757094,-2.5462230530172354,2.4952166974791554,-0.48897076558454056
39.71232563,-2.508033792120098,2.496453229144955,-0.5434641514735373
39.71708037,-2.4618623438052127,2.495130163761186,-0.5941731699673876
39.72183506,-2.408875063661735,2.4920427706273056,-0.6406536728370344
39.7265898,-2.350169457266929,2.4878533228603943,-0.6825239470500806
39.73134448,-2.2867486590097723,2.483075097068342,-0.7194695785532695
39.73609917,-2.2195002108517925,2.4780616358505725,-0.7512467358827483
39.74085391,-2.1491797417809186,2.4730012376102053,-0.7776838254437998
39.7456086,-2.0763999880664854,2.467916472862236,-0.7986815073752361
39.75036334,-2.001625397451112,2.4626684054299286,-0.8142111058964573
39.75511802,-1.9251723438643924,2.456965116386506,-0.8243114982584341
39.75987271,-1.847214761206428,2.450374079148805,-0.8290846168047835
39.76462745,-1.767794799900119,2.442337905637959,-0.8286897451127511
39.76938214,-1.6868379278346544,2.4321929669255153,-0.8233368302764235
39.77413688,-1.6041717445783104,2.419190380032476,-0.8132790689901508
39.77889157,-1.5195476608929612,2.4025188406527676,-0.7988050531512437
39.78364631,-1.4326645220345502,2.3813287678277812,-0.7802307757693202
39.78840099,-1.3431932298862825,2.354757212339113,-0.7578917939096256
39.79315573,-1.2508014500104974,2.3219529689497995,-0.7321358199230835
39.79791042,-1.1551775752368791,2.2821013274716853,-0.7033159686120587
39.80266516,-1.0560532505714333,2.234447903230503,-0.6717848331408289
39.80741985,-0.9532239290525688,2.1783210080209403,-0.6378895039064514
39.81217454,-0.8465671000371099,2.1131520608196936,-0.6019675879019399
39.81692927,-0.7360579816952293,2.038493593234302,-0.5643442334537531
39.82168396,-0.6217825744256066,1.9540344747953506,-0.5253301152543487
39.8264387,-0.5039480213048295,1.8596120627811576,-0.4852202857590339
39.83119339,-0.38289022262697386,1.7552210648848148,-0.4442937539274714
39.83594813,-0.2590786239542323,1.6410189857836588,-0.40281361856474807
39.84070282,-0.1331180638035822,1.5173281067740345,-0.3610275686576265
39.8454575,-0.005747544994538335,1.3846340191061226,-0.31916856860060056
39.85021224,0.12216420981794937,1.2435807965977983,-0.2774555671577021
39.85496693,0.24962654213343582,1.0949629528992086,-0.23609409889178515
39.85972167,0.375538070940408,0.9397143844395419,-0.19527668152509065
39.86447636,0.49870137326331665,0.7788945511906045,-0.1551829506538967
39.8692311,0.6178410988769648,0.6136721923823741,-0.11597951323434062
39.87398578,0.7316253961615448,0.4453069116963831,-0.07781954097644257
39.87874052,0.8386904191879164,0.2751289956172442,-0.040842160441369825
39.88349521,0.9376675671687575,0.104517849799143,-0.005171723855529349
39.8882499,1.0272129833559795,-0.06512054780372473,0.029082939717015144
39.89300464,1.1060387196563461,-0.23237677083081915,0.061829189698477026
39.89775933,1.1729448646941414,-0.39586123711154614,0.09299105944540048
39.90251407,1.2268518453491164,-0.5542272635856478,0.12250947972276739
39.90726875,1.2668320514244171,-0.7061934820395821,0.15034217742757955
39.91202349,1.292139903117815,-0.8505652215618863,0.17646320930623488
39.91677818,1.302239480888231,-0.9862544740401966,0.20086211462818387
39.92153292,1.2968288641245436,-1.1122980733325947,0.22354269540526872
39.92628761,1.2758603749167836,-1.2278737377978548,0.24452145675338788
39.9310423,1.2395559932480635,-1.3323136503784043,0.26382576258089724
39.93579704,1.1884172989320945,-1.4251152809663503,0.28149178217372467
39.94055172,1.1232294040992814,-1.5059491927040978,0.29756232018917284
39.94530646,1.0450584690223577,-1.5746636174226767,0.3120846337915231
39.95006115,0.9552425441020432,-1.6312856360087564,0.3251083430506881
39.95481589,0.8553756515159463,-1.6760188575662,0.3366835321098064
39.95957058,0.7472852099585908,-1.7092375565038318,0.3468591202438046
39.96432532,0.6330031119639911,-1.731477297417021,0.35568155916166627
39.96908,0.5147309792599878,-1.7434221510899475,0.3631938928451174
39.97383469,0.3948003368059119,-1.7458886785812302,0.369435203438136
39.97858943,0.2756286459876096,-1.7398069327965042,0.37444046042620477
39.98334412,0.1596723060947936,-1.7261987980830713,0.3782407851582323
39.98809886,0.04937785754598429,-1.7061540587500361,0.38086413193380136
39.99285354,-0.052867307923373526,-1.6808046577225035,0.3823363651398491
39.99760823,-0.1447834094202344,-1.651297677526866,0.3826826761322709
40.00236297,-0.22424463137714326,-1.6187676477044937,0.3819292332363895
40.00711766,-0.28932218278934485,-1.5843088537497674,0.38010489813876686
40.0118724,-0.33832300876082555,-1.5489483876973957,0.3772427845422964
40.01662709,-0.369823266831591,-1.5136207316103316,0.37338139875615806
40.02138183,-0.3826958612202744,-1.4791446932376007,0.36856510496340755
40.02613651,-0.37613151226786057,-1.4462035094059533,0.3628437103694885
40.03089125,-0.3496530177357758,-1.4153288909231179,0.3562710649736877
40.03564594,-0.303122533742032,-1.3868896998646394,0.34890270282357755
40.04040068,-0.23674186684199053,-1.361085826660667,0.34079269338401974
40.04515537,-0.15104592855046753,-1.3379476744174483,0.3319899967193846
40.04991006,-0.04688966323743454,-1.3173414684305147,0.32253469990309347
40.0546648,0.07457107855659656,-1.2989803989212505,0.3124545371740937
40.05941948,0.21190408906894154,-1.2824413842234972,0.3017620589894158
40.06417422,0.36342998968546236,-1.267187018735818,0.2904527283956502
40.06892891,0.527255135734678,-1.252592052600794,0.2785041142945853
40.07368365,0.7013072168838483,-1.2379735454797443,0.26587625136573234
40.07843834,0.8833724668556845,-1.2226236524936887,0.25251316819052405
40.08319302,1.0711333782099306,-1.2058438445054322,0.2383455546046919
40.08794776,1.2622058444967084,-1.1869792457952366,0.22329453597066254
40.09270245,1.4541747177727156,-1.1654516980337797,0.2072765246361497
40.09745719,1.644626868007518,-1.1407901380538306,0.19020910405066566
40.10221188,1.8311809581050056,-1.1126569152895558,0.1720178523833809
40.10696662,2.0115133020634257,-1.0808687782107642,0.15264392676450284
40.1117213,2.1833793522023512,-1.04541142972519,0.13205211836905792
40.11647599,2.3446305608382234,-1.006446786977029,0.1102389758744309
40.12123073,2.493226576944963,-0.9643123739511811,0.08724050657889688
40.12598542,2.627242962185639,-0.919512613782453,0.06313891992739097
40.13074016,2.744874834442253,-0.8727021554757722,0.03806788408047989
40.13549485,2.844437060268009,-0.8246617475336274,0.012215818017506729
40.14024959,2.9243618096502297,-0.7762675376700813,-0.01417317014141377
40.14500427,2.983194446683196,-0.7284550119002264,-0.0408009722246006
40.14975901,3.019588848714519,-0.6821790671946372,-0.06731993260272422
40.1545137,3.032303315457007,-0.6383719210008466,-0.09334004482945712
40.15926839,3.020198239881025,-0.5979006832837889,-0.11843870465264127
40.16402313,2.9822366564575193,-0.561526442897749,-0.14217266042418183
40.16877782,2.9174886542769882,-0.5298666481294368,-0.16409164199161916
40.17353256,2.8251404430114744,-0.5033623977812558,-0.1837530183917831
40.17828724,2.7045085956312285,-0.4822520189379336,-0.2007367514241753
40.18304198,2.555059675938701,-0.4665520113452524,-0.2146598907857944
40.18779667,2.376435108195596,-0.456046109833505,-0.22518990173116857
40.19255141,2.1684807812296953,-0.4502828786597531,-0.23205621996147516
40.1973061,1.9312805254348953,-0.4485819244349176,-0.235059570659104
40.20206078,1.6651922844801166,-0.45004851058635176,-0.23407874362641246
40.20681552,1.370885545736193,-0.45359608255473843,-0.2290746612809885
40.21157021,1.0493784051742174,-0.4579759710174003,-0.22009169692043273
40.21632495,0.7020725243777297,-0.4618133308397768,-0.20725629456122122
40.22107964,0.3307841854722911,-0.46364819750075675,-0.19077301461848714
40.22583438,-0.06223033899754391,-0.46198040301879506,-0.17091819111154505
40.23058907,-0.4742568115626404,-0.455316992865271,-0.14803144470873855
40.23534375,-0.902114028942276,-0.44222072597322276,-0.12250535743388215
40.24009849,-1.3421551853300053,-0.42135822212510576,-0.09477368056975807
40.24485318,-1.790280752040994,-0.39154634385580706,-0.06529851372267201
40.24960792,-2.2419637410785263,-0.3517954620216691,-0.03455695238242938
40.25436261,-2.6922878925061933,-0.3013483533012174,-0.003027743292671071
40.25911735,-3.1359989581980243,-0.23971361094454752,0.02882149865025185
40.26387204,-3.567568853571114,-0.16669261229346188,0.06054597854988487
40.26862677,-3.9812720247377062,-0.08239927178432713,0.09173383843616245
40.27338146,-4.371272946340972,0.01272799037139855,0.12201431757813698
40.27813615,-4.731723243620267,0.1179224223431707,0.15106368788356572
40.28289089,-5.056866540188893,0.23209340117176155,0.17860882848865497
40.28764558,-5.341148788122891,0.3538391100836143,0.2044284387749593
40.29240032,-5.579331553608638,0.48146715747230534,0.22835201486974718
40.297155,-5.766605520355177,0.6130226689038016,0.25025682166923574
40.30190974,-5.898701341636881,0.7463232061933813,0.2700631744672285
40.30666443,-5.971994924461159,0.8789997096340323,0.28772839870406247
40.31141917,-5.9836042673507475,1.0085425233524923,0.30323986386335183
40.31617386,-5.931475095395684,1.1323514517632958,0.3166074921617903
40.32092854,-5.814452738757435,1.247788709305246,0.3278561309470981
40.32568329,-5.632337977035911,1.352233568001634,0.33701815655514644
40.33043797,-5.385924912683668,1.4431374793334506,0.3441266514072679
40.33519271,-5.077019331562552,1.5180784489833767,0.34920946611754866
40.3399474,-4.708436447443019,1.5748134742992017,0.3522844414869288
40.34470214,-4.283977399976681,1.611327912268075,0.353356016792144
40.34945683,-3.8083843728029287,1.6258807264321142,0.35241338676969236
40.35421151,-3.287274709713452,1.6170446599129458,0.3494302895154056
40.35896625,-2.727054920936064,1.5837404941662767,0.3443664153804491
40.36372094,-2.1348159767288606,1.5252646757457495,0.33717033154913423
40.36847568,-1.518211769833504,1.4413097239026975,0.3277837294236537
40.37323037,-0.8853230810441843,1.331976969181779,0.31614673263158705
40.37798511,-0.24450979381048796,1.1977813171546536,0.3022039592296921
40.3827398,0.39574553336321516,1.0396478824719992,0.28591101400005325
40.38749448,1.0269993206112236,0.8589004969543844,0.2672410918655513
40.39224922,1.6410101850980536,0.6572422614765541,0.24619139391594164
40.39700391,2.2298998868395183,0.436728484007959,0.2227890843562813
40.40175865,2.7863080667966407,0.19973252306391304,0.19709654189350442
40.40651334,3.303536831904857,-0.05109476691496653,0.16921567842626317
40.41126808,3.7756813293947693,-0.31287111937335604,0.13929111311470296
40.41602276,4.19774264782186,-0.5825334383817685,0.10751200893919169
40.4207775,4.565719692682711,-0.856891706242059,0.07411241323830801
40.42553219,4.8766771169079535,-1.132684922692626,0.03937000323438817
40.43028688,5.128786945887447,-1.4066376951367459,0.003603224336766144
40.43504162,5.321342224971464,-1.6755160509754514,-0.03283308583568777
40.4397963,5.454741830108784,-1.9361810401388109,-0.0695533895465049
40.44455105,5.530446503526567,-2.1856387435636995,-0.10614817504968406
40.44930573,5.550907174066029,-2.4210854052694493,-0.1421913883449515
40.45406047,5.519467646178241,-2.6399465626814673,-0.17724823899821437
40.45881516,5.440244729120855,-2.839909258712926,-0.2108830813633919
40.46356985,5.317989760561298,-3.0189466719703844,-0.24266712572530275
40.46832459,5.157936195869515,-3.1753347868464945,-0.2721857886703262
40.47307927,4.96563844192392,-3.3076610301100664,-0.299045533363692
40.47783401,4.74680738797079,-3.4148251111738657,-0.32288007188723294
40.4825887,4.507148118692734,-3.496032604538694,-0.34335580732410337
40.48734344,4.252205092764576,-3.550782088283642,-0.36017639501704934
40.49209813,3.987219652973143,-3.578846885052982,-0.37308631467373204
40.49685282,3.7170041315744404,-3.580252627784205,-0.3818733771970594
40.50160756,3.4458360647629447,-3.5552519825200455,-0.38637014286886684
40.50636224,3.1773751752272297,-3.5042979015559186,-0.3864542934760483
40.51111698,2.914604867234008,-3.428016752713646,-0.38204806947561804
40.51587167,2.6597990522032378,-3.3271825785590696,-0.37311694539963597
40.52062641,2.4145142301319575,-3.2026935894504476,-0.359667767493398
40.5253811,2.179605930169429,-3.0555517962236958,-0.34174661454920036
40.53013579,1.9552678842425397,-2.886846455166265,-0.31943666237830054
40.53489052,1.741091679445988,-2.697741744358143,-0.2928563281871912
40.53964521,1.53614410919244,-2.4894688300742356,-0.2621579375659844
40.54439995,1.3390590201515506,-2.2633222257586594,-0.2275270935394168
40.54915464,1.1481401343288875,-2.0206601028719744,-0.18918284199473676
40.55390938,0.9614711179438719,-1.762907990458367,-0.14737863502055615
40.55866407,0.7770290757872974,-1.4915651062826347,-0.10240400881068956
40.56341881,0.5927976734545064,-1.2082124047615792,-0.05458682687081105
40.56817349,0.40687622733293527,-0.9145213135775773,-0.004295894887501136
40.57292818,0.21758134486973466,-0.6122620690244321,0.04805627562895634
40.57768292,0.023538032014869786,-0.30331055519358413,0.10201080348752337
40.58243761,-0.17624240527466645,0.010347393712297108,0.15706015412514196
40.58719235,-0.38229986911550046,0.32661515779664,0.2126465557783044
40.59194704,-0.5946800765090745,0.6432887330451306,0.26816147279671726
40.59670177,-0.8129074073076002,0.9580649453759262,0.32294651316718437
40.60145646,-1.03597656972549,1.2685548362606942,0.37629613412191815
40.60621115,-1.262363089427052,1.5723023543560737,0.42746245638697905
40.61096589,-1.4900520705654188,1.8668082636361745,0.47566240777066576
40.61572058,-1.7165841485842523,2.149558961827424,0.5200873019155501
40.62047532,-1.93911706818734,2.4180596991750485,0.5599148315511292
40.62523,-2.1545008856195618,2.669871502095341,0.5943233274180174
40.62998474,-2.3593644216593472,2.902650943620857,0.6225080091116048
40.63473943,-2.5502102909308344,3.1141917657902076,0.6436988348747923
40.63949412,-2.723515615053043,3.3024672500371204,0.6571794478206785
40.64424886,-2.875835400240684,3.4656721515961038,0.6623066238746766
40.64900354,-3.0039055278045357,3.6022629650919047,0.6585295621871237
40.65375828,-3.104742366106347,3.7109952741313066,0.6454083308265971
40.65851297,-3.175736157322767,3.7909569617156045,0.6226307922653981
40.66326771,-3.2147355510045568,3.8415961237146896,0.5900273793146511
40.6680224,-3.220120936838036,3.862742635864791,0.547583160767878
40.67277714,-3.190864560466897,3.854622475182584,0.49544671319666594
40.67753183,-3.126575781559806,3.8178640865369275,0.4339353918535465
40.68228651,-3.0275302496948573,3.7534963088615174,0.36353666985423805
40.68704125,-2.8946822307519726,3.662937624635123,0.28490530098569633
40.69179594,-2.7296598124569216,3.547976760243964,0.19885617195730249
40.69655068,-2.5347432443922067,3.410744933075047,0.1063528538631803
40.70130537,-2.3128272076009493,3.2536803048821743,0.008492036720124411
40.70606006,-2.067368333660715,3.07948545347295,-0.09351578154826609
40.7108148,-1.802319765123877,2.8910789103056937,-0.19836880348216765
40.71556948,-1.5220549263786196,2.6915420231132554,-0.3046989456928096
40.72032422,-1.2312829199185258,2.4840625800251335,-0.41109856752795226
40.72507891,-0.9349580597480606,2.2718767616808146,-0.5161480737748888
40.72983365,-0.6381860096951362,2.0582110572329615,-0.6184435401929153
40.73458834,-0.3461288423475056,1.846225779456203,-0.7166235341204337
40.73934302,-0.06391111805032007,1.638961740090032,-0.8093943583018105
40.74409776,0.2034711585279782,1.439291501765195,-0.8955530389393842
40.74885245,0.45123709197463435,1.249876414664423,-0.9740075116159909
40.75360719,0.6749015899844594,1.0731303851055858,-1.0437936232710117
40.75836188,0.8703490695678892,0.9111910233426056,-1.1040887441230938
40.76311662,1.0338992916369594,0.7658984959942259,-1.1542219445925297
40.7678713,1.1623646838380368,0.6387820833716674,-1.1936808198622924
40.77262599,1.253098746911359,0.5310541316220091,-1.2221151324446886
40.77738073,1.3040353521068118,0.4436108094162702,-1.2393374946735694
40.78213542,1.3137189085278673,0.37703884169464663,-1.245321336096742
40.78689016,1.2813254970579848,0.33162721021133823,-1.240196404485788
40.79164485,1.2066751327200536,0.3073826922919631,-1.2242420449073388
40.79639959,1.0902353461846193,0.30404806135418433,-1.1978785004451242
40.80115427,0.9331162916891853,0.3211217947121654,-1.1616564861765806
40.80590901,0.7370576129055958,0.3578782183290637,-1.1162453003474961
40.8106637,0.5044073375385102,0.413387152003232,-1.0624197431047613
40.81541839,0.23809311878189449,0.48653228776335405,-1.0010461072967511
40.82017313,-0.05841381701469024,0.5760277256274275,-0.933067490710648
40.82492782,-0.38114163298714826,0.680432293183566,-0.859488663142528
40.82968256,-0.7256673644332347,0.7981614799173623,-0.7813607100606266
40.83443724,-1.087172531245856,0.9274970168232798,-0.6997656637678498
40.83919193,-1.4605044812581003,1.06659432051179,-0.6158013129528178
40.84394667,-1.8402430356598662,1.2134881932580168,-0.5305663440904796
40.84870136,-2.2207719500308385,1.366097321316224,-0.44514591431892625
40.8534561,-2.596354619726304,1.522228238932575,-0.3605976968179309
40.85821079,-2.9612133508275815,1.6795795206106356,-0.2779383931494235
40.86296552,-3.3096113937936273,1.835747025058847,-0.19813068669603834
40.86772021,-3.635936803368548,1.988231036780226,-0.12207062392928862
40.87247495,-3.934787053101929,2.1344461323374233,-0.0505754540082832
40.87722964,-4.201053204307602,2.271734536822842,0.015627976715895574
40.88198438,-4.430002315263977,2.397383633410988,0.07591410396988053
40.88673907,-4.61735668399296,2.5086481488662744,0.1297685587837991
40.89149375,-4.759368453602067,2.6027773660281217,0.17679682518415077
40.89624849,-4.852888079124311,2.677047517044057,0.21673133015476975
40.90100318,-4.895425164234278,2.7287992953518287,0.24943666099703393
40.90575792,-4.885200228548194,2.755480197228309,0.27491264041383645
40.91051261,-4.82118606271869,2.754691172229217,0.2932950457940608
40.9152673,-4.703137468336688,2.724236832782688,0.3048538270717481
40.92002204,-4.531608359469391,2.662178252861544,0.3099887493976481
40.92477672,-4.307955416737697,2.5668871803525866,0.3092224589945165
40.92953146,-4.034327725819173,2.437100304483287,0.3031910429004177
40.93428615,-3.7136420931035765,2.271972066420594,0.29263222608086953
40.93904089,-3.3495440070770335,2.071124386276021,0.27837141966459933
40.94379558,-2.9463545029005727,1.8346916108517575,0.26130589508532515
40.94855026,-2.509003489559328,1.5633589693550214,0.24238740300562941
40.953305,-2.042950413803466,1.2583928625137324,0.22260357815350443
40.95805969,-1.554093460480479,0.9216614053773474,0.2029584714032887
40.96281443,-1.0486688182273152,0.555643795120039,0.18445253308866164
40.96756912,-0.5331418611526988,0.16342728072959498,0.16806234542535403
40.97232386,-0.014092394569538568,-0.2513092305719612,0.15472037912793285
40.97707855,0.5019036330700549,-0.6843255873314049,0.14529504223654577
40.98183328,1.0083933570432952,-1.1308651305771682,0.1405713056695629
40.98658797,1.4991644487508793,-1.5857136588689855,0.14123222949274267
40.99134266,1.968358044004688,-2.0432720969044884,0.14784176700948568
40.9960974,2.4105744453534133,-2.4976418904734694,0.16082927522721807
41.00085209,2.8209690270495074,-2.9427216918200783,0.18047619299699802
41.00560683,3.1953359803210177,-3.372313453850482,0.20690534839424582
41.01036151,3.5301778178114342,-3.780235641033801,0.2400733190467072
41.01511625,3.8227589008469627,-4.1604409117626755,0.2797661977135012
41.01987094,4.0711416519680705,-4.507135352135629,0.3255990228397871
41.02462563,4.2742045584672015,-4.8148961618851995,0.3770190339549424
41.02938037,4.4316415517757815,-5.07878462260511,0.43331281376617103
41.03413506,4.5439428539404725,-5.294451225542964,0.49361728451316994
41.0388898,4.612357906330259,-5.458230005709354,0.5569344325808153
41.04364448,4.638841523749383,-5.567219419900366,0.6221495387544926
41.04839922,4.625984930017872,-5.619347509974442,0.6880525901292507
41.05315391,4.5769338026481305,-5.613419592574594,0.7533624451615268
41.05790865,4.495295853290539,-5.549147287712356,0.8167532212600577
41.06266334,4.385040766043034,-5.427158310152773,0.8768822834747844
41.06741802,4.250395483428699,-5.248987064812412,0.9324191430707882
41.07217276,4.0957378588099465,-5.017046675970809,0.982074534960068
41.07692745,3.925491589054358,-4.734583608884827,1.0246289401554463
41.08168219,3.7440251215976956,-4.405616486249408,1.0589598566475893
41.08643688,3.5555569242267473,-4.0348610442620565,1.084067194344879
41.09119162,3.364069145135476,-3.6276434076428985,1.099096261895338
41.09594631,3.1732313025874834,-3.189803994008334,1.1033579046103383
41.10070099,2.9863352478786886,-2.727594397557228,1.096345425901506
41.10545573,2.806242255157961,-2.247569566363603,1.077747973017696
41.11021042,2.635342716170301,-1.7564774938977845,1.0474600974081596
41.11496516,2.475528565831898,-1.2611485100576851,1.00558722520994
41.11971985,2.3281782454560975,-0.768386094767714,0.952446810309936
41.12447459,2.1941537346277924,-0.28486096090214874,0.8885650035233327
41.12922927,2.0738089584741313,0.1829900270860209,0.814668762993765
41.13398396,1.9670087075060492,0.6290587106002623,0.731673452882407
41.1387387,1.8731570882261208,1.0476530554574235,0.640666122765171
41.14349339,1.7912344443150945,1.433576084704669,0.5428848146426412
41.14824813,1.7198416385409883,1.7821954417495864,0.43969438862802607
41.15300282,1.6572505548884153,2.0895028568336738,0.3325594730825436
41.15775756,1.6014596630198465,2.3521629394815484,0.22301521875764108
41.16251224,1.5502534805881354,2.5675508610271986,0.11263657075410355
41.16726698,1.501264772313426,2.7337786261527426,0.003006780025753347
41.17202167,1.4520383374099985,2.8497097646380936,-0.10431412495456932
41.17677636,1.400095257438508,2.9149624092557223,-0.20782018465586863
41.1815311,1.342996503007415,2.929900866783469,-0.3060889490212921
41.18628578,1.2784048285303429,2.895615937911423,-0.39780879592403523
41.19104052,1.2041439193803474,2.813894397497289,-0.4818034441920165
41.19579521,1.1182537964563442,2.687178206419317,-0.557053045399858
41.20054995,1.0190415311204601,2.5185141862191114,-0.6227113418426964
41.20530464,0.9051263802093739,2.311495043416509,-0.678118509254492
41.21005938,0.7754785176426036,2.0701927775826765,-0.7228094491767052
41.21481407,0.6294506178392416,1.7990856420572447,-0.7565174445747831
41.2195688,0.4668016397446626,1.5029799447462502,-0.779173234204131
41.22432349,0.2877122726778268,1.1869280748143052,-0.7908996917949109
41.22907818,0.09279163990612245,0.8561442155069903,-0.7920024133913339
41.23383292,-0.11692498565654427,0.5159192505221891,-0.7829566180647577
41.23858761,-0.3399875184825375,0.17153638859984738,-0.7643908504910243
41.24334235,-0.574551316854061,-0.1718109839039653,-0.7370680352479567
41.24809704,-0.8184060172434648,-0.5090977614843405,-0.7018644705255334
41.25285177,-1.069012396594911,-0.835540511542855,-0.6597473640857743
41.25760646,-1.3235465135872249,-1.1466645402551134,-0.6117515095431855
41.26236115,-1.578950201154396,-1.438363522131455,-0.5589556800633033
41.26711589,-1.8319868332886642,-1.7069507612196964,-0.5024592834919375
41.27187058,-2.0793011771174275,-1.9492013538070438,-0.4433597822293377
41.27662532,-2.3174820709203563,-2.162384743053726,-0.38273133735945847
41.28138,-2.5431266404350996,-2.3442873896819836,-0.3216050928930105
41.28613474,-2.75290477564573,-2.4932255235927867,-0.26095147312782246
41.29088943,-2.943622630957937,-2.6080481822763257,-0.20166482150154955
41.29564417,-3.1122839731080623,-2.6881309755514233,-0.14455065768742845
41.30039886,-3.2561482716483003,-2.7333612343375533,-0.09031576522040163
41.30515354,-3.372784496257951,-2.7441153951444868,-0.03956124120599012
41.30990829,-3.4601196487121495,-2.7212296328446897,0.007221456118018096
41.31466297,-3.5164811174355832,-2.6659648738123645,0.049651531051181357
41.31941771,-3.5406320067273684,-2.579967393505999,0.0874571192177125
41.3241724,-3.531798670062904,-2.465226224296855,0.12047107004511873
41.32892714,-3.489689775004491,-2.3240285718986478,0.1486245874191939
41.33368183,-3.4145063507367057,-2.1589143664829256,0.1719391249266816
41.33843651,-3.306942418901702,-1.9726309642213382,0.1905169591432469
41.34319125,-3.1681759817083974,-1.7680888752194894,0.2045308691004525
41.34794594,-2.999850333762029,-1.5483192347573242,0.21421333610498053
41.35270068,-2.8040458709312555,-1.3164335673039143,0.2198456484082214
41.35745537,-2.5832427864763527,-1.075586227129812,0.22174725140343943
41.36221011,-2.340275267176041,-0.8289397435723064,0.22026562734784386
41.3669648,-2.078278024842199,-0.5796331583695555,0.21576692160354383
41.37171954,-1.800626214423997,-0.33075331983504425,0.20862745969917712
41.37647422,-1.510869990729036,-0.08530899556930907,0.19922622768593926
41.38122891,-1.2126651329723797,0.15379241695954915,0.18793832456080176
41.38598365,-0.9097013114820967,0.3837658633511788,0.17512934580732537
41.39073834,-0.6056296767720837,0.6019676084878743,0.16115062359083276
41.39549308,-0.3039915129293557,0.8059125514921996,0.1463352297700985
41.40024776,-0.008149712533931413,0.9932902082766026,0.13099463808969455
41.4050025,0.27877520103552167,1.1619796633391248,0.11541593787030904
41.40975719,0.5539628550150529,1.3100637480515203,0.09985949252501897
41.41451193,0.814943085004192,1.4358426454220328,0.08455694484967428
41.41926662,1.0596369075028615,1.5378470553915853,0.06970949105512969
41.42402136,1.2863872560109157,1.6148509833339988,0.05548637899432974
41.42877604,1.4939785835626045,1.6658841395138697,0.04202363093576758
41.43353073,1.6816447297865498,1.6902438596935907,0.029423040800969955
41.43828547,1.8490647814308907,1.6875063773644945,0.017751540084806713
41.44304016,1.9963470122546787,1.6575371973603001,0.00704105555468625
41.4477949,2.1240013567889653,1.600500241666461,-0.002711011604876847
41.45254959,2.232901234111169,1.5168653656709863,-0.011540572179626753
41.45730433,2.3242358729932113,1.407413782713936,-0.01951482223685685
41.46205901,2.3994545826475204,1.2732408925522851,-0.02672936738806398
41.46681375,2.4602046542565694,1.115755990400652,-0.03330450285095107
41.47156844,2.5082647641137195,0.9366783410957082,-0.039380686164812016
41.47632313,2.54547587966347,0.7380291392500068,-0.04511326095151111
41.48107787,2.5736717456362013,0.5221189405429973,-0.05066650498549178
41.48583256,2.5946110475716746,0.29153023914557796,-0.05620709086653381
41.4905873,2.6099133099512004,0.04909497762854886,-0.061897068830674494
41.49534198,2.621000479165433,-0.202133096760513,-0.06788651096827607
41.50009672,2.6290459620420377,-0.4589111777986906,-0.07430599213513844
41.50485141,2.634932639282994,-0.7178450538762218,-0.0812591198433822
41.50960615,2.6392210599627854,-0.9754313324506514,-0.08881535728189917
41.51436084,2.6421286666563613,-1.2281037573481075,-0.09700340523949026
41.51911552,2.643520523448761,-1.4722830029836922,-0.1058054169665783
41.52387026,2.642911643227966,-1.7044291956013469,-0.11515231442717914
41.52862495,2.6394806547344523,-1.9210962831630778,-0.12492045760801176
41.53337969,2.6320942271261893,-2.118987255579132,-0.13492989541488276
41.53813438,2.6193413887000716,-2.2950091103710784,-0.14494440116765375
41.54288912,2.5995766414493406,-2.4463263720318764,-0.1546734676129566
41.5476438,2.5709705858420957,-2.570411913811515,-0.16377640077257175
41.55239854,2.5315666290902636,-2.6650938062063703,-0.17186860178492025
41.55715323,2.479342250741547,-2.7285969341552443,-0.17853005577630807
41.56190797,2.412273235216034,-2.759578190017256,-0.18331595583633709
41.56666266,2.3283992461339134,-2.75715416362458,-0.18576928345717367
41.57141735,2.2258891096666886,-2.7209204115214667,-0.18543505525746184
41.57617209,2.1031041955359155,-2.6509615885687876,-0.1818758437420415
41.58092677,1.9586583382021356,-2.54785195814406,-0.17468809999642182
41.58568151,1.7914728291043758,-2.412646053761881,-0.16351875471757624
41.5904362,1.6008251320856155,-2.2468595368624857,-0.14808154874635776
41.59519094,1.3863901240600758,-2.0524405739908267,-0.12817253820394445
41.59994563,1.1482728359060463,-1.8317323313253495,-0.10368422586003403
41.60470037,0.8870318591390134,-1.5874274436129132,-0.07461778706027943
41.60945506,0.6036927878397597,-1.3225155458681392,-0.04109288732420867
41.6142098,0.29975127892496595,-1.040225149746934,-0.003354633654087396
41.61896448,-0.022834466812999003,-0.7439612965690291,0.03822273390891494
41.62371917,-0.36166177969106866,-0.4372405240081518,0.08313571941072707
41.62847391,-0.7139119099724505,-0.12362474426243622,0.13075522435860099
41.6332286,-1.0763882721994142,0.1933443508030376,0.1803340720451294
41.63798334,-1.4455638724562836,0.5102087667387222,0.23101837771248918
41.64273802,-1.81763703325425,0.8236540416282071,0.2818626146381596
41.64749276,-2.1885943213341394,1.1305640231515368,0.3318480967649866
41.65224745,-2.5542793826347037,1.4280693201692751,0.37990446643014253
41.65700219,-2.910466203191653,1.7135883483872443,0.42493364760539465
41.66175688,-3.252935152692445,1.984860110392964,0.4658356114988051
41.66651162,-3.5775500365608255,2.239968097213578,0.5015352138023421
41.6712663,-3.880334290769108,2.47735496105499,0.5310093099487402
41.67602099,-4.157544409878605,2.6958278750311746,0.5533133404930834
41.68077573,-4.40573871255192,2.894554753876587,0.5676066019001712
41.68553042,-4.621839629029627,3.073051750256668,0.5731754719550505
41.69028516,-4.8031878488064494,3.2311626574708683,0.5694539329543663
41.69503985,-4.947586896879082,3.369031036964318,0.5560408182770771
41.69979459,-5.053337010459192,3.4870660465724765,0.5327132912862207
41.70454927,-5.119257555286491,3.5859030734632995,0.4994361497601652
41.70930401,-5.144697635904019,3.666360376692709,0.45636664206875854
41.7140587,-5.129534996533843,3.7293930216750755,0.40385459459312917
41.71881339,-5.07416375281133,3.7760454464845883,0.3424377907688124
41.72356813,-4.979471910089081,3.807404040590661,0.2728327066153602
41.72832282,-4.8468099805194225,3.8245511406470136,0.19592087880291348
41.73307756,-4.677952280323829,3.828521850902703,0.11273133550302598
41.73783224,-4.4750526492855665,3.8202650674520173,0.024419638138104122
41.74258698,-4.240596378275617,3.8006100118690265,-0.06775584190312542
41.74734167,-3.9773500670306903,3.7702394484562567,-0.16245974461928353
41.75209641,-3.688310988555615,3.729670565374121,-0.2583069494084699
41.7568511,-3.376657338224436,3.679244247902955,-0.35389050275181744
41.76160584,-3.0457005165355784,3.6191231746718637,-0.44780953190339307
41.76636052,-2.698840342732068,3.549298842182678,-0.5386964397702851
41.77111526,-2.339523822980057,3.4696072880467983,-0.6252427077771973
41.77586995,-1.9712078074971728,3.379752956604237,-0.7062226911894511
41.78062464,-1.5973255853223909,3.2793398467127126,-0.7805148730066337
41.78537938,-1.2212572125517922,3.1679088113687923,-0.8471201421542185
41.79013407,-0.8463031769882479,3.044979649663097,-0.9051767727891121
41.7948888,-0.47566088489416575,2.910096448074224,-0.9539718996262785
41.79964349,-0.11240341690825083,2.7628744939150525,-0.9929494064714889
41.80439823,0.2405399656244181,2.6030470023002032,-1.0217142676378157
41.80915292,0.5804019873391588,2.4305098724718555,-1.0400334972475276
41.81390766,0.9045944823152765,2.2453627220493333,-1.0478339599030455
41.81866235,1.2107245954182506,2.04794453978548,-1.0451973699726533
41.82341709,1.4966100208019086,1.838862448190317,-1.032352853117483
41.82817177,1.7602930981976703,1.6190122747637996,-1.0096674648496546
41.83292651,2.000053488714925,1.3895898905958914,-0.9776350602124682
41.8376812,2.214419101275531,1.1520925814292993,-0.9368638875360821
41.84243589,2.402174939279064,0.9083100595449818,-0.8880632380161739
41.84719063,2.5623695786900327,0.6603050920687934,-0.8320294253205772
41.85194532,2.6943190612480463,0.41038409630108946,-0.7696313058826453
41.85670006,2.7976080729427517,0.1610584174369462,-0.7017954956967605
41.86145474,2.8720883610323815,-0.08500265882859576,-0.6294914056236833
41.86620948,2.9178744110091523,-0.3250258113041702,-0.553716208392708
41.87096417,2.93533645453112,-0.5561929160684255,-0.4754798613044569
41.87571891,2.925090913281826,-0.7757038348316807,-0.39579032852137663
41.8804736,2.8879884074296704,-0.9808408700054214,-0.3156391655150383
41.88522834,2.8250994765835173,-1.169032950934144,-0.23598763915136584
41.88998302,2.737698181679978,-1.337917641416293,-0.15775355742065864
41.89473771,2.627243784313659,-1.485399154425908,-0.08179897295162554
41.89949245,2.4953607417210644,-1.609700717449291,-0.008918905996514888
41.90424714,2.343817314730758,-1.709409837303585,0.060168790427917035
41.90900188,2.1745031606281864,-1.7835152510312882,0.12483232185096307
41.91375657,1.989406363104584,-1.831434605933226,0.18453351220557188
41.9185113,1.7905904204280017,-1.8530321777972907,0.238833948007856
41.92326599,1.580171752292486,-1.848626206721111,0.28739962037565797
41.92802073,1.3602982821382605,-1.8189857018848266,0.330003977286505
41.93277542,1.1331296010311906,-1.765316838220385,0.36652930371262255
41.93753016,0.9008191269635147,-1.6892393365063265,0.3969663593447404
41.94228485,0.6654985523602592,-1.5927534797244802,0.4214122199887469
41.94703959,0.4292647389028339,-1.4781986662637632,0.4400662878577325
41.95179427,0.19416908826901977,-1.3482046267508916,0.45322445956848434
41.95654896,-0.03779069865456,-1.2056366270734986,0.46127147222069853
41.9613037,-0.2646766583604495,-1.05353613685777,0.4646714896367958
41.96605844,-0.4846146599111104,-0.8950585527442191,0.4639570411956974
41.97081313,-0.6957968854498238,-0.7334096238280681,0.45971647971295815
41.97556782,-0.8964830756988839,-0.5717822299957448,0.4525801757968175
41.98032256,-1.085000963987268,-0.413295113107049,0.4432057082857498
41.98507724,-1.2597463566668288,-0.26093505926052085,0.4322623418202274
41.98983198,-1.4191833401155607,-0.1175038828298489,0.4204151066263063
41.99458667,-1.5618451017803585,0.014428624214067657,0.4083088188244107
41.99934141,-1.6863358424379156,0.13256483399791805,0.3965524075315756
42.0040961,-1.7913342281263667,0.2349118165190724,0.3857039478907952
42.00885084,-1.8755987838008612,0.31980582775723737,0.3762568296254452
42.01360552,-1.9379755686192386,0.385928582633159,0.3686275043594725
42.01836026,-1.9774083965603297,0.4323154084063171,0.3631452343800928
42.02311495,-1.9929517754714827,0.4583556253933027,0.36004419843276003
42.02786969,-1.9837866291457378,0.46378572909415405,0.3594581974771166
42.03262438,-1.9492387350435247,0.4486761418793156,0.361418061956794
42.03737912,-1.888799650781737,0.41341245633222096,0.3658517194535218
42.04213381,-1.8021497176993604,0.3586722018334192,0.3725867653204355
42.04688849,-1.6891825304694872,0.2853982293196152,0.38135530762433584
42.05164323,-1.550030065758083,0.19476982658039535,0.3918008362016133
42.05639792,-1.3850874910005246,0.08817264917699555,0.4034868851022434
42.06115266,-1.1950365453026708,-0.032831518244902894,0.4159073000690647
42.06590735,-0.9808663121897764,-0.1665342665283123,0.4284979663692491
42.07066209,-0.7438901963428639,-0.31110857696691396,0.4406498776676287
42.07541677,-0.4857579758158496,-0.46463477100757833,0.45172342000403404
42.08017151,-0.2084619249385425,-0.6251240225290493,0.4610637007484295
42.0849262,0.0856638156330329,-0.7905392770347328,0.46801667493229276
42.08968094,0.3939512178649148,-0.9588136386248584,0.47194572594281037
42.09443563,0.713414033790615,-1.1278664876432334,0.47224826910592144
42.09919037,1.0407712266296076,-1.2956177648053153,0.4683718926957239
42.10394506,1.3724779907060292,-1.4600009884278693,0.45982955075707116
42.1086998,1.7047639655745186,-1.6189756503035933,0.4462133784022132
42.11345448,2.0336780667997423,-1.7705396572594607,0.42720679776465587
42.11820922,2.3551392075622237,-1.9127424491074279,0.40259469527666136
42.12296391,2.6649920648120315,-2.043699335021071,0.372271550683542
42.12771865,2.9590669426392116,-2.161607460269792,0.33624746454209714
42.13247334,3.233242696280354,-2.264763657640793,0.2946520558877882
42.13722802,3.4835115982140175,-2.3515842663321873,0.24773619228000718
42.14198276,3.706044953146804,-2.4206268262562967,0.19587148993490458
42.14673745,3.8972582057478,-2.4706133842774536,0.1395475062531301
42.15149219,4.053874240877432,-2.5004549840313937,0.07936655960049258
42.15624688,4.172983558377161,-2.5092767536722933,0.01603615726040614
42.16100162,4.252100019065042,-2.496442857660877,-0.04964091811080792
42.1657563,4.289210908104665,-2.461580443871593,-0.11677874128966248
42.17051105,4.282820146342456,-2.4046016039427496,-0.1844224204898207
42.17526573,4.231983598601583,-2.3257222838365004,-0.2515641135889002
42.18002047,4.1363355797192,-2.225477044675145,-0.3171606736152285
42.18477516,3.9961058433618057,-2.1047285910564937,-0.38015270321088923
42.1895299,3.8121265520386642,-1.9646710613707732,-0.43948476590532737
42.19428459,3.585828962593018,-1.8068262132266995,-0.49412643674785056
42.19903933,3.319229810391799,-1.6330318330191649,-0.5430937812191596
42.20379401,3.0149076263432577,-1.4454219439838936,-0.5854707481056698
42.20854875,2.675969461724486,-1.2463986711390262,-0.6204298737571126
42.21330344,2.3060087151911968,-1.038595932296285,-0.6472516435310215
42.21805818,1.909054945946374,-0.8248354493650758,-0.665341854510124
42.22281287,1.4895167133221012,-0.6080759006227296,-0.6742463750467528
42.22756761,1.0521186065968164,-0.3913563486281968,-0.673662795063849
42.2323223,0.6018337220552782,-0.17773536466519355,-0.6634485919905105
42.23707704,0.14381290866840038,0.029772487206448678,-0.6436255822913577
42.24183172,-0.31668786101013446,0.22826096040594923,-0.614380571390154
42.24658646,-0.7743806339617734,0.41499527226287786,-0.5760622458269221
42.25134115,-1.2240178023957007,0.5874720941993283,-0.5291744679645902
42.25609589,-1.6604623455159664,0.7434744382672372,-0.4743662356677082
42.26085058,-2.0787548222587966,0.8811196142978212,-0.4124186563871083
42.26560532,-2.4741760860403192,0.9988986246177777,-0.34422935415156025
42.27036,-2.8423048581753148,1.0957056197360886,-0.2707947754405354
42.27511469,-3.1790694832620545,1.1708563502531526,-0.19319088356944292
42.27986943,-3.4807933875647867,1.224094908286024,-0.11255273186633707
42.28462412,-3.7442339605919117,1.2555884456725495,-0.03005338773225518
42.28937886,-3.9666147717253852,1.26590997422885,0.05311735030210463
42.2941336,-4.145651209280967,1.2560097812696598,0.13577403315139763
42.29888829,-4.279569779983679,1.2271764147177373,0.21675605629470407
42.30364302,-4.36712142349559,1.1809885872604589,0.2949472001915135
42.30839771,-4.4075892708218225,1.1192596978126983,0.36929384919210356
42.3131524,-4.40079130117787,1.0439769517773663,0.43882152240636046
42.31790714,-4.347078328263264,0.9572372636943186,0.50264936212124
42.32266183,-4.247327679005336,0.8611822367945026,0.5600022621303384
42.32741657,-4.102932825963285,0.7579345297827794,0.6102203861470484
42.33217125,-3.9157891119332797,0.6495378434189644,0.6527659232121666
42.33692599,-3.68827557628278,0.5379025939686912,0.6872270428583042
42.34168068,-3.4232327719299707,0.42475909598932876,0.7133191328796388
42.34643542,-3.1239363643224465,0.31161976356109916,0.7308835107267447
42.35119011,-2.794066242676539,0.19975146875183622,0.7398838825104846
42.35594485,-2.4376708589162708,0.09015878233079515,0.7404008742209072
42.36069954,-2.059126544507417,-0.016421619869707117,0.7326249782699492
42.36545427,-1.6630916351999074,-0.1195155532108572,0.7168482510609917
42.37020896,-1.2544553481342844,-0.21889553349359436,0.693455073087602
42.3749637,-0.8382814932065161,-0.31455562180674357,0.6629122508296367
42.37971839,-0.4197472528923905,-0.4066782906552623,0.6257587055955385
42.38447313,-0.004077428694843468,-0.49559499423084236,0.5825949612598214
42.38922782,0.4035252727113539,-0.5817423439731155,0.5340726108348871
42.39398256,0.7979531564670326,-0.665615921367389,0.4808839104604529
42.39873724,1.1742687138643213,-0.7477237996448723,0.4237516190589908
42.40349198,1.5277809222168472,-0.8285417962456704,0.3634191748288543
42.40824667,1.8541213629029742,-0.9084723445956743,0.3006412796228862
42.41300141,2.1493186925025713,-0.9878086661217386,0.2361749520118082
42.4177561,2.409869868609593,-1.0667056525918257,0.17077110850134244
42.42251084,2.6328064291908477,-1.1451585472067025,0.10516673370173785
42.42726552,2.8157540585676,-1.2229901538969408,0.04007769497170887
42.43202026,2.956983650674466,-1.2998469224566904,-0.023807761824496287
42.43677495,3.0554521082183803,-1.3752038675662657,-0.08583483098785626
42.44152969,3.1108312028765748,-1.4483778978596211,-0.14538731224638013
42.44628443,3.123522975983718,-1.5185487725188183,-0.2018921825928762
42.45103912,3.094660390531074,-1.5847865826264793,-0.2548236435500641
42.45579381,3.0260922611590515,-1.6460843869532156,-0.30370670141662753
42.46054854,2.9203518922693554,-1.7013944297031451,-0.3481203143516034
42.46530329,2.78060934109046,-1.749666241194995,-0.3877001150374797
42.47005797,2.610607777762307,-1.7898848779459333,-0.42214069816941163
42.47481271,2.414585012007847,-1.8211075978135516,-0.45119744812171997
42.4795674,2.1971818599551454,-1.8424973857166738,-0.4746878695877628
42.48432214,1.9633395940438443,-1.8533519391027926,-0.49249237008411234
42.48907683,1.7181892120456954,-1.8531269794862704,-0.5045544304611347
42.49383157,1.466935641200652,-1.8414530632875004,-0.5108800944364259
42.49858625,1.2147402337749922,-1.8181454046010015,-0.5115367164281471
42.50334099,0.9666049982545014,-1.7832065744137982,-0.5066509295552184
42.50809568,0.7272619467595057,-1.7368222841200245,-0.4964058284129027
42.51285042,0.5010707356733266,-1.6793507760680557,-0.4810373981567678
42.51760511,0.2919274518039836,-1.6113066138295737,-0.4608302583355495
42.52235985,0.10318697402961065,-1.5333398781139218,-0.43611282507657106
42.52711454,-0.06239915445142229,-1.4462119241505265,-0.40725202740745653
42.53186927,-0.2027279509013121,-1.3507689413365676,-0.3746477398311822
42.53662396,-0.3163724910299121,-1.2479145786779526,-0.33872710907448306
42.5413787,-0.4025914309517185,-1.13858286538221,-0.29993895344512483
42.54613339,-0.46132086617340823,-1.0237125711254311,-0.258748395875263
42.55088813,-0.49314937320607527,-0.9042240215559472,-0.21563185727983072
42.55564282,-0.4992775659920908,-0.7809992189340655,-0.1710724891271397
42.56039756,-0.4814639255548578,-0.6548659238591259,-0.12555606895666227
42.56515224,-0.44195901423753053,-0.5265861403266361,-0.0795673274684038
42.56990698,-0.38343045415691296,-0.39684922085607255,-0.033586629618096844
42.57466167,-0.30888122392904227,-0.2662695790046476,0.011913096458928046
42.57941641,-0.2215639031722156,-0.13538877182175907,0.05646929452294437
42.5841711,-0.12489347084794304,-0.004681504069510977,0.09963267429157593
42.58892584,-0.022361146311647286,0.125435081245239,0.14097012663228858
42.59368052,0.08254843988857681,0.2545896165884943,0.18006768329551548
42.59843526,0.18643473271289562,0.3824431336065153,0.2165335101727181
42.60319,0.2860517157687051,0.5086750711553824,0.25000090035006334
42.60794469,0.3783700409932686,0.6329696589599408,0.28013122556113607
42.61269943,0.46062990491460554,0.7550036311069498,0.30661681124138995
42.61745412,0.5303841377154679,0.8744361334001726,0.3291837167306303
42.62220886,0.5855313323661754,0.9909015502571338,0.3475944209917278
42.62696354,0.6243391608385536,1.1040057989330796,0.36165042775003214
42.63171829,0.6454582948318601,1.2133264329382873,0.3711948064840423
42.63647297,0.6479275687620093,1.3184166755439672,0.37611467454562175
42.64122771,0.6311711954476715,1.4188132808582523,0.3763436008402262
42.6459824,0.594988971494678,1.5140479048906346,0.37186387542820243
42.65073714,0.5395404888639967,1.6036614709327603,0.3627085474111203
42.65549183,0.46532439946142506,1.6872208395037107,0.34896309302408174
42.66024657,0.37315376054925087,1.764336949335917,0.330766544452228
42.66500125,0.2641284243757281,1.8346834886519225,0.30831189250302915
42.66975599,0.13960533490576923,1.8980150916912992,0.2818455741889632
42.67451068,0.0011674714511661806,1.9541840399672115,0.2516658680362638
42.67926542,-0.14940795148041192,2.003154484940769,0.2181200435505757
42.68402016,-0.3101815433626535,2.0450132990596166,0.18160014615159753
42.68877485,-0.4790836811181389,2.0799768016361497,0.14253734647504707
42.69352959,-0.6539460543295006,2.108392787438939,0.10139484644296766
42.69828427,-0.832532604780026,2.1307374992442716,0.05865941771664147
42.70303901,-1.012569713857392,2.1476074195184114,0.014831752123838332
42.7077937,-1.191775541155898,2.1597059982891706,-0.029584078216660578
42.71254844,-1.367888457478606,2.167825670455486,-0.0740916378666073
42.71730313,-1.5386945430525811,2.1728257320757622,-0.1182131195448998
42.72205787,-1.7020541312971516,2.1756068282133882,-0.16149976589708917
42.72681256,-1.8559273633711524,2.1770829442557984,-0.20354119504026835
42.7315673,-1.9983986759398613,2.1781518829105075,-0.24397317790883025
42.73632198,-2.1277000776131105,2.1796652511369703,-0.2824835318960666
42.74107672,-2.242232988703229,2.182398980678409,-0.3188159318535017
42.74583146,-2.340588340048916,2.187025369440853,-0.3527715742495337
42.75058615,-2.4215645674132085,2.1940875639757342,-0.3842087465433443
42.75534089,-2.484183113382265,2.2039773096865454,-0.41304044292332326
42.76009558,-2.5277010661092603,2.2169166799630795,-0.4392302292952825
42.76485032,-2.551620620874749,2.232944365041751,-0.4627866016307275
42.769605,-2.555695134538605,2.2519069631847772,-0.4837561124846283
42.77435974,-2.53993163812246,2.2734555762320467,-0.5022155680828898
42.77911443,-2.5045897634496814,2.2970478720743235,-0.5182636235554952
42.78386917,-2.450177115738832,2.321955640626558,-0.5320121215167922
42.78862386,-2.3774411815558243,2.347277739830175,-0.5435775236712187
42.7933786,-2.2873579016717547,2.371958205376565,-0.5530727753095116
42.79813329,-2.1811170648766116,2.3948091811073016,-0.5605999217187656
42.80288802,-2.060104696941691,2.4145382134028366,-0.566243767013426
42.80764276,-1.9258826353938812,2.4297793397245138,-0.5700668298789864
42.81239745,-1.7801655034115962,2.439127288863106,-0.5721058054827801
42.81715219,-1.6247953323040165,2.441174001998199,-0.5723696880932597
42.82190688,-1.4617141352083358,2.43454658618039,-0.5708396469574029
42.82666162,-1.292934801859412,2.417945733570667,-0.5674706813048187
42.83141631,-1.1205107566699621,2.3901835881053297,-0.5621950096358689
42.83617104,-0.9465048888162572,2.3502200210241804,-0.5549270723151769
42.84092573,-0.7729583143803405,2.2971962897039946,-0.54556994411443
42.84568047,-0.6018595617846042,2.2304650997219517,-0.5340228682261045
42.85043521,-0.43511478152996774,2.1496161655341117,-0.5201895446833299
42.8551899,-0.2745195702893387,2.054496467212788,-0.5039867461839277
42.85994464,-0.12173296816427803,1.9452245258706797,-0.48535280243737455
42.86469933,0.021745864316483857,1.822198165579849,-0.46425549321802023
42.86945407,0.15459785704132328,1.6860953918055945,-0.44069891723211757
42.87420875,0.27570079160982575,1.5378681921869277,-0.4147289534849802
42.87896349,0.3841423863080251,1.378729250502439,-0.38643700032798073
42.88371818,0.47922959454779485,1.210131753522422,-0.35596176294491155
42.88847292,0.5604941170598977,1.0337426573220254,-0.32348896049994336
42.89322766,0.6276942212471911,0.851409958658703,-0.2892489346135521
42.89798235,0.6808130282906962,0.6651246827612536,-0.25351225309844155
42.90273709,0.7200534655007802,0.4769784466994274,-0.21658350683134142
42.90749177,0.745830088965919,0.28911758388046094,-0.1787935836201359
42.91224651,0.7587579668133194,0.10369491792785247,-0.14049076429728793
42.9170012,0.7596387893154048,-0.07717964779175676,-0.10203102049242602
42.92175594,0.7494443553852541,-0.25148850563210073,-0.06376790181424692
42.92651063,0.7292975915776688,-0.41735443641652503,-0.026042386493661956
42.93126537,0.7004512988079298,-0.573086168106716,0.010826960135527062
42.93602011,0.6642648923431176,-0.71722017071664,0.046553213212311526
42.9407748,0.6221794906080506,-0.8485575068293216,0.08088943460141615
42.94552954,0.575691800300181,-0.966194636550492,0.11363590265906115
42.95028422,0.5263273217203166,-1.06954718861069,0.14464601336143867
42.95503896,0.47561344708285647,-1.1583658568225004,0.17383065798909628
42.95979365,0.4250530412503155,-1.232743761911814,0.20116090212316506
42.96454839,0.3760990798308702,-1.2931148293729688,0.226668820078384
42.96930308,0.3301308772852307,-1.3402429694114304,0.250446381785887
42.97405782,0.28843237142121053,-1.37520209892653,0.2726423448968424
42.97881256,0.25217284441933757,-1.3993473102889569,0.29345716957354623
42.98356724,0.22239035916379937,-1.4142777589956215,0.31313604083826585
42.98832198,0.1999780795294448,-1.4217921038563768,0.33196014617375524
42.99307667,0.18567353292581273,-1.4238375816018174,0.350236408240074
42.99783141,0.18005077366014402,-1.4224540252126554,0.3682859121317731
43.0025861,0.1835153286904244,-1.4197143331219975,0.3864312975062482
43.00734084,0.19630176350379377,-1.4176630544045992,0.40498341659420223
43.01209558,0.21847369929820348,-1.4182548627147327,0.42422759758842515
43.01685026,0.24992613808436834,-1.4232947405613317,0.444409901921658
43.021605,0.2903899961882996,-1.434381680266188,0.46572381947804475
43.02635969,0.33943879172182845,-1.4528576275537146,0.4882978987407707
43.03111443,0.39649746231837335,-1.4797632516801877,0.5121848470941189
43.03586912,0.4608532954567608,-1.515801929671112,0.5373526461442951
43.04062386,0.5316689311683901,-1.5613130911504978,0.5636781944585795
43.0453786,0.6079973478943422,-1.6162557946632123,0.5909439059490256
43.05013328,0.6887986734146282,-1.6802031060841245,0.6188375558541508
43.05488802,0.7729585840840776,-1.7523475330845917,0.6469554913827525
43.05964271,0.8593079783126463,-1.8315174434692878,0.6748091377097284
43.06439745,0.9466435436224658,-1.916204065328364,0.7018345645786013
43.06915214,1.033748784851102,-2.004598339619972,0.727404758257263
43.07390688,1.119415042228868,-2.0946365791075867,0.7508441731615629
43.07866162,1.2024619967513788,-2.184053592253059,0.771445103740173
43.0834163,1.2817571325870174,-2.2704416697700327,0.7884853990199815
43.08817104,1.3562336042130427,-2.351313619057411,0.801247024579181
43.09292573,1.4249059487315239,-2.424167880523102,0.8090349597541844
43.09768047,1.4868831045950863,-2.486553679954245,0.8111959148565908
43.10243516,1.5413782579579212,-2.536134169366282,0.807136378754549
43.1071899,1.587715140817313,-2.5707455889389053,0.7963395641525266
43.11194464,1.6253305461968248,-2.5884506456233343,0.7783808921281118
43.11669933,1.6537729947528628,-2.587584547386849,0.7529417245314955
43.12145407,1.6726976735886012,-2.566792449533503,0.7198210917431956
43.12620875,1.6818579628363466,-2.525057450225524,0.6789451688381892
43.13096349,1.6810940614726173,-2.461718699852386,0.6303742402691961
43.13571823,1.6703194131602406,-2.3764796404324575,0.574306889968264
43.14047292,1.649505804738955,-2.2694068376101866,0.5110811869884235
43.14522766,1.6186681485532173,-2.1409202756907226,0.44117271726729895
43.14998235,1.5778500463401897,-1.991776322693972,0.3651894301409942
43.15473709,1.5271112503281519,-1.8230448115385782,0.28386340113368724
43.15949177,1.4665180775262197,-1.6360818112147069,0.19803973688503268
43.16424651,1.396137696625104,-1.4324996778756138,0.10866294857586632
43.16900125,1.31603700214022,-1.2141358908178532,0.016761191478082228
43.17375594,1.22628653044212,-0.98302200909778,-0.07657118825709004
43.17851068,1.1269695715084707,-0.7413538496895039,-0.17019233818723117
43.18326537,1.0181963031941352,-0.49146370578414256,-0.2629323517504857
43.18802011,0.9001224367537629,-0.23579511120493535,-0.3536130347558375
43.1927748,0.7729715295921853,0.023119669419935727,-0.4410675528932444
43.19752954,0.6370598112670087,0.2826795683518846,-0.5241595550994973
43.20228427,0.49282210031736484,0.5402325066294301,-0.6018014051266467
43.20703896,0.34083718234967364,0.793091760093126,-0.672971203628342
43.2117937,0.1818508937818166,1.0385518149721693,-0.7367283483861367
43.21654839,0.016795127979252263,1.2739047578974358,-0.7922274602235976
43.22130313,-0.15319893699276552,1.4964582845036705,-0.8387305897532714
43.22605787,-0.32679489267040757,1.7035563522142703,-0.8756177027279216
43.23081256,-0.5024536323049366,1.8926033465863599,-0.9023955047516226
43.2355673,-0.6784451507578864,2.061092385167919,-0.9187046974273632
43.24032198,-0.8528699212922665,2.2066380641816785,-0.9243257521210279
43.24507672,-1.02368963457899,2.327013583881005,-0.9191832472553569
43.24983141,-1.1887665567043681,2.420191795043022,-0.9033487510341759
43.25458615,-1.3459102685897497,2.4843893204873893,-0.8770421590565566
43.25934089,-1.4929301232049894,2.518112548937173,-0.8406313312322025
43.26409558,-1.6276914250074717,2.520203996780675,-0.7946298274095014
43.26885032,-1.7481731138099104,2.4898873031553985,-0.7396925236078837
43.273605,-1.8525246287951485,2.426808975920067,-0.6766089027711409
43.27835974,-1.939119636120859,2.33107494595136,-0.6062938535763787
43.28311448,-2.006604418849099,2.20328001626803,-0.529775873820017
43.28786917,-2.053938941127089,2.044528409168171,-0.4481826557431201
43.29262391,-2.080428898693958,1.8564438147223337,-0.362724122626414
43.2973786,-2.0857474435998116,1.641167621200144,-0.2746730816237354
43.30213334,-2.0699457098420053,1.4013443539514088,-0.18534375116795085
43.30688808,-2.033451751631054,1.1400937535985352,-0.09606851103413348
43.31164276,-1.9770580137753173,0.8609693744720561,-0.00817331324093589
43.3163975,-1.9018979545541665,0.5679040645918803,0.07704771219598917
43.32115219,-1.809412903330132,0.2651431810881203,0.1583578208713225
43.32590693,-1.7013106291563729,-0.04283312003149522,0.2346026533492119
43.33066162,-1.5795174019655425,-0.35139672381159953,0.3047338625839829
43.33541636,-1.4461255335975072,-0.6558653209398702,0.3678305352645644
43.3401711,-1.3033384888121002,-0.951600549686187,0.42311761292604055
43.34492578,-1.1534156574040666,-1.2341077095330382,0.46998063029431536
43.34968052,-0.998618779720421,-1.4991340815722123,0.507976259868581
43.35443521,-0.8411618227967946,-1.7427628434121296,0.5368383582892229
43.35918995,-0.6831658202055192,-1.9614996406700844,0.5564794223186508
43.36394469,-0.5266198293446054,-2.152349078082387,0.5669875559112504
43.36869938,-0.37334874788269734,-2.3128787188681375,0.5686192108654857
43.37345412,-0.22498829839783946,-2.4412686201129175,0.5617880884716574
43.37820886,-0.08296707601263481,-2.5363449633256163,0.5470506817284542
43.38296354,0.051504801864108156,-2.597596932817204,0.5250890024581235
43.38771829,0.17744116954050096,-2.6251766145797477,0.49669107901906834
43.39247297,0.29408029472516667,-2.6198822980365475,0.46272983005487445
43.39722771,0.40088130623840246,-2.583126127950112,0.4241409185416139
43.4019824,0.4975174760276447,-2.5168875454337596,0.38190016995972237
43.40673714,0.5838671758150397,-2.423654356132753,0.3370011025713506
43.41149188,0.6600032074067722,-2.306353561517126,0.2904330723701771
43.41624657,0.7261810680472959,-2.168274286018007,0.2431604865052235
43.42100131,0.7828265681454256,-2.0129852337896987,0.1961034906987646
43.42575604,0.8305230748195521,-1.844249121637599,0.15012048756195864
43.43051073,0.8699985170613793,-1.6659364676092263,0.10599278919199533
43.43526547,0.9021121627136847,-1.481940977760535,0.06441164508884936
43.44002016,0.9278410683672522,-1.2960985779433283,0.02596781637259697
43.4447749,0.948266013107899,-1.1121118948441808,-0.008856203714213851
43.44952959,0.9645566565936974,-0.9334817120908552,-0.039691286085833034
43.45428433,0.9779556117845952,-0.7634466233864118,-0.06628409103142852
43.45903907,0.9897610944732781,-0.6049317854069556,-0.08849686979405925
43.46379375,1.001307808919433,-0.46050734887443406,-0.10630471775234342
43.46854849,1.0139457556613065,-0.33235682731710886,-0.11979038447981562
43.47330318,1.0290167076227643,-0.2222553600405168,-0.12913678616743557
43.47805792,1.0478281955354447,-0.13155754866243155,-0.13461741794855395
43.48281266,1.0716249726519225,-0.06119430389801407,-0.13658492191218696
43.48756735,1.1015580892592638,-0.011677937909702644,-0.13545812170130864
43.49232209,1.138651896073663,0.01688541803458846,-0.13170787885104718
43.49707677,1.1837695070498218,0.024777098323556228,-0.12584215593566705
43.50183151,1.2375774780180777,0.012641976798465696,-0.1183906865501914
43.50658625,1.3005106845862886,-0.01853957247327523,-0.1098896515830908
43.51134094,1.3727385928879956,-0.06748276317042744,-0.10086674359418808
43.51609568,1.4541342892768223,-0.1326315434958089,-0.09182696575252002
43.52085037,1.5442477497546634,-0.21219292038638832,-0.08323946183810435
43.52560511,1.6422848707989628,-0.30417171398721,-0.07552561694143292
43.5303598,1.7470937415428767,-0.4064051449157687,-0.06904861423620356
43.53511454,1.8571595121783626,-0.5165968114078521,-0.06410458844641843
43.53986927,1.9706090104566831,-0.6323497629174069,-0.06091548263532104
43.54462396,2.0852259860348337,-0.7511985127527602,-0.05962368805408165
43.5493787,2.1984775310955618,-0.8706399484175984,-0.06028852209851957
43.55413344,2.3075518460624207,-0.9881631897406222,-0.0628845743967425
43.55888813,2.4094071046668075,-1.101278508206442,-0.06730192673230088
43.56364287,2.500830739848234,-1.2075454540795794,-0.07334823231855421
43.56839756,2.5785080401377978,-1.3046003405531406,-0.08075262737217648
43.5731523,2.6390985347721942,-1.3901832076641147,-0.0891714442524311
43.57790704,2.67931827337073,-1.4621643360604875,-0.09819569825922102
43.58266172,2.696025790016245,-1.5185703060118616,-0.10736032356872692
43.58741646,2.686309298085439,-1.5576095054235843,-0.11615512966645254
43.59217115,2.6475725051671564,-1.5776968879927638,-0.12403743006232316
43.59692589,2.5776163780254504,-1.5774776754569049,-0.13044625470705304
43.60168063,2.474714233272379,-1.5558495926439158,-0.1348179957296459
43.60643532,2.3376776826076116,-1.5119831274843671,-0.13660325730928355
43.61119006,2.1659112175153408,-1.4453392277604447,-0.13528459212477054
43.61594474,1.95945356406411,-1.355683790419649,-0.13039471609538256
43.62069948,1.71900435274384,-1.2430982763146672,-0.12153470522037374
43.62545422,1.4459351046015225,-1.1079858010360903,-0.10839159771218877
43.63020891,1.1422840063342852,-0.9510721166673703,-0.0907547581614998
43.63496365,0.8107344118104025,-0.7734010113248987,-0.06853031899973584
43.63971834,0.45457745342900896,-0.576323809210747,-0.04175301064474723
43.64447308,0.0776595702957814,-0.36148284400182834,-0.01059473482869579
43.64922776,-0.3156838384471501,-0.1307889890683552,0.02463067252864919
43.6539825,-0.7207070499233514,0.11360645636907367,0.06346690873906209
43.65873724,-1.1323430139139987,0.3693450208319459,0.10531915870616776
43.66349193,-1.545300481047426,0.633898767510548,0.14946261443279027
43.66824667,-1.9541667958739124,0.9046116171361037,0.1950554570570397
43.67300141,-2.353513722224831,1.178743332426099,0.24115602594309687
43.6777561,-2.738003584946146,1.4535151256326873,0.2867437417897596
43.68251084,-3.102493016538859,1.726155796738027,0.3307432129958928
43.68726552,-3.4421316899858003,1.993947283778087,0.37205083961254704
43.69202026,-3.752453595470022,2.2542685081429292,0.4095631398648669
43.696775,-4.0294586694354875,2.5046364275304915,0.44220596316511657
43.70152969,-4.269682896418844,2.74274326941993,0.4689637220901151
43.70628443,-4.470255362232014,2.9664890104642976,0.4889077721467818
43.71103912,-4.6289411269798215,3.1740082931535962,0.5012230874045362
43.71579386,-4.744169196522119,3.363691129650099,0.5052324170842064
43.7205486,-4.815045293151505,3.534196930716238,0.5004171613057183
43.72530328,-4.84134955431634,3.6844616100217866,0.4864342768904138
43.73005802,-4.823519715895564,3.8136977445303275,0.46312862313591663
43.73481271,-4.76262075507692,3.921388013363624,0.4305402886356787
43.73956745,-4.660302364371194,4.007272383117165,0.3889066042034091
43.74432219,-4.518745985265633,4.07132974762321,0.33865873757167153
43.74907688,-4.340603426416867,4.1137549520928,0.28041297138541094
43.75383162,-4.128929304079098,4.134932320688746,0.21495697446501358
43.7585863,-3.8871096500378175,4.135406948356404,0.14323157574667802
43.76334105,-3.618789020490127,4.11585510015464,0.06630872881380763
43.76809578,-3.3277983073875985,4.077055076788385,-0.014633501693451244
43.77285047,-3.01808521623079,4.019859851481558,-0.09833800726062839
43.77760521,-2.693649057222523,3.945172663738252,-0.18349679917161707
43.78235995,-2.35848113131483,3.8539265764925092,-0.2687793408479159
43.78711464,-2.0165116093073565,3.7470687737107373,-0.352860203339739
43.79186938,-1.6715634257538543,3.625550106804289,-0.4344453185198307
43.79662407,-1.32731335790247,3.4903201032828775,-0.5122962451765563
43.80137881,-0.9872601445369883,3.342327345151099,-0.5852520086162399
43.80613349,-0.6546992272261984,3.182524824964488,-0.6522482120626252
43.81088823,-0.33270347215186596,3.011879612171394,-0.7123332398948088
43.81564297,-0.024109059576479016,2.831385927017145,-0.7646814746450425
43.82039766,0.2684943837824773,2.642080534640994,-0.8086035310400385
43.8251524,0.5427703804584932,2.445059243439735,-0.8435535728001216
43.82990714,0.7966398735572179,2.2414932208417393,-0.8691338244504141
43.83466183,1.0282840285907744,2.0326438258312574,-0.8850964249717178
43.83941657,1.2361462657642481,1.8198746989867063,-0.8913427968389058
43.84417125,1.4189340194135345,1.6046599440186418,-0.8879207260298906
43.84892599,1.5756204916964234,1.3885873753144276,-0.8750193668445807
43.85368073,1.7054464405499759,1.1733559894901633,-0.8529623982132787
43.85843542,1.807921847956892,0.9607670418550492,-0.8221995631068592
43.86319016,1.8828271774198873,0.7527083670836866,-0.7832968188347682
43.86794485,1.9302138584475264,0.5511318708258321,-0.7369253151262996
43.87269959,1.9504036225519206,0.3580244248104766,-0.6838494017704442
43.87745433,1.9439863368462136,0.17537270706213667,-0.624913850185391
43.88220901,1.9118160096140064,0.00512282293082422,-0.5610304541173134
43.88696375,1.8550046571827634,-0.15086419649115582,-0.49316415422370424
43.89171844,1.7749137210250605,-0.2908597090720847,-0.42231881170930463
43.89647318,1.673142723588344,-0.41331612365714304,-0.3495227408688878
43.90122792,1.5515148740086933,-0.5169153456650873,-0.27581410166018544
43.90598261,1.4120593994691235,-0.600615399149732,-0.20222625076474052
43.91073735,1.2569904906314575,-0.6636936229371604,-0.12977315089837332
43.91549204,1.0886829010501404,-0.705784885764226,-0.05943494279234345
43.92024677,0.9096444096962489,-0.7269133526761432,0.007856205601898042
43.92500151,0.7224855177756871,-0.7275164622371645,0.07122984004227492
43.9297562,0.5298868857913329,-0.7084599418317932,0.12989039281385795
43.93451094,0.33456511391320054,-0.6710428956598954,0.1831295998516478
43.93926563,0.13923752737233663,-0.6169922442253775,0.23033794636703098
43.94402037,-0.053413345858785335,-0.5484460707500403,0.271014902342103
43.94877511,-0.2407749173496491,-0.46792573291225636,0.304777695784886
43.9535298,-0.4203386288724309,-0.3782969194621416,0.3313683715874179
43.95828454,-0.5897323457155619,-0.2827201604381145,0.3506588998630766
43.96303927,-0.7467504387860686,-0.18459162571773888,0.3626541288168383
43.96779396,-0.8893809799362141,-0.08747535838008483,0.3674924189964449
43.9725487,-1.0158295234660877,0.004971623746827762,0.3654438430952908
43.97730339,-1.12453901067884,0.08907967284504245,0.3569058857513228
43.98205813,-1.214205418315645,0.16125040801695312,0.3423966311346671
43.98681287,-1.283788878116688,0.21804211199381154,0.3225454832381414
43.99156756,-1.3325201228485886,0.2562544726980614,0.2980815240810815
43.9963223,-1.3599022595324368,0.27301047145164503,0.2698196762146471
44.00107698,-1.3657080256625564,0.26583323813462995,0.2386448945107701
44.00583172,-1.349972838663188,0.2327157748945917,0.2054946644570915
44.01058646,-1.312984090674847,0.17218159344190265,0.17134012698401085
44.01534115,-1.2552672575244979,0.08333451405591959,0.13716618155609117
44.02009589,-1.1775694711890663,-0.034103867377979484,0.10395093997573884
44.02485058,-1.0808412412010449,-0.17977023158022631,0.07264491510141959
44.02960532,-0.9662169994853786,-0.3526499494022409,0.044150335004726475
44.03436006,-0.8349950885743305,-0.5510823260563642,0.019300977652032713
44.03911474,-0.688617723838207,-0.7727807573801556,-0.0011570734597138848
44.04386948,-0.5286513476678109,-1.014867487869925,-0.0165833448216753
44.04862417,-0.356767668425593,-1.2739222769669825,-0.026459141750287817
44.05337891,-0.17472554824814343,-1.5460439176364356,-0.030401541939561016
44.05813365,0.015646221857071017,-1.8269232223214933,-0.02817477909657054
44.06288834,0.21246533777810023,-2.1119258075645946,-0.01969859043800658
44.06764308,0.413811768663777,-2.3961827795947683,-0.0050531357130000525
44.07239782,0.6177431746538361,-2.674687256155233,0.015519837229565712
44.0771525,0.8223102727888073,-2.942394559288772,0.041619803151544274
44.08190724,1.0255724952901903,-3.194323881014156,0.07269433920799387
44.08666193,1.2256142791732634,-3.4256592560000056,0.10805002308314604
44.09141667,1.4205622837472425,-3.631847764906316,0.14686715980254386
44.09617141,1.608603748709086,-3.8086930270731507,0.18821802876440616
44.1009261,1.7880060781343017,-3.952442206837836,0.23108825128235086
44.10568084,1.9571375662309927,-4.059864938379759,0.27440081145810735
44.11043552,2.1144889754330594,-4.128322755723459,0.31704220632233204
44.11519026,2.258695448678566,-4.1558277873118925,0.3578901382176306
44.119945,2.388558006282199,-4.14108963380812,0.39584208195033044
44.12469969,2.5030636731593923,-4.08354949505223,0.42984396366533184
44.12945443,2.6014031383405576,-3.9834007540222633,0.4589180969902332
44.13420912,2.6829847948317767,-3.8415953713792534,0.4821894649211195
44.13896386,2.747444057847642,-3.659835603295489,0.4989094410344595
44.1437186,2.7946470081364567,-3.4405507375725826,0.5084761239420607
44.14847328,2.824687635441455,-3.186858759204805,0.5104506077135945
44.15322802,2.8378782412201558,-2.9025131173800305,0.5045687050089994
44.15798271,2.834732877964756,-2.591835079953616,0.4907478472363944
44.16273745,2.815944038319557,-2.259632531546798,0.46908907698556057
44.16749219,2.782353148900866,-1.9111064919207266,0.43987420287628165
44.17224688,2.7349157614763615,-1.5517470859820488,0.40355830313882035
44.17700162,2.6746626557425808,-1.1872211582809546,0.3607578549099136
44.1817563,2.602658355013119,-0.8232541556875609,0.31223485163018583
44.18651104,2.5199587842323217,-0.4655092590774097,0.2588773659676436
44.19126579,2.427569943569934,-0.11946698846413645,0.2016771216602689
44.19602047,2.326409512313759,0.20969139071152282,0.14170474238357736
44.20077521,2.21727323086536,0.5171933777299089,0.08008343000020611
44.20552995,2.1008077383529318,0.7987745662905699,0.01796187063858937
44.21028464,1.9774912814206722,1.050765004374104,-0.0435128337281574
44.21503938,1.8476233717281214,1.270160202656828,-0.10322145426011939
44.21979407,1.711324074581824,1.4546748961248612,-0.16009746350313475
44.22454881,1.5685431811768251,1.6027782071952732,-0.21314980664877575
44.22930354,1.4190790764016983,1.7137094391439591,-0.26148310557733634
44.23405823,1.2626066870659471,1.7874743257157826,-0.3043148698559229
44.23881297,1.0987135030639745,1.8248221565717309,-0.3409893756058698
44.24356771,0.9269423230212253,1.8272047693150733,-0.37098796818358476
44.2483224,0.7468390972460296,1.7967189284747145,-0.39393565149580295
44.25307714,0.5580040298592914,1.7360340823386304,-0.40960394403996997
44.25783183,0.360143960799046,1.6483078844060517,-0.41791010247497085
44.26258657,0.15312397758701443,1.537092175476972,-0.4189129274961786
44.2673413,-0.06298379360475996,1.4062323374681676,-0.4128054647361895
44.27209599,-0.2878561988053506,1.2597630477931097,-0.3999049900541489
44.27685073,-0.520881714026797,1.1018034840509137,-0.3806407224339312
44.28160542,-0.7611313965271849,0.9364549558893854,-0.35553973903950736
44.28636016,-1.0073395219982715,0.7677037790403294,-0.32521157678154194
44.2911149,-1.2578949983931351,0.599331961885068,-0.2903319955985386
44.29586959,-1.5108443066608754,0.4348379551960701,-0.2516263553200737
44.30062433,-1.7639063490708753,0.27736933030828076,-0.2098530263025552
44.30537901,-2.0144991974718627,0.12966881117812798,-0.16578721865272167
44.31013375,-2.259778337917235,-0.0059653948404677385,-0.12020557769996977
44.31488849,-2.496685616507063,-0.12770452768667323,-0.07387185385159756
44.31964318,-2.7220077169080157,-0.23419953695024665,-0.02752391117352246
44.32439792,-2.932442656751448,-0.32457723985464326,0.018137711094414748
44.32915261,-3.1246724922524347,-0.39842339509924696,0.06245952760618138
44.33390735,-3.2954401809140696,-0.4557541125078811,0.10484303455185444
44.33866209,-3.4416283809995494,-0.49697734627622914,0.14475081141286872
44.34341677,-3.5603378692944796,-0.5228464648120781,0.18171083746361544
44.34817151,-3.6489632369903906,-0.5344080465209595,0.21531912126083289
44.3529262,-3.7052635755692473,-0.5329461165033913,0.2452407889716622
44.35768094,-3.7274259871472735,-0.5199250159625379,0.27120981545826656
44.36243568,-3.7141199432976686,-0.49693298940706215,0.2930276127387968
44.36719037,-3.664540769201706,-0.4656283923423271,0.31056071546557906
44.37194511,-3.5784408419485763,-0.42769017424056127,0.32373782148101315
44.37669985,-3.45614745794225,-0.3847739905215105,0.33254645282594775
44.38145454,-3.2985667375764964,-0.33847495715910386,0.3370294914649105
44.38620927,-3.10717338412053,-0.29029769754728624,0.3372818069041575
44.39096396,-2.883986580593953,-0.24163395959671927,0.33344712602739346
44.3957187,-2.631532770660329,-0.1937477190097358,0.3257152031261283
44.40047344,-2.3527965030705613,-0.14776734979188572,0.3143192446257849
44.40522813,-2.051160902505155,-0.10468415086880534,0.29953344979085306
44.40998287,-1.7303396466879726,-0.06535628000515796,0.2816704660923367
44.41473756,-1.3943025696107383,-0.030516970788087672,0.2610785371164809
44.4194923,-1.047197166424382,-0.0007857995866957974,0.23813814080631515
44.42424704,-0.6932683415117615,0.023318271278232647,0.21325796572569594
44.42900172,-0.33677871317940855,0.04136332152432925,0.18687013791228585
44.43375646,0.01806833531929162,0.05299152974817407,0.15942467694636706
44.43851115,0.3672008846202106,0.057907870103088684,0.13138321842932604
44.44326589,0.7067443116264067,0.05587126471272641,0.10321208860869227
44.44802063,1.0330794097233436,0.046688775487232756,0.07537485713571168
44.45277532,1.342891879457404,0.030213163601009993,0.04832452861675337
44.45753006,1.6332126786255134,0.006343882437173972,0.022495563631599134
44.4622848,1.901449104618538,-0.02496868286578831,-0.0017040566856102164
44.46703948,2.145406816224732,-0.0637161433923613,-0.023900494990913707
44.47179422,2.3633032671356844,-0.10982280513793527,-0.04376122201835501
44.47654891,2.5537732096135284,-0.1631348834617031,-0.061001460435072395
44.48130365,2.715867035549827,-0.22340906837171245,-0.07538970137281141
44.48605839,2.8490427634836215,-0.29030131350196803,-0.0867521000059741
44.49081308,2.9531524688665893,-0.3633567105284248,-0.09497556882338781
44.49556782,3.028423906821668,-0.4420012565866839,-0.10000940411607981
44.5003225,3.075438006122684,-0.5255362320771101,-0.1018653123734396
44.50507724,3.0951028318489833,-0.6131357872951151,-0.10061575705553123
44.50983198,3.08862453161276,-0.703848195287617,-0.09639062411941986
44.51458667,3.0574757042621608,-0.7966010711981379,-0.08937229936606568
44.51934141,3.0033615670044536,-0.8902106905833649,-0.0797893480317831
44.5240961,2.928184252321624,-0.9833953659250617,-0.06790907117645716
44.52885084,2.8340055448937265,-1.0747926669524885,-0.054029271864296
44.53360558,2.7230083765393096,-1.162980101969282,-0.038469591137798444
44.53836026,2.5974574392215053,-1.2464987208058091,-0.021562770606006736
44.543115,2.4596593542794842,-1.3238789637059867,-0.003646171210195058
44.54786969,2.3119229444884644,-1.3936679740976947,0.014946165625308011
44.55262443,2.156520279024302,-1.4544575256723968,0.03389067989339061
44.55737917,1.9956492767772795,-1.5049116910713833,0.052880496447357206
44.56213386,1.8313987349879883,-1.543793401853864,0.07163053776252036
44.5668886,1.6657166768158196,-1.5699891145752767,0.08988145739413021
44.57164328,1.5003828731228506,-1.58253090014277,0.10740234579081327
44.57639802,1.3369862930123753,-1.5806154049517334,0.123992202107536
44.58115276,1.1769080858792957,-1.5636192819123451,0.13948021314187276
44.58590745,1.0213105091069188,-1.531110845087951,0.1537249327174256
44.59066219,0.8711320030591598,-1.482857851480001,0.16661250632777536
44.59541688,0.7270883898990002,-1.418831447926721,0.17805412941291224
44.60017162,0.58967994589309,-1.3392064336142706,0.1879829572365972
44.60492636,0.45920387960682363,-1.2443580760096293,0.1963506961755168
44.60968104,0.3357715519445828,-1.1348557797287582,0.20312409862662847
44.61443579,0.2193296080546917,-1.0114539458676637,0.20828155756018668
44.61919052,0.10968406308388078,-0.8750803769710928,0.21180995676846529
44.62394521,0.006526298627026902,-0.7268225837626412,0.21370188814075405
44.62869995,-0.09054011247117165,-0.5679123369930492,0.21395330840616492
44.63345464,-0.18197282707218956,-0.3997087831731629,0.21256168139133141
44.63820938,-0.26826541740154297,-0.22368040800127784,0.20952463666120472
44.64296412,-0.34992424153665325,-0.04138608819662953,0.20483916347259828
44.64771881,-0.4274482825318895,0.1455445750312057,0.19850134149916696
44.65247354,-0.5013125741758123,0.3354314943485268,0.19050658318609168
44.65722823,-0.5719556448883083,0.526564799999852,0.18085033047063187
44.66198297,-0.6397712131317428,0.7172259299003888,0.16952911948876784
44.66673771,-0.7051041665275818,0.9057090375452005,0.15654190988628136
44.6714924,-0.7682506599627005,1.090342640046653,0.14189157591318083
44.67624714,-0.8294619810921705,1.269511401013713,0.12558647368509784
44.68100183,-0.8889516597218728,1.4416779007216878,0.10764202581842823
44.68575657,-0.946905146003708,1.605404193924838,0.0880822915013932
44.6905113,-1.0034912578362036,1.7593728979827044,0.066941509434303
44.69526599,-1.058874507444191,1.902407494072417,0.044265610064738135
44.70002073,-1.1132273668594987,2.03349146531517,0.020113693175608464
44.70477542,-1.166741525972753,2.1517858412928192,-0.0054405403653791555
44.70953016,-1.219637236694997,2.256644673092031,-0.03230742601222063
44.7142849,-1.2721699215802305,2.3476279320870965,-0.06038008148995874
44.71903959,-1.324633351072812,2.4245113153690285,-0.08953332053442027
44.72379433,-1.3773588540305015,2.4872924569001147,-0.1196228168930626
44.72854907,-1.430710214042912,2.536193089650093,-0.15048462526725817
44.73330375,-1.4850741124730884,2.5716567800453367,-0.18193518586061647
44.73805849,-1.5408462020232887,2.5943419586637524,-0.2137719481226106
44.74281318,-1.5984131254968839,2.6051100948841603,-0.24577474132275404
44.74756792,-1.6581310249477021,2.6050090015764047,-0.27770799227338294
44.75232266,-1.7203013061306744,2.5952514014092145,-0.3093238455984181
44.75707735,-1.7851446204149444,2.5771890316222206,-0.3403661845099339
44.76183209,-1.8527741887015108,2.5522827037098192,-0.3705754859993484
44.76658677,-1.923169706624782,2.5220688655630124,-0.3996943778374787
44.77134151,-1.9961531260118306,2.4881233348537184,-0.42747369806932334
44.77609625,-2.071367597437461,2.452022982156973,-0.45367879397155597
44.78085094,-2.1482607831620504,2.4153062376927816,-0.4780957439102236
44.78560568,-2.226073616650529,2.3794333729178287,-0.5005371529857325
44.79036037,-2.3038354073265035,2.345747563106355,-0.5208471715876333
44.79511511,-2.380365981296012,2.3154377646697166,-0.5389054185145953
44.79986985,-2.4542853212494387,2.2895044370603563,-0.554629552551481
44.80462454,-2.524030927602472,2.2687291014935305,-0.56797631837402
44.80937927,-2.5878828716012645,2.2536486573323016,-0.5789409837850679
44.81413396,-2.643996253506385,2.2445352732354578,-0.5875551778426134
44.8188887,-2.690440520144657,2.241382537330309,-0.5938832291255403
44.82364344,-2.7252448409970755,2.243898394816838,-0.5980171873854594
44.82839813,-2.7464484947482233,2.251505230936383,-0.6000707864857326
44.83315287,-2.752154983483367,2.2633472804892456,-0.6001726671744781
44.83790761,-2.7405883765283825,2.278305367662639,-0.598459221250633
44.8426623,-2.7101502012833136,2.2950188035845143,-0.595067442654034
44.84741704,-2.6594750595808963,2.3119140928988595,-0.5901281751257361
44.85217172,-2.5874830729528244,2.3272399240510726,-0.5837601277473613
44.85692646,-2.4934272654062255,2.3391077425712363,-0.5760649852163116
44.8616812,-2.376934089292656,2.3455370370310242,-0.5671238688750506
44.86643589,-2.2380354917585263,2.344504310182697,-0.55699531448514
44.87119063,-2.077191199727443,2.333994570947338,-0.5457148369555687
44.87594532,-1.8953002542864636,2.3120540749094856,-0.5332960635711815
44.88070006,-1.6937012258307496,2.2768429699006054,-0.5197333410232914
44.8854548,-1.47416095842702,2.226686475193075,-0.5050056542991238
44.89020948,-1.2388520936147145,2.160123240451586,-0.48908163083045175
44.89496422,-0.9903199834250451,2.0759495928742018,-0.47192533962351235
44.89971891,-0.731439902878773,1.9732584838948517,-0.45350253899626136
44.90447365,-0.4653657079206095,1.8514720844371066,-0.4337869895307448
44.90922839,-0.19547125858709585,1.7103671429102996,-0.4127664406705203
44.91398308,0.07471395334110212,1.550092405537924,-0.39044792322010635
44.91873782,0.3415734593187875,1.3711775975542522,-0.3668620311879304
44.92349256,0.6014752035491846,1.1745336712412353,-0.3420659444654138
44.92824724,0.8508441166604059,0.9614442391751331,-0.31614501715168974
44.93300198,1.0862343493169442,0.7335483253144297,-0.2892128276615249
44.93775667,1.304399690990779,0.4928147788097724,-0.26140965511799785
44.94251141,1.502360766109198,0.24150890055503896,-0.23289941403444267
44.94726615,1.6774676792435232,-0.01784797541511512,-0.20386514647603615
44.95202084,1.8274568696923525,-0.282525030538424,-0.17450323507296714
44.95677558,1.9505010326569783,-0.5496335763906346,-0.1450165570712463
44.96153026,2.0452510702735647,-0.8161825505015934,-0.11560684514919066
44.966285,2.110869154376942,-1.079136617337946,-0.0864665527236229
44.97103974,2.1470521188208873,-1.3354755382519583,-0.05777053992947815
44.97579443,2.154044556744847,-1.5822534458490891,-0.029667903852707882
44.98054917,2.1326411791148563,-1.8166566630750154,-0.002274276544875873
44.98530386,2.084178193604115,-2.0360587463454514,0.024335090967360008
44.9900586,2.0105136829522787,-2.2380715048628677,0.050131151985742965
44.99481334,1.9139971931213557,-2.420590852633067,0.07513550927517748
44.99956802,1.7974289768142337,-2.581836481913933,0.0994232312674447
45.00432276,1.664009569649777,-2.7203845028322027,0.12312383838823018
45.0090775,1.51728059635516,-2.8351923699813275,0.14642032086249165
45.01383219,1.3610579046187883,-2.9256156092361865,0.1695461170516755
45.01858693,1.1993582978738269,-2.991416062016916,0.19278004516972028
45.02334162,1.036321280917517,-3.0327615734468956,0.21643923371030785
45.02809636,0.8761273426674961,-3.050217257814951,0.2408701353313658
45.0328511,0.7229143796918271,-3.0447286719580013,0.26643774022668854
45.03760579,0.580693914458792,-3.017597408046261,0.2935131376363135
45.04236052,0.45326878485538025,-2.970449776763996,0.322459618117405
45.04711521,0.3441539761864374,-2.9051993868805797,0.35361757128116234
45.05186995,0.2565022319468295,-2.824004536217323,0.3872885150283825
45.05662469,0.19303601291446523,-2.7292214115463898,0.423718687714338
45.06137938,0.15598727326836787,-2.623354151061663,0.4630827332579055
45.06613412,0.1470463852728878,-2.5090028536961393,0.5054680956456726
45.07088886,0.16732136925525776,-2.3888106269592506,0.5508607964546708
45.07564355,0.2173083747232286,-2.265410752056873,0.599133282886244
45.08039828,0.29687411742699776,-2.14137501444312,0.6500349982690623
45.08515297,0.40525071551077363,-2.0191642014473867,0.7031862453288056
45.08990771,0.5410430968843022,-1.9010817074731112,0.7580757950195127
45.09466245,0.7022488807797361,-1.789231112700541,0.8140625539655879
45.09941714,0.886290378960654,-1.685478514660318,0.8703814553432659
45.10417188,1.0900581234658835,-1.5914202946976443,0.9261535927177563
45.10892657,1.3099651119979114,-1.5083568938125076,0.9804004805040747
45.1136813,1.5420107699049306,-1.437273054921961,1.0320621984758058
45.11843604,1.7818534582908783,-1.3788248621064616,1.0800190561956537
45.12319073,2.0248902103093345,-1.3333337737609259,1.1231162916021071
45.12794547,2.266342252122229,-1.3007877081202615,1.1601911974587142
45.13270016,2.5013447614287143,-1.280849098228083,1.1901019586926376
45.1374549,2.7250392341628396,-1.2728696901468075,1.211757394953434
45.14220964,2.932666767409036,-1.2759117139934806,1.2241467454500767
45.14696433,3.119660522763947,-1.288774913935769,1.2263686108527472
45.15171907,3.281735610233759,-1.3100287835859585,1.2176581789968373
45.15647381,3.4149746315691125,-1.3380492212671595,1.1974119057523152
45.16122849,3.515907148061836,-1.3710586997002643,1.1652088987647873
45.16598323,3.581581395083888,-1.4071689413292876,1.120828356954079
45.17073792,3.6096266567026336,-1.4444250093943678,1.0642625441226978
45.17549266,3.5983048404730957,-1.480849673497508,0.9957249057467223
45.1802474,3.5465499570880312,-1.5144868959732185,0.9156530570455644
45.18500209,3.4539944155518656,-1.5434433211960563,0.824706468188497
45.18975683,3.32098129788959,-1.565926741125912,0.7237587561631574
45.19451151,3.1485620850520473,-1.5802806593673955,0.6138845877517148
45.19926625,2.9384796711519594,-1.5850142788974884,0.49634133608997205
45.20402099,2.6931369209304385,-1.578827484482899,0.372545833106587
45.20877568,2.4155514773794424,-1.5606306620449781,0.24404681285718088
45.21353042,2.1092979828262406,-1.529559470325735,0.11249391008607462
45.21828516,1.778439299574616,-1.484984927162207,-0.02039568644576655
45.22303985,1.4274486652805496,-1.426519364218094,-0.1528716728471093
45.22779459,1.0611249593846592,-1.3540189156518625,-0.283184866861351
45.23254927,0.6845033701747528,-1.2675832250807966,-0.4096200264885771
45.23730401,0.30276373583189314,-1.1675529836878256,-0.5305262193515888
45.24205875,-0.07886129827579358,-1.054505766068832,-0.6443439758999933
45.24681344,-0.45517638427820145,-0.9292504330357594,-0.7496287670046307
45.25156818,-0.82111019491899,-0.7928201482639925,-0.8450706566115068
45.25632287,-1.1717974231073667,-0.64646383392243,-0.9295102529339078
45.26107761,-1.502655007369327,-0.491635693145643,-1.0019512849464778
45.26583235,-1.8094517862648993,-0.3299822766352865,-1.0615702468973292
45.27058704,-2.088370982834917,-0.16332648634067296,-1.1077235810826789
45.27534177,-2.336065056770983,0.006352095021428899,-1.1399528204173976
45.28009646,-2.5497025425932596,0.1769410791062026,-1.1579880062327288
45.2848512,-2.7270065304733553,0.3462237227038121,-1.1617495532982771
45.28960594,-2.866284461541175,0.511912102648934,-1.1513485734206725
45.29436063,-2.966448922284733,0.6716849002126004,-1.1270855143370884
45.29911537,-3.0270291513198337,0.8232294004791229,-1.0894468510589599
45.30387011,-3.048173029184753,0.9642870375994737,-1.039099513467995
45.3086248,-3.0306394141371613,1.09270156404487,-0.97688276808624
45.31337954,-2.9757808141444526,1.2064687016988258,-0.9037973910494415
45.31813422,-2.8855165414484807,1.3037859511359549,-0.8209921419291513
45.32288896,-2.762296670437786,1.3831010973572737,-0.7297477236699058
45.3276437,-2.6090572989606233,1.4431578604377813,-0.6314585442391694
45.33239839,-2.4291677860666883,1.4830371035683059,-0.527612654463524
45.33715313,-2.2263707985120265,1.5021920341507393,-0.4197702273197582
45.34190782,-2.004716142427976,1.500475919179999,-0.30954089254811423
45.34666256,-1.7684894864423435,1.478160983919623,-0.1985601802015211
45.3514173,-1.5221371986032153,1.4359473690459563,-0.0884652846095941
45.35617198,-1.270188618884842,1.374961279483688,0.019129649449546347
45.36092672,-1.0171771662887017,1.29674176025841,0.12265849104118864
45.36568146,-0.7675617289311852,1.2032158730100813,0.22062805513366
45.37043615,-0.5256498039469297,1.0966624140443983,0.311642645753457
45.37519089,-0.295523841658157,0.9796647036107349,0.3944277755727142
45.37994558,-0.08097220689175644,0.8550533775519666,0.46785255898094635
45.38470032,0.11457389986388893,0.7258405141725701,0.5309502257105199
45.38945506,0.28809631963559945,0.5951468139589116,0.5829361726611366
45.39420974,0.43703750453008866,0.4661238957253392,0.6232229613771114
45.39896448,0.5593388491505693,0.34187405483092453,0.6514316780773716
45.40371917,0.6534690699158386,0.22537002276398818,0.6673991091389999
45.40847391,0.7184421721228106,0.11937735327530842,0.6711802613318993
45.41322865,0.7538248245253515,0.026382028226080732,0.663045887740129
45.41798334,0.7597332495979179,-0.05147427322039372,0.6434748729509782
45.42273808,0.7368200127847057,-0.11244905639241687,0.6131415727994826
45.42749276,0.6862513341443962,-0.1552422097932523,0.572898463975463
45.4322475,0.6096757332885774,-0.1790261133583195,0.523754696454145
45.43700224,0.5091849431652742,-0.18346172978412653,0.4668513211851932
45.44175693,0.3872680892433206,-0.16870026429505774,0.40343406830918294
45.44651167,0.24676013761977586,-0.13537049825485709,0.33482457978461055
45.45126641,0.09078558762554235,-0.08455240951532171,0.2623909716280682
45.4560211,-0.07730165437268165,-0.01773816954982871,0.18751853527943535
45.46077584,-0.25398131199207563,0.06321796143635361,0.11158130007500787
45.46553052,-0.4356317855790347,0.15615895017394163,0.035915078093251326
45.47028526,-0.6185962915737608,0.2586913316763656,-0.03820749484721188
45.47504,-0.7992491442856705,0.36825618763954965,-0.10959951365396312
45.47979469,-0.9740611879435044,0.4822022710645035,-0.17717963735158043
45.48454943,-1.1396633449325244,0.5978587910448631,-0.239988953763166
45.48930412,-1.2929072133767119,0.7126054823008994,-0.29720467215155966
45.49405886,-1.4309216327444576,0.8239377923352722,-0.3481504685932405
45.4988136,-1.551164147372546,0.929525310414196,-0.39230333688739016
45.50356828,-1.651466339254355,1.0272619173576607,-0.42929684385686795
45.50832302,-1.730072074660251,1.1153065306624024,-0.45892076524309283
45.51307776,-1.7856678131913835,1.1921137320953683,-0.48111718965957984
45.51783245,-1.8174042597448252,1.2564539723077777,-0.4959733123345991
45.52258719,-1.824908795233897,1.3074234308329007,-0.5037112752979515
45.52734188,-1.8082882961487592,1.3444439572188267,-0.5046755201805527
45.53209662,-1.768122142395101,1.3672538227713633,-0.4993181841147285
45.53685136,-1.7054454144304698,1.3758902690978279,-0.48818308162255547
45.54160604,-1.6217224915434851,1.370665047491082,-0.4718887826043048
45.54636079,-1.5188114794376728,1.3521342999611266,-0.45111123423363136
45.55111552,-1.3989201129228694,1.3210642355311701,-0.4265663012584412
45.55587021,-1.2645539945741187,1.2783941021474663,-0.39899253138026636
45.56062495,-1.1184582391563938,1.22519794605265,-0.36913440135715336
45.56537964,-0.9635537926337061,1.1626465917750555,-0.3377262699150297
45.57013438,-0.8028698783823248,1.0919711751701375,-0.3054772534823518
45.57488912,-0.639474183511444,1.0144294274385521,-0.2730572431323656
45.5796438,-0.47640252279703116,0.9312757445318376,-0.2410842869250798
45.58439855,-0.31658979196510795,0.8437358836363489,-0.21011356379340423
45.58915328,-0.16280403288462203,0.7529869031659774,-0.1806281696656839
45.59390797,-0.01758537392882597,0.6601427032413251,-0.1530319224842518
45.59866271,0.11680851962287987,0.5662452352287247,-0.12764436749396618
45.6034174,0.23844904134158726,0.47226114623492527,-0.10469812109692031
45.60817214,0.3457740868898789,0.3790833298743478,-0.08433862316083209
45.61292688,0.4376154354621506,0.2875365931328627,-0.06662627241940955
45.61768157,0.513215481911439,0.1983864426892288,-0.05154080735064871
45.6224363,0.5722330710845617,0.11234985778655064,-0.03898768534419361
45.62719099,0.6147385239017814,0.030106857935502124,-0.028806127694353756
45.63194573,0.6411982623636688,-0.047688307645754345,-0.020778451352350194
45.63670047,0.6524497214748239,-0.12039743190958534,-0.014640302343401647
45.64145516,0.6496674704904315,-0.1873910151493517,-0.010091430353601038
45.6462099,0.6343216529033266,-0.24804405625028203,-0.0068066824685007405
45.65096464,0.6081299998187686,-0.30173546960905545,-0.004446930153219253
45.65571933,0.5730047829093897,-0.3478513748617468,-0.002669668934000474
45.66047407,0.5309961573170402,-0.38579225026032665,-0.0011390484471249145
45.66522875,0.48423340347394245,-0.414983695770348,0.0004648858241069517
45.66998349,0.43486560696559035,-0.43489033260744914,0.002437916711099268
45.67473823,0.38500331212191446,-0.4450321831848897,0.005044463170818354
45.67949292,0.33666264404839114,-0.4450027378907733,0.00851152270889891
45.68424766,0.29171331447226506,-0.43448782928578505,0.01302374352248782
45.6890024,0.25183181101673596,-0.41328440418220336,0.01871959045465177
45.69375709,0.21846092051960297,-0.3813183089965681,0.025688567007089422
45.69851183,0.19277655806216618,-0.3386602763862967,0.033969478063569494
45.70326651,0.17566266766763428,-0.285539407666297,0.04354975315573247
45.70802125,0.16769473214589756,-0.22235356961338176,0.05436588245671932
45.71277599,0.1691321842207322,-0.14967625305548307,0.06630503029642021
45.71753068,0.1799197567685599,-0.06825956773432568,0.07920787009661484
45.72228542,0.19969755495325442,0.020966827808428696,0.09287262570467837
45.72704016,0.22781938411128402,0.11690094116926876,0.10706021755434987
45.73179485,0.26337863041762,0.2182777695173329,0.121500323857344
45.73654959,0.3052407743613509,0.3236825896855891,0.1358981094683271
45.74130427,0.3520814308107171,0.43156798483035747,0.1499413700108539
45.74605901,0.40242866603115635,0.5402743110843697,0.16330788419649375
45.75081375,0.4547082506627378,0.6480532626214757,0.17567283741601855
45.75556844,0.5072904725029069,0.7530941643318061,0.1867162393200378
45.76032318,0.558537153717002,0.8535525979318219,0.1961302793849042
45.76507787,0.6068475906002336,0.947580937537949,0.20362653847320775
45.76983261,0.6507022541563644,1.0333603227757566,0.2089429143508229
45.77458735,0.6887032464904077,1.1091335245908545,0.21185005605936424
45.77934204,0.71961068693077,1.173238063845562,0.21215707391071809
45.78409677,0.7423743860960694,1.2241388391725327,0.2097163279584685
45.78885151,0.7561603403475389,1.2604594290731301,0.20442720429827102
45.7936062,0.7603717320742388,1.2810111747270632,0.19623894219383664
45.79836094,0.7546642466383152,1.2848191395065545,0.185152728397007
45.80311563,0.738955611614498,1.2711440853829532,0.17122337202261773
45.80787037,0.7134293277553361,1.2394997040187667,0.1545608695023931
45.81262511,0.6785325966480097,1.189664484986745,0.13533204937583398
45.8173798,0.6349684649372298,1.12168778702817,0.11376227281206476
45.82213454,0.5836822121990242,1.0358898925521354,0.09013691012250984
45.82688927,0.5258420249360741,0.9328560629280553,0.06480208127429284
45.83164396,0.462814038046709,0.8134248635272223,0.03816399746060262
45.8363987,0.39613189979512825,0.6786712811568271,0.010686208085819698
45.84115339,0.3274611344425077,0.5298853975549692,-0.017115845730686814
45.84590813,0.2585587396502492,0.36854759336849535,-0.044683357465317104
45.85066287,0.19122865787772417,0.19630141773865367,-0.07142585411801586
45.85541756,0.1272739910236343,0.014925347761389785,-0.09673583560633178
45.8601723,0.06844707076551382,-0.17369534127767117,-0.12000581954450147
45.86492704,0.016398735165620428,-0.36759548424811184,-0.1406470195101781
45.86968172,-0.027371628632138583,-0.5647548192327811,-0.15810873833911218
45.87443646,-0.061563564767592165,-0.7631200740959538,-0.17189750243092405
45.87919115,-0.08511877855080313,-0.9606241044678435,-0.18159498100958038
45.88394589,-0.09725839002273197,-1.1552021875573253,-0.18687380218166907
45.88870063,-0.09751264993509064,-1.3448058748884195,-0.1875104797149263
45.89345532,-0.08574182785197952,-1.5274150282534065,-0.18339480024058127
45.89821006,-0.062147336252967866,-1.7010487973932351,-0.1745352003161987
45.9029648,-0.02727256182053453,-1.86377635182698,-0.16105989316641683
45.90771948,0.01800669780347702,-2.0137281663062616,-0.14321377374929975
45.91247422,0.07250187969467804,-2.1491085904930145,-0.12135140080627209
45.91722896,0.13474069862852556,-2.268210312219371,-0.09592657322526392
45.92198365,0.20300458697640178,-2.369431147563164,-0.06747914087522736
45.92673839,0.2753732794451842,-2.4512933572930753,-0.03661970376597794
45.93149308,0.3497751007175684,-2.5124654023120634,-0.004012784063415522
45.93624782,0.42404138102531974,-2.55178572676357,0.029641042727835756
45.94100256,0.49596334339100306,-2.5682878257076425,0.06362363993457146
45.94575724,0.5633497731094593,-2.56122555403609,0.09721800939576597
45.95051198,0.624083793688971,-2.5300974068795186,0.1297267153660895
45.95526667,0.6761771346262552,-2.474668384487748,0.1604894478370484
45.96002141,0.7178203867560227,-2.3949880655717806,0.18889906308050355
45.96477615,0.7474279019882191,-2.2914036515054548,0.21441544332141316
45.96953084,0.7636762056289305,-2.1645669921355633,0.23657663397771572
45.97428558,0.76553504640773,-2.0154349357515464,0.25500693429841353
45.97904032,0.752290500124421,-1.8452627315146553,0.2694218834954079
45.983795,0.7235598479396611,-1.6555906210581801,0.2796303284587192
45.98854974,0.6792982446982697,-1.448224152582193,0.28553392191472593
45.99330448,0.6197974520262194,-1.2252090988423476,0.28712445957418314
45.99805917,0.5456771196684447,-0.9888021263882568,0.2844794409014092
46.00281391,0.45786925323758454,-0.7414385236496681,0.27775617396306257
46.0075686,0.3575966119766713,-0.48569833975706656,0.26718468183124217
46.01232334,0.24634584164200482,-0.22427221617508805,0.2530596282283223
46.01707808,0.1258361675498769,0.040071979331891244,0.23573146334622277
46.02183276,-0.0020155463428902344,0.30452086226482067,0.21559698209549305
46.0265875,-0.1351326164790116,0.5662450397787918,0.19308946739925545
46.03134224,-0.27131854509311926,0.8224262004639247,0.16866854912975704
46.03609693,-0.40829857611296866,1.0702818746378717,0.14280985208086536
46.04085167,-0.5437621938882925,1.3070882069511882,0.1159944625042092
46.04560641,-0.6754059487089364,1.530201261031668,0.08869824825109185
46.0503611,-0.8009759531839382,1.7370774722486941,0.061381140605244175
46.05511584,-0.918309336949057,1.9252938826767585,0.03447660953590754
46.05987052,-1.0253738919634476,2.092568738982636,0.008381692818799562
46.06462526,-1.1203051038088503,2.2367829166673117,-0.016551975967103564
46.06938,-1.2014397600879352,2.356002461925554,-0.04002568361122861
46.07413469,-1.2673453655948275,2.4485023292942136,-0.061799299550800074
46.07888943,-1.316844680289511,2.512791159407978,-0.08169479177956733
46.08364417,-1.3490348284970803,2.54763671053758,-0.09959742710199533
46.08839886,-1.3633005985126676,2.5520913529256175,-0.11545460845377306
46.0931536,-1.3593217491370775,2.5255168731814384,-0.1292724183967982
46.09790834,-1.3370743486630703,2.46760772641971,-0.14111005183279762
46.10266302,-1.2968263747666056,2.3784118192802133,-0.1510724332617364
46.10741776,-1.239127981927758,2.2583479063071215,-0.15930141755538127
46.11217245,-1.1647969806565828,2.108218731947507,-0.16596605492806313
46.11692719,-1.0749001611387352,1.9292191450089589,-0.17125244656667452
46.12168193,-0.9707311324147386,1.7229385429258781,-0.17535371813300762
46.12643662,-0.8537853427790203,1.4913571568916266,-0.17846059290132907
46.13119136,-0.7257329071457493,1.2368358504474424,-0.1807529612373033
46.1359461,-0.5883898031966798,0.9620992585331773,-0.18239273033468387
46.14070078,-0.4436879202894746,0.6702122302756134,-0.18351811171898855
46.14545552,-0.2936443624786407,0.3645496522696319,-0.1842393782620601
46.15021021,-0.14033032828729286,0.048759822422710125,-0.18463601071404503
46.15496495,0.014160175678098711,-0.2732783730944574,-0.18475506791497073
46.15971969,0.16774157266961193,-0.5975041418246778,-0.18461056444143106
46.16447438,0.3183677011811758,-0.9197288851435024,-0.18418363058468548
46.16922912,0.46406231678798265,-1.235695144728311,-0.183423263370643
46.17398386,0.6029488159542105,-1.5411396603317637,-0.1822475480977528
46.17873854,0.7332787952775996,-1.8318596117973092,-0.18054532382078525
46.18349329,0.8534589541905423,-2.1037809070336775,-0.17817836276808197
46.18824802,0.9620757501254334,-2.3530271605021644,-0.1749842101138644
46.19300271,1.0579171429138734,-2.575987799209471,-0.1707798685786012
46.19775745,1.139990735923008,-2.769383553401782,-0.1653665034341616
46.20251214,1.2075376441703232,-2.930327458999749,-0.15853529009273037
46.20726688,1.2600414958483936,-3.056379443868278,-0.1500744395052657
46.21202162,1.2972320988399504,-3.145592616830781,-0.1397773306946092
46.2167763,1.3190834697973084,-3.1965495486704962,-0.12745156791835607
46.22153105,1.3258061202008882,-3.208387137858868,-0.11292867049115572
46.22628578,1.3178337104773077,-3.18080908238102,-0.09607400101491406
46.23104047,1.2958044082822442,-3.114085506165842,-0.07679644944707326
46.23579521,1.2605375087852222,-3.009039872869841,-0.0550573305802451
46.24054995,1.2130060804812937,-2.8670239110083635,-0.03087794322521454
46.24530464,1.1543065748732046,-2.689881820243568,-0.004345300595696661
46.25005938,1.0856264676288694,-2.4799054810901735,0.0243843244168675
46.25481412,1.008211073402163,-2.2397827132995776,0.0550842120636347
46.2595688,0.9233306962828065,-1.9725408027484486,0.08745835118943203
46.26432354,0.8322492491655311,-1.6814875408909347,0.12114477405827659
46.26907829,0.7361954051294871,-1.3701519052709978,0.15572082858114913
46.27383297,0.6363372357526433,-1.042226272207163,0.19071013754677216
46.27858771,0.5337611457648874,-0.7015117168107362,0.22559103248634765
46.2833424,0.42945573165682893,-0.35186754973233425,0.2598062964293002
46.28809714,0.32430097888710613,0.002834201137552534,0.2927740681125099
46.29285188,0.2190629787299725,0.35874909410801653,0.3238997287795839
46.29760657,0.1143941065637633,0.7120954900283814,0.3525885152516625
46.30236131,0.010838374905583075,1.059185134676618,0.37825850782725406
46.30711604,-0.09115852903798695,1.3964497928745525,0.40035356912217146
46.31187073,-0.19123518034568274,1.7204647519596126,0.41835579296083797
46.31662547,-0.28909711587566533,2.027970046972709,0.43179707068947903
46.32138021,-0.3844971719148621,2.315890208261891,0.4402694800099597
46.3261349,-0.47721438351733625,2.58135320914555,0.443434317086929
46.33088964,-0.5670323816222841,2.821709114081681,0.44102969403186826
46.33564433,-0.6537182078287725,3.034548715184916,0.4328766902524392
46.34039907,-0.7370024285799773,3.2177222166042783,0.4188840734552739
46.3451538,-0.816561375302417,3.3693578020587314,0.3990516042148291
46.34990849,-0.8920022665084557,3.487879719612049,0.37347192361553566
46.35466323,-0.9628518817141459,3.5720253560967885,0.34233101162544666
46.35941797,-1.0285493551356644,3.6208606641332404,0.3059072021296555
46.36417266,-1.0884435415330707,3.6337932551033654,0.26456874753146514
46.3689274,-1.1417952820893107,3.6105824842265757,0.2187699345087357
46.37368214,-1.1877847709067513,3.55134592681907,0.1690457562271858
46.37843683,-1.2255240961298564,3.4565617712248824,0.11600514359666045
46.38319157,-1.254074901326383,3.327066822443918,0.06032275416578925
46.38794625,-1.2724709739966542,3.1640500050251696,0.00272932189331188
46.39270099,-1.2797454088071578,2.969041454167727,-0.055999404999147157
46.39745573,-1.2749618075871987,2.743897467962421,-0.11505506094763603
46.40221042,-1.2572487683147595,2.490781740322788,-0.17361024270015044
46.40696516,-1.2258366911286438,2.2121433874636978,-0.2308330287673349
46.4117199,-1.1800957068715747,1.9106923129916373,-0.28590210264776683
46.41647459,-1.1195733331866407,1.5893724293424794,-0.33802206306387494
46.42122933,-1.0440303078538946,1.25133317664777,-0.3864384479438434
46.42598407,-0.9534729624652626,0.8998996708195792,-0.43045197408458935
46.43073875,-0.8481805024212808,0.5385416909237866,-0.4694315043303178
46.43549349,-0.7287256652369202,0.17084160229117637,-0.5028252984022935
46.44024823,-0.5959874413486093,-0.1995387755815309,-0.5301701795036659
46.44500292,-0.451154851308825,-0.5688923944811619,-0.5510983512371836
46.44975766,-0.2957211609108094,-0.9335023324308763,-0.565341719965267
46.4545124,-0.13146835318829453,-1.289678259686759,-0.5727337056912918
46.45926709,0.039557870473233274,-1.6337938925803999,-0.5732086483305702
46.46402183,0.21508185351790093,-1.9623251656347998,-0.5667990263040751
46.46877651,0.3926394196078889,-2.2718886783823127,-0.5536307947422886
46.47353125,0.5696255721993552,-2.5592797905427895,-0.5339172183086672
46.47828599,0.743346815116693,-2.8215095706568496,-0.5079516170262905
46.48304068,0.9110763017434388,-3.0558396746129635,-0.4760994602734211
46.48779542,1.0701099601903443,-3.259814167066935,-0.43879023055164784
46.49255016,1.2178217721661249,-3.431287320756564,-0.3965094297572561
46.49730485,1.351716503018758,-3.5684465466385724,-0.3497910130765349
46.50205959,1.4694783833651237,-3.6698298194745993,-0.29921041273761967
46.50681433,1.5690145169969345,-3.734337253838097,-0.24537817106922805
46.51156901,1.6484921172331763,-3.7612368278468757,-0.18893406692929152
46.51632375,1.706369028821141,-3.750164610174692,-0.1305415226984653
46.52107849,1.741417341355389,-3.7011201775789377,-0.07088204186170949
46.52583318,1.7527402074163658,-3.6144581722831117,-0.010649449803375023
46.53058792,1.739782217271274,-3.490877106574012,0.04945622776371538
46.53534266,1.7023338411298081,-3.331406558012526,0.10873534183699238
46.54009735,1.6405305330375708,-3.1373938133837367,0.16649568337755305
46.54485209,1.5548471081748223,-2.910490827960193,0.2220600163396901
46.54960683,1.4460879703116982,-2.6526420923685388,0.2747740237855647
46.55436151,1.31537369203322,-2.366073670346813,0.3240145646634159
46.55911625,1.16412435182585,-2.0532833171410902,0.369198080868584
46.56387094,0.994039924672005,-1.717031241052674,0.40978892814065676
46.56862568,0.8070779215336723,-1.3603307603305563,0.4453073429121849
46.57338042,0.6054283921154368,-0.9864378638750313,0.47533671440798353
46.57813511,0.39148635734720216,-0.5988385335915046,0.49952981664170715
46.58288985,0.16782173301843537,-0.20123264761835738,0.5176136741032511
46.58764459,-0.06285315218850224,0.2024866365123078,0.5293927931830863
46.59239927,-0.29771825700500054,0.608258929537205,0.5347505924991707
46.59715401,-0.5338824453822202,1.0118887197142388,0.533649003233653
46.60190875,-0.7684215952472156,1.4090838330129836,0.52612636263307
46.60666344,-0.9984176519134055,1.7955001621072983,0.512293855889762
46.61141818,-1.220997980912693,2.1667922106383535,0.4923308452351848
46.61617292,-1.433374306015484,2.5186686535713547,0.4664794525740214
46.62092761,-1.6328804828513659,2.8469518139484715,0.43503874694045996
46.62568235,-1.817008357915191,3.1476397139228025,0.3983588516721155
46.63043709,-1.9834409979417087,3.416969181231418,0.35683524228435975
46.63519177,-2.1300826469567564,3.651478384700314,0.3109034558777977
46.63994651,-2.255084877203757,3.84806713430628,0.2610343709961891
46.64470125,-2.3568685408968,4.004053310569632,0.20773014017453745
46.64945594,-2.434141292507665,4.117223880339558,0.15152077110685674
46.65421068,-2.485910621608183,4.185879105244026,0.0929612687170653
46.65896537,-2.5114924971001287,4.208868747382393,0.0326291831659181
46.66372011,-2.5105158582422464,4.185619314829378,-0.028877633243979767
46.66847485,-2.482923282865299,4.116151656273718,-0.09094327358813016
46.67322954,-2.428968210765473,4.001088497051879,-0.15293623830448178
46.67798427,-2.34920909927982,3.8416517935455747,-0.2142123072799353
46.68273901,-2.2445008436130722,3.6396500536870975,-0.27411799800591813
46.6874937,-2.115983716670456,3.3974560129086933,-0.33199476166456826
46.69224844,-1.965069984841486,3.1179752550756517,-0.38718403699672677
46.69700318,-1.7934282511536868,2.8046065199389214,-0.439033236718093
46.70175787,-1.602965479014716,2.4611945420480854,-0.4869026792682848
46.70651261,-1.3958065712639025,2.0919763263604096,-0.5301734002151776
46.71126735,-1.1742713323815506,1.7015217926662096,-0.5682556895182718
46.71602204,-0.9408486366096162,1.2946697263658447,-0.6005981162928012
46.72077677,-0.6981676681771364,0.8764599693066597,-0.6266967379579456
46.72553151,-0.4489661933005061,0.4520627821000055,-0.6461041595013045
46.7302862,-0.1960559624094609,0.026706316711226814,-0.6584381177952928
46.73504094,0.057714485478476574,-0.3943968399785156,-0.6633893133350744
46.73979568,0.3094991513637411,-0.8061230530711277,-0.6607282872147456
46.74455037,0.5564953784130238,-1.203509906648649,-0.6503112289679985
46.74930511,0.795985289793966,-1.5818262402251992,-0.6320846840742594
46.75405985,1.0253768770235852,-1.936638784043112,-0.6060891942404768
46.75881454,1.2422436485976887,-2.263874175129216,-0.5724619394689398
46.76356927,1.4443616944296818,-2.5598751163615967,-0.5314384527828472
46.76832401,1.6297430258125187,-2.8214494661211904,-0.48335344347020637
46.7730787,1.7966641197311939,-3.0459111327034,-0.428640694072175
46.77783344,1.9436887335409403,-3.2311118071260814,-0.3678318992446886
46.78258818,2.0696842584055624,-3.3754628036010113,-0.3015542116515876
46.78734287,2.1738311373484063,-3.4779465816800164,-0.2305261823411805
46.79209761,2.255625169187761,-3.538117880322784,-0.1555517642798749
46.79685235,2.314872829501445,-3.556094775050767,-0.07751211017624836
46.80160704,2.3516800360588634,-3.5325403415711625,0.0026449628905216944
46.80636177,2.3664350414567017,-3.4686359369518893,0.08391777978973887
46.81111651,2.359786330479567,-3.366047360341702,0.1652656320982961
46.8158712,2.3326165268758694,-3.226885307225321,0.24562522254203364
46.82062594,2.2860133774695757,-3.053661576167942,0.32392825167579653
46.82538063,2.221238889526358,-2.849242430230308,0.3991196554019857
46.83013537,2.139697658877548,-2.6168003720609305,0.4701760301123426
46.83489011,2.0429053491566482,-2.3597653842231363,0.5361238225565025
46.83964485,1.9324581741708808,-2.0817764411248114,0.5960568885808019
46.84439954,1.8100041035271779,-1.78663384433943,0.649153026254227
46.84915427,1.677216362687953,-1.4782526959130877,0.6946890686979468
46.85390896,1.53576963812349,-1.1606176263241625,0.7320540986082134
46.8586637,1.3873192331293975,-0.8377387501527468,0.7607603454377599
46.86341844,1.2334832611737636,-0.5136087410176512,0.7804513695381616
46.86817313,1.0758278251945617,-0.19216089859041238,0.7909072347411317
46.87292787,0.9158550249453914,0.12277188161220633,0.7920465147161142
46.87768261,0.7549935652681898,0.4274972418605608,0.7839251478695538
46.8824373,0.5945917031173783,0.7185024915046074,0.7667323228320135
46.88719204,0.43591226256340243,0.9924924943180761,0.7407837156404163
46.89194677,0.2801294567009686,1.2464259450260378,0.7065124927786078
46.89670146,0.12832727703239735,1.477549546863557,0.6644585360818852
46.9014562,-0.018500760515943168,1.6834295065981095,0.6152563442932998
46.90621094,-0.15945069358652858,1.8619797018486492,0.559622038969642
46.91096563,-0.29370617080505806,2.01148585528388,0.49833986709327893
46.91572037,-0.4205356309382881,2.130625075879603,0.4322485587318562
46.92047511,-0.5392887511011685,2.2184801996626606,0.3622278635929792
46.9252298,-0.64939233706229,2.2745484780855545,0.28918554569598676
46.92998454,-0.7503458731767877,2.298744314382504,0.21404505101684793
46.93473927,-0.8417170052977252,2.291395926645934,0.13773397669346302
46.93949396,-0.9231372846794985,2.2532360079294276,0.061173370786015834
46.9442487,-0.9942985385786619,2.185386643549103,-0.014732203607846127
46.94900344,-1.054950238620173,2.0893389183871776,-0.08910397533275605
46.95375813,-1.104898200581663,1.9669277881322378,-0.16109780396294943
46.95851287,-1.1440048660884459,1.8203028871956035,-0.22991268500995296
46.96326761,-1.1721912919250093,1.6518959963568103,-0.2947989861022389
46.9680223,-1.1894408155865825,1.46438589314661,-0.35506638536852275
46.97277704,-1.195804189418042,1.260661259060566,-0.41009139329913835
46.97753177,-1.1914057964994025,1.0437822248628603,-0.45932427513654117
46.98228646,-1.176450398362907,0.8169410083997691,-0.5022951627942323
46.9870412,-1.1512297380887266,0.5834219546302666,-0.5386191505900151
46.99179594,-1.1161282512555804,0.34656114641459657,-0.5680001964005535
46.99655063,-1.071627135273546,0.10970564029782864,-0.5902336867444302
47.00130537,-1.0183061001261984,-0.12382768499883015,-0.6052075628954926
47.00606011,-0.956842266464275,-0.3507936836272564,-0.6129019441614699
47.0108148,-0.8880058780680613,-0.5680608527839953,-0.6133872280485041
47.01556954,-0.8126527367798251,-0.7726534201653397,-0.6068207013819906
47.02032427,-0.7317135269287878,-0.9617932502761735,-0.5934417657075405
47.02507896,-0.6461804475099355,-1.132941001248683,-0.5735659624987486
47.0298337,-0.5570917860814738,-1.2838357520458445,-0.5475780682640311
47.03458844,-0.4655152219726807,-1.4125321351487676,-0.5159245977747632
47.03934318,-0.37253071857852227,-1.5174338771440623,-0.47910608280628814
47.04409787,-0.27921384777203456,-1.597322586272113,-0.4376694658955358
47.04885261,-0.18662028914706943,-1.6513806406139273,-0.39220085890747136
47.05360735,-0.09577207886036358,-1.6792071256172882,-0.3433187784939641
47.05836204,-0.00764597020518448,-1.6808259439203657,-0.2916678157326969
47.06311677,0.07683596307909865,-1.6566854691679254,-0.2379125647278755
47.06787146,0.15681357296864504,-1.6076494277916427,-0.18273155934972707
47.0726262,0.23149401579101897,-1.534979048615293,-0.1268109655397209
47.07738094,0.30015568429088185,-1.4403068905088867,-0.07083784147788946
47.08213563,0.36215118633639176,-1.3256031085164075,-0.015492881857754354
47.08689037,0.41690986844309813,-1.1931352155435642,0.03855732904568071
47.09164511,0.4639403300115448,-1.0454226146584187,0.09066844401836037
47.09639985,0.5028332816457592,-0.8851873035190059,0.14022669181889041
47.10115454,0.5332649851189021,-0.71530218711543,0.1866572309871685
47.10590927,0.5550013858916765,-0.5387383876560876,0.22943230753871832
47.11066396,0.5679029193172087,-0.35851282760583625,0.26807900092958464
47.1154187,0.5719298441996677,-0.17763720379850545,0.3021863439026344
47.12017344,0.5671478371528075,0.000930712142337239,0.3314116079426015
47.12492818,0.5537334733893425,0.17433270084279623,0.35548555717681585
47.12968287,0.531979129965244,0.33985208463934846,0.3742164911268283
47.13443761,0.5022967828128376,0.49495167835904036,0.3874929234812366
47.1391923,0.4652201361014923,0.6373074417335185,0.39528478194524763
47.14394704,0.42140452719749744,0.7648376905399621,0.39764306142447564
47.14870177,0.37162409535643814,0.8757278158053621,0.39469791295464135
47.15345651,0.31676578606259537,0.9684505299876154,0.38665519577339885
47.1582112,0.25781988099922004,1.0417817091766242,0.37379155474099246
47.16296594,0.19586688897600418,1.094811934559078,0.3564481114228292
47.16772063,0.13206079743369836,1.1269538571491733,0.33502288165947064
47.17247537,0.06760885871161637,1.1379455182394596,0.30996206373354124
47.17723011,0.00374826174576119,1.127849755207911,0.2817503843951438
47.18198485,-0.05827978978458657,1.0970498108956634,0.2509007449308897
47.18673954,-0.11725791606502509,1.0462412496304516,0.21794347108069936
47.19149427,-0.17202150781667933,0.9764202701479836,0.18341552912086076
47.19624901,-0.22148787377681642,0.8888685004296155,0.14785011135950502
47.2010037,-0.26468462424807304,0.7851343648674554,0.11176700043431602
47.20575844,-0.30077631396576515,0.6670111306980965,0.07566407867492898
47.21051318,-0.3290884019186185,0.5365117670786803,0.04001025207223407
47.21526787,-0.34912766477689855,0.3958407848137194,0.005239919642747899
47.22002261,-0.3605983200680253,0.24736326652271468,-0.02825103442970528
47.22477735,-0.3634132679034796,0.09357134597185915,-0.060107881136903116
47.22953204,-0.3577000351087686,-0.06295154794262968,-0.09001855624482172
47.23428677,-0.343801190081003,-0.21956830204219302,-0.11771429273634582
47.23904151,-0.32226917796300175,-0.3736271317536999,-0.14296958950108837
47.2437962,-0.29385569339761114,-0.5225014675075325,-0.16560165743290317
47.24855094,-0.25949585496413163,-0.6636301142169031,-0.18546941249280535
47.25330568,-0.22028756785739562,-0.794557025481793,-0.2024720430094365
47.25806037,-0.17746655978268722,-0.912970000580058,-0.21654717918809643
47.26281511,-0.13237765269882631,-1.016737609930184,-0.22766872916794262
47.26756985,-0.08644289467100455,-1.1039436837730578,-0.23584449285716208
47.27232454,-0.04112722674406219,-1.1729187526606981,-0.2411136914261723
47.27707927,0.002097596026072519,-1.2222678965006295,-0.24354453575755017
47.28183401,0.04179006950351661,-1.2508945316213547,-0.2432319004641165
47.2865887,0.07657619390349947,-1.258019736675448,-0.24029509091203888
47.29134344,0.10518608602206536,-1.2431967869191227,-0.23487561999445342
47.29609818,0.1264890971963144,-1.2063206350090638,-0.22713487720237646
47.30085287,0.13952657300953425,-1.1476321494134698,-0.21725158698983438
47.30560761,0.14354139534036972,-1.0677170030217693,-0.20541900806276048
47.31036235,0.13800347020045386,-0.9674991961664049,-0.19184189671336488
47.31511704,0.12263036880167014,-0.8482292974709471,-0.17673331936852882
47.31987177,0.09740239726103078,-0.7114675858981959,-0.16031143333090975
47.32462651,0.0625714642621659,-0.5590623691107443,-0.14279635388666917
47.3293812,0.018663236817123827,-0.3931238292476317,-0.12440719672814528
47.33413594,-0.03352777727465506,-0.2159938046842052,-0.1053593433735206
47.33889068,-0.09295040507048899,-0.030211958119284777,-0.08586194540066044
47.34364537,-0.1583162236661693,0.16152118651468253,-0.06611567840893502
47.34840011,-0.22812597155253234,0.356383828063256,-0.04631078236740293
47.35315485,-0.3007024761251027,0.5514745575851804,-0.026625467153956694
47.35790959,-0.374229381184888,0.7438555559755886,-0.007224795068686804
47.36266427,-0.44679473604777475,0.9305967461105183,0.011739847093833527
47.36741901,-0.5164383123193859,1.1088203158122338,0.03013061389837397
47.37217375,-0.5812013559219623,1.275745024163938,0.0478224053559248
47.37692844,-0.6391773677777216,1.4287297046649137,0.06470149619470086
47.38168318,-0.6885624411578383,1.565315381402081,0.08066375637035386
47.38643792,-0.727703670129056,1.6832654147637887,0.09561268254563024
47.39119261,-0.7551441836303109,1.780603087391244,0.10945747709303089
47.39594735,-0.7696634531734193,1.8556460270585458,0.12211138806727297
47.40070209,-0.7703116655505323,1.9070368421479522,0.1334904672444444
47.40545677,-0.756437138857862,1.9337693223712424,0.14351282977338173
47.41021151,-0.7277059821381913,1.9352095414568136,0.1520984296962473
47.41496625,-0.6841134464244888,1.9111112019434957,0.15916932028919967
47.41972094,-0.6259866782599359,1.8616245980124868,0.16465035745670606
47.42447568,-0.5539788569215811,1.7872986507850843,0.168470326006347
47.42923042,-0.46905496554497195,1.6890755966811895,0.17056350860424122
47.43398511,-0.3724697065680982,1.5682780820994031,0.17087175457569198
47.43873985,-0.2657383153090934,1.4265886303265491,0.16934711829500176
47.44349459,-0.1506012420820639,1.2660216885404696,0.16595510765430316
47.44824927,-0.028983850545156148,1.0888887200828241,0.16067850576159393
47.45300401,0.09704759496184108,0.8977570633257413,0.1535216110957202
47.45775875,0.2253323164773371,0.6954035155210702,0.14451460361140395
47.46251349,0.35366244662549456,0.4847638008063122,0.13371761800601525
47.46726818,0.4798302112360079,0.26887923235238564,0.12122402736580958
47.47202292,0.6016737016276139,0.0508419716234982,0.10716244431074455
47.47677766,0.7171202183572504,-0.16625967872388442,0.09169705050996009
47.48153235,0.8242263443551253,-0.37939453543656815,0.07502606027304365
47.48628709,0.9212140897609828,-0.5856390150583111,0.057378371280964575
47.49104183,1.0065026284559222,-0.7822236368846952,0.03900869525284094
47.49579651,1.0787353073722175,-0.9665745485472383,0.02019162975411326
47.50055125,1.136801747843009,-1.1363493312319832,0.0012151855248953543
47.50530599,1.1798549679882886,-1.2894666447564491,-0.017625782450408602
47.51006068,1.2073235317377604,-1.4241295938993395,-0.03603593703850175
47.51481542,1.2189187725028416,-1.5388429977523208,-0.053725468581983925
47.51957016,1.2146371527966011,-1.6324249847387973,-0.07041571642122048
47.52432485,1.1947578162511585,-1.7040134899676143,-0.08584440366171456
47.52907959,1.1598353790790301,-1.753068289614991,-0.0997704643790414
47.53383433,1.1106880059706037,-1.7793691785361834,-0.11197839863184336
47.53858907,1.0483808289589982,-1.7830108059494656,-0.12228206285022554
47.54334375,0.9742048025139411,-1.7643945605658207,-0.13052781144370634
47.54809849,0.8896511482785366,-1.7242177704644015,-0.1365969460744831
47.55285323,0.796381630434666,-1.6634603747441754,-0.1404074800394791
47.55760792,0.69619501541096,-1.5833691407740622,-0.14191526014109665
47.56236266,0.5909902005031167,-1.4854394389388772,-0.1411144913154896
47.5671174,0.4827266350384525,-1.3713945382252108,-0.13803768375589548
47.57187209,0.37338279459242063,-1.243162346177297,-0.13275501013096386
47.57662683,0.26491359341047915,-1.1028494884680708,-0.12537305008466348
47.58138157,0.15920772252905768,-0.9527126164870131,-0.11603292888162146
47.58613625,0.058045971973167874,-0.7951268591606987,-0.10490792187995619
47.59089099,-0.03693837059670434,-0.632551408666322,-0.09220066588419684
47.59564573,-0.12429595564424122,-0.46749235241077297,-0.07814014939788075
47.60040042,-0.20279359094945584,-0.30246302950004517,-0.06297861533700418
47.60515516,-0.2714412652417004,-0.13994238420812977,-0.046988403512228646
47.6099099,-0.32951310392754024,0.017668007799943878,-0.030458623189682812
47.61466459,-0.3765615266666567,0.16808737234088322,-0.013691433566351639
47.61941933,-0.41242405340651334,0.30919859587865745,0.003002330318277769
47.62417407,-0.43722241528065714,0.4390893540158612,0.01930839654452899
47.6289288,-0.45135386664816085,0.5560902778092575,0.034915238234542754
47.63368349,-0.4554748593179298,0.658808908186567,0.04952110165590563
47.63843823,-0.45047752062666524,0.7461582316141278,0.06284161336697387
47.64319297,-0.4374596599986992,0.8173786964702804,0.07461757373036886
47.64794766,-0.4176892962677373,0.8720527780106594,0.08462248505608069
47.6527024,-0.3925649300842913,0.9101113844836489,0.09266937013750956
47.65745714,-0.36357296202221573,0.9318316674429529,0.09861649547118953
47.66221183,-0.33224376122498955,0.9378261015422668,0.10237170147446871
47.66696657,-0.30010791201603304,0.9290230164440246,0.10389514001733328
47.67172131,-0.26865410474515006,0.9066390775922016,0.10320031419973766
47.67647599,-0.23928999693084194,0.8721445045307719,0.10035340006577576
47.68123073,-0.21330716226782448,0.8272220674811627,0.0954709038870483
47.68598547,-0.19185098475791224,0.7737211009773985,0.08871577392827167
47.69074016,-0.1758960640080402,0.7136079090168543,0.08029214479097141
47.6954949,-0.16622739873214998,0.6489140070264419,0.0704389459096051
47.70024964,-0.16342733153328348,0.5816836549845879,0.05942265042841892
47.70500438,-0.16786798973605976,0.5139220906380398,0.04752947103560661
47.70975907,-0.1797087613268055,0.4475457827023186,0.035057321019817886
47.7145138,-0.19889821422657558,0.38433590453788063,0.022307851989576483
47.71926855,-0.22517980822492706,0.325896093320687,0.009578859007264101
47.72402323,-0.25810076318845715,0.2736154208481696,-0.0028426856908041727
47.72877797,-0.2970235291875531,0.2286373679321894,-0.014686747411355318
47.73353271,-0.34113944087943787,0.19183546652269143,-0.02570532141595933
47.7382874,-0.3894843086884793,0.16379614802377904,-0.03567640485814114
47.74304214,-0.44095587473632414,0.14480920485006094,-0.044406842709517426
47.74779688,-0.4943332102788083,0.13486612667944553,-0.05173414383938012
47.75255162,-0.548298224933362,0.13366640666261553,-0.05752745523666569
47.7573063,-0.6014594777935423,0.14063172334687102,-0.061687944978568325
47.76206104,-0.6523784217549226,0.15492769309938406,-0.06414886497931498
47.76681579,-0.6995980820753038,0.17549266177274894,-0.06487553849338798
47.77157047,-0.741673983864083,0.20107277345088095,-0.06386544788611137
47.77632521,-0.7772069224434385,0.2302623310716141,-0.0611484938478368
47.78107995,-0.8048769409970022,0.2615482624945647,-0.056787371460934113
47.78583464,-0.8234776675303395,0.2933573401961007,-0.05087788060522458
47.79058938,-0.8319499896399312,0.32410468576418394,-0.0435488831304231
47.79534412,-0.829413926262527,0.3522420304032934,-0.03496156342024475
47.80009881,-0.8151974998718211,0.37630420238488665,-0.025307661444063805
47.80485354,-0.788861425098321,0.39495236830529545,-0.014806431666751165
47.80960828,-0.7502185107594851,0.4070126600380458,-0.00370022292003823
47.81436297,-0.6993468180236377,0.41150896637221474,0.007751255090100671
47.81911771,-0.6365958201705723,0.4076888532932148,0.01927774976916548
47.82387245,-0.5625850575000374,0.39504179857948624,0.03060601880989009
47.82862719,-0.4781950596068406,0.3733091849585072,0.04146771612179746
47.83338188,-0.38455060097417254,0.34248579001094687,0.05160722693827234
47.83813662,-0.2829966510401893,0.3028128347362883,0.06078914148393399
47.84289136,-0.17506766573377538,0.2547629948409713,0.06880514976581123
47.84764605,-0.06245113472793181,0.19901812223131227,0.07548021706745103
47.85240078,0.05305346178884815,0.13644074780174442,0.08067793557274595
47.85715552,0.1695789308606573,0.06804071841558522,0.08430493705516505
47.86191021,0.28523636858203477,-0.005061458791778639,0.0863142096391464
47.86666495,0.3981612792668916,-0.08167284827184053,0.08670711557189424
47.87141969,0.5065581772209519,-0.16056612118353142,0.08553388435674916
47.87617438,0.6087420848628243,-0.2405156576686333,0.08289237398014189
47.88092912,0.7031754710723687,-0.3203301138684623,0.07892495560194093
47.88568386,0.7884993858899983,-0.3988800830828754,0.07381347555110584
47.8904386,0.8635578364133204,-0.4751198068385838,0.06777236823110666
47.89519329,0.9274148009868709,-0.5481023004812737,0.061040119235470536
47.89994802,0.979363673361063,-0.6169877250910013,0.05386939714827878
47.90470276,1.0189293356461901,-0.6810453253754255,0.04651627746547979
47.90945745,1.0458634423996378,-0.7396497136417699,0.03922906914855099
47.91421219,1.0601338220050327,-0.7922726633727146,0.03223732032745186
47.91896693,1.0619091386595336,-0.8384718429869594,0.025741617925907463
47.92372167,1.051540095800276,-0.8778780503584318,0.019904795454884442
47.92847636,1.0295384983517615,-0.9101825002529308,0.014845111969998756
47.9332311,0.9965554316775489,-0.9351255828548272,0.010631856007843853
47.93798584,0.953359668096867,-0.9524882731179064,0.007283663623979037
47.94274052,0.900817190790968,-0.9620870535709364,0.00476963388580035
47.94749526,0.839872451066206,-0.9637728460988353,0.0030131037546735624
47.95225,0.7715316778370395,-0.9574340609687552,0.0018977387521055204
47.95700469,0.6968482719916868,-0.9430034926677033,0.0012754359429986582
47.96175943,0.6169100737383094,-0.9204684468648137,0.000975441846409414
47.96651417,0.5328281080655057,-0.8898831907343947,0.0008140660047238451
47.97126886,0.44572629986649387,-0.8513825955347181,0.0006044124295903126
47.9760236,0.3567316059516509,-0.8051956995953511,0.00016563494481183465
47.98077834,0.26696403298378474,-0.7516578750388365,-0.000668679478024489
47.98553308,0.1775260936535206,-0.691220343096071,-0.002043308882366741
47.99028776,0.08949139038599989,-0.6244559530662293,-0.004075623608714824
47.9950425,0.0038921939175138687,-0.5520604076081269,-0.006851445911976676
47.99979724,-0.07829391429164975,-0.47484845528458475,-0.01042269480375318
48.00455193,-0.15615806277467228,-0.393744940752935,-0.014806887826544156
48.00930667,-0.2288743169956073,-0.30977095990316644,-0.0199884502233159
48.01406141,-0.2957135123647338,-0.2240256735256839,-0.025921634953488693
48.0188161,-0.3560560048102224,-0.13766456421129103,-0.032534715607033506
48.02357084,-0.4094026233990682,-0.05187506838155845,-0.03973501253719137
48.02832558,-0.45538314485904363,0.03214941726442558,-0.04741427435666889
48.03308026,-0.4937617054458179,0.11323615601844379,-0.055453969635877974
48.037835,-0.5244387162428472,0.19025937207789348,-0.06373013735150566
48.04258974,-0.5474490431540415,0.26216537542025653,-0.07211757540336769
48.04734448,-0.562956434914877,0.3279957656612419,-0.08049328231570169
48.05209917,-0.5712444079577074,0.3869080924696635,-0.08873917703564639
48.05685391,-0.5727040012482136,0.43819347530979563,-0.09674418540585678
48.06160865,-0.5678189767795826,0.481290807924374,-0.10440579593465141
48.06636339,-0.5571491493377656,0.5157972897826174,-0.11163116347361456
48.07111808,-0.5413125777249284,0.5414751351041486,-0.11833779714097373
48.07587282,-0.5209673417571304,0.5582544074662734,-0.12445382916058938
48.08062756,-0.4967935745740701,0.5662320122480521,-0.12991784117274405
48.08538224,-0.46947633222040536,0.5656669495730361,-0.13467823384029742
48.09013698,-0.4396897771573633,0.5569719886518308,-0.13869216462762093
48.09489172,-0.408083041587149,0.5407019745316649,-0.14192413786455618
48.09964641,-0.37526802779602914,0.517539025744353,-0.1443443936164122
48.10440115,-0.3418092999652065,0.4882749317912082,-0.14592728873492605
48.10915589,-0.3082161275165555,0.45379111699194263,-0.14664988061389217
48.11391058,-0.2749366569031758,0.4150366035226996,-0.1464909059938623
48.11866532,-0.2423541200403182,0.3730044797389684,-0.14543029689887318
48.12342006,-0.21078493563586,0.32870745493521375,-0.143449303308455
48.1281748,-0.18047852500767914,0.2831531502802898,-0.14053121096575905
48.13292948,-0.15161864534602199,0.23731982745271474,-0.136662567185188
48.13768422,-0.12432603859888464,0.19213328073844188,-0.13183477038358885
48.14243896,-0.0986622005466652,0.1484456061204022,-0.12604584884393102
48.14719365,-0.07463408912560149,0.10701650747628577,-0.11930225294867298
48.15194839,-0.05219961026350444,0.06849770672646574,-0.11162050734003046
48.15670313,-0.0312737398635897,0.03342089928714225,-0.10302860414920463
48.16145782,-0.011735158812858046,0.0021895508855006387,-0.09356705378189968
48.16621256,0.006566708624354619,-0.024925319216237824,-0.08328953829330904
48.1709673,0.023804355784395083,-0.047785368028034673,-0.07226313330250346
48.17572204,0.04016465755782648,-0.06638130136914187,-0.06056808193991965
48.18047672,0.055841249590227855,-0.0808256320683299,-0.048297123828286194
48.18523146,0.07102694996297176,-0.09134216317346312,-0.035554405738860824
48.1899862,0.08590636855740744,-0.09825261580895969,-0.022454024972428203
48.19474089,0.10064886585619981,-0.10196088539916075,-0.009118273898593798
48.19949563,0.1154020336414585,-0.10293545719513841,0.004324342974639444
48.20425037,0.1302858717653622,-0.10169054208760435,0.01774126075383722
48.20900511,0.14538782671558134,-0.09876650720053863,0.0309981371011534
48.2137598,0.160758839445141,-0.09471017435426564,0.043961245537280556
48.21851454,0.17641052281461952,-0.09005554541276693,0.05649996002496056
48.22326927,0.19231355420283885,-0.08530548946440339,0.06848929409768559
48.22802396,0.20839732871009645,-0.08091489569206149,0.07981242369906472
48.2327787,0.22455087713634272,-0.07727576008166767,0.09036308116881336
48.23753344,0.2406250158010842,-0.07470463396619847,0.10004767164284178
48.24228813,0.2564356661396088,-0.0734328144609744,0.10878694787480278
48.24704287,0.27176826132661497,-0.07359959485896614,0.11651709806737048
48.25179761,0.28638314190979924,-0.07524881036567338,0.12319015803466336
48.25655235,0.3000218277522279,-0.07832880725438336,0.12877374508847522
48.26130704,0.3124140350366147,-0.08269583281663548,0.13325020523479086
48.26606177,0.3232852821144221,-0.08812069634815865,0.13661534093547537
48.27081651,0.3323648965407426,-0.09429839929679569,0.13887692225772802
48.2755712,0.33939420007564486,-0.10086028884099486,0.14005317197184525
48.28032594,0.34413461271155044,-0.1073881659312918,0.14017136362332833
48.28508068,0.34637538562011055,-0.11342968632334773,0.13926660083009054
48.28983542,0.3459406516547372,-0.11851433912243485,0.1373807786470847
48.29459011,0.3426954769190285,-0.1221692774000604,0.13456168094453627
48.29934485,0.3365506144281182,-0.12393431225193056,0.1308621494444269
48.30409959,0.32746570606751335,-0.12337546380675919,0.1263392702564292
48.30885427,0.31545075324192884,-0.12009658366685548,0.12105355644069674
48.31360901,0.30056577590617567,-0.11374871212945475,0.11506814921248425
48.31836375,0.2829186943845241,-0.10403699713355356,0.10844810010328089
48.32311844,0.2626615840378011,-0.09072516720916432,0.10125981481685928
48.32787318,0.23998555344708158,-0.07363770608511275,0.09357072653054786
48.33262792,0.21511456947188692,-0.052660011505234416,0.08544922588056705
48.33738266,0.18829859101862922,-0.0277369258431376,0.07696482430081351
48.34213735,0.15980637890046107,0.0011299058133335347,0.06818848772470595
48.34689209,0.1299183292601366,0.03388536661524524,0.05919306060872183
48.35164683,0.09891964292228393,0.07042441567619469,0.050053702871315824
48.35640151,0.06709410152541853,0.11059542556325626,0.04084827275305005
48.36115625,0.03471867804680368,0.1542029547611193,0.03165759663103738
48.36591099,0.0020591652674628795,0.20100969205778432,0.022565570786261136
48.37066573,-0.030633040226564285,0.25073741444074865,0.013659045275537293
48.37542042,-0.06312291040710945,0.30306691206006703,0.005027451914177167
48.38017516,-0.09519248133666051,0.35763694831339043,-0.0032378424284608283
48.3849299,-0.12664030062104742,0.4140424354638392,-0.011044453785599782
48.38968459,-0.15727972464233617,0.47183211098962075,-0.018300147644740503
48.39443933,-0.186936236711922,0.5305060902379781,-0.024914219951797482
48.39919407,-0.21544402804767374,0.5895137388837192,-0.030799056292461224
48.40394875,-0.24264214262790745,0.6482523462399674,-0.0358718377120089
48.40870349,-0.26837052535466893,0.7060670813031414,-0.04005636702220539
48.41345823,-0.2924663235187938,0.7622526738109213,-0.043284988392275216
48.41821297,-0.31476077073042114,0.8160571820448854,-0.04550056187164445
48.42296766,-0.3350769308179307,0.8666880908841619,-0.04665843536266164
48.4277224,-0.35322850149413915,0.913320835367028,-0.04672833555742385
48.43247714,-0.3690197825609194,0.9551096792744161,-0.045696082413126816
48.43723183,-0.3822468128807007,0.991200711963634,-0.04356502186151749
48.44198657,-0.3926995874102672,1.0207465788076096,-0.04035706899308189
48.4467413,-0.4001651920246153,1.0429224479579695,-0.036113258800733614
48.45149599,-0.4044316475864537,1.0569426496092484,-0.030893714969100802
48.45625073,-0.40529223918126256,1.0620774069672234,-0.024776971836449967
48.46100547,-0.4025501216180974,1.0576691078558926,-0.017858622379518543
48.46576021,-0.3960230353308227,1.0431476349854996,-0.010249313833218638
48.4705149,-0.38554803101682,1.0180443707879165,-0.002072165547628545
48.47526964,-0.3709861751875143,0.9820046064339805,0.006540268077640405
48.48002438,-0.35222727686631544,0.9347981999099658,0.01544933051907828
48.48477912,-0.32919472174768694,0.8763284311734872,0.024513712350306627
48.4895338,-0.3018505114342549,0.8066390826463461,0.03359283367795484
48.49428854,-0.270200576464521,0.7259198243429945,0.04254999080713717
48.49904329,-0.23430036616789562,0.6345100030761058,0.051255129491312626
48.50379797,-0.1942606263104096,0.5329009260329576,0.05958715177295183
48.50855271,-0.15025317113861525,0.4217366938955398,0.0674357123711176
48.51330745,-0.10251635576520873,0.30181358202147796,0.07470250246889404
48.51806214,-0.05135987430277511,0.17407789641373075,0.08130204607923812
48.52281688,0.002831537599910809,0.03962215376818453,0.08716204813909977
48.52757162,0.05959592341288554,-0.10032063572669786,0.09222334322378237
48.53232631,0.11839384445718698,-0.24438485425020587,0.09643950968644521
48.53708104,0.17861036673398425,-0.3910826199062259,0.09977624003493957
48.54183578,0.23955953651387124,-0.5388168551837204,0.10221058837736258
48.54659052,0.3004914780648886,-0.6858972860198294,0.1037302361554239
48.55134521,0.3606021279039257,-0.8305594821604274,0.10433291354690312
48.55609995,0.41904549608089453,-0.970986931380051,0.1040260780348781
48.56085469,0.474948223137287,-1.105336010211216,0.10282688816500223
48.56560938,0.5274260873765547,-1.2317635814370362,0.10076243627348293
48.57036412,0.5756020157689508,-1.3484568194113855,0.09787014174386166
48.57511886,0.6186250679138422,-1.4536647409928105,0.09419817458188266
48.5798736,0.6556898010622759,-1.5457308043200915,0.0898057832948135
48.58462828,0.6860553900687931,-1.6231258329048763,0.08476343163033988
48.58938302,0.7090638727239245,-1.6844804342995534,0.07915268623829316
48.59413776,0.7241569190915825,-1.7286160194712281,0.07306582235140462
48.59889245,0.7308905807031247,-1.7545735011190076,0.06660511708919367
48.60364719,0.7289475559383602,-1.7616387657498807,0.05988178329818792
48.60840193,0.7181466040558743,-1.7493640807502921,0.0530144747429287
48.61315667,0.698448844783918,-1.7175847130906987,0.046127283140722904
48.61791136,0.6699607873999714,-1.6664301925189478,0.03934716278847593
48.6226661,0.6329340385728607,-1.5963298342107963,0.032800765379808604
48.62742084,0.5877617381855164,-1.5080123245661043,0.02661074170911337
48.63217552,0.534971863121001,-1.402499349978137,0.020891653119572612
48.63693026,0.47521761749054564,-1.281093398352267,0.01574571127590815
48.641685,0.4092651925858742,-1.1453599828655268,0.011258607695472163
48.64643974,0.3379792308551349,-0.9971046325827705,0.00749569000899107
48.65119443,0.2623063656351487,-0.8383450763477914,0.004498689322034622
48.65594917,0.1832572329329105,-0.671279125471997,0.002283117524406836
48.66070391,0.10188736579539477,-0.49824884169386524,0.0008363638498414866
48.6654586,0.019277390226524155,-0.3217016561927642,0.0001164597595244618
48.67021334,-0.06348705155962801,-0.14414917415107867,5.147360304142456e-05
48.67496808,-0.14533521795076482,0.03187555118387967,0.0005395421480291504
48.67972282,-0.22523058702839527,0.20386146342813788,0.0014496200949134592
48.6844775,-0.30218914021792026,0.36936284448329576,0.0026230905281682507
48.68923224,-0.37529618249142416,0.5260417256522988,0.0038763911680398423
48.69398698,-0.4437212949041224,0.6717085363492149,0.005004756658822495
48.69874167,-0.5067310565112862,0.8043601520302456,0.0057870690343131016
48.70349641,-0.5636992323823378,0.922214504090264,0.005991683782915069
48.70825115,-0.6141142003388106,1.0237409358557183,0.005383000308909291
48.71300589,-0.6575834770521762,1.1076855425160743,0.0037285012055233023
48.71776058,-0.6938352995512826,1.1730908258593127,0.0008059968494090627
48.72251532,-0.7227173160513987,1.2193091269400664,-0.0035891399877870673
48.72727006,-0.744192535061869,1.246009464632039,-0.00963690994623754
48.73202474,-0.7583327691105003,1.2531775945171193,-0.017485916250861235
48.73677948,-0.7653098854373871,1.2411092988842922,-0.027247000507971304
48.74153422,-0.7653852377664737,1.2103971146246804,-0.03898741257131607
48.74628896,-0.7588976981337546,1.1619108942988992,-0.05272566684466113
48.75104365,-0.7462507340294838,1.0967727717647164,-0.06842725837005947
48.75579839,-0.7278989842653519,1.0163272636006053,-0.0860014194243247
48.76055313,-0.7043347795275193,0.9221073773248031,-0.1052990889268608
48.76530782,-0.6760750332374117,0.8157977133896153,-0.12611224620030137
48.77006256,-0.643648896348348,0.6991956369768187,-0.1481747327256641
48.7748173,-0.6075865259174372,0.5741716553305621,-0.17116465428366198
48.77957204,-0.5684092615861376,0.4426301647729871,-0.19470842251484355
48.78432672,-0.5266214375249023,0.3064717260970836,-0.21838645890007471
48.78908146,-0.48270398209890925,0.16755798318819304,-0.24174054446324159
48.7938362,-0.4371098757918485,0.027680250682814992,-0.264282754052167
48.79859089,-0.39026145181656613,-0.11146734456808798,-0.28550586258000027
48.80334563,-0.34254943627615414,-0.24830947861864466,-0.30489504768429837
48.80810037,-0.29433354126379757,-0.3814055546208616,-0.321940633912231
48.81285511,-0.24594435293237404,-0.509459760174883,-0.33615152710874296
48.8176098,-0.1976862048879937,-0.6313253594661884,-0.3470688840126016
48.82236454,-0.14984069897728622,-0.7460035827646401,-0.35427947471692334
48.82711927,-0.10267053024559737,-0.8526377038797315,-0.3574281572555494
48.83187396,-0.056423289218355564,-0.9505030817809709,-0.35622892169066883
48.8366287,-0.011334953397007897,-1.03899408028877,-0.3504740802421583
48.84138344,0.03236715710963438,-1.1176088647927322,-0.3400413519385611
48.84613818,0.07446209844260074,-1.1859331024232347,-0.32489876244881033
48.85089287,0.1147337323651982,-1.2436235583960455,-0.30510740068548303
48.85564761,0.15296979734554952,-1.290392487051263,-0.2808221194413052
48.86040235,0.18896146258919497,-1.3259935692511444,-0.2522902509991485
48.86515704,0.22250314644736596,-1.3502099647242756,-0.21984836946366623
48.86991177,0.25339236023683437,-1.3628448521813386,-0.1839171118999517
48.87466651,0.281429359290801,-1.3637146471405783,-0.1449940957963095
48.87942125,0.30641644015704445,-1.3526449382145342,-0.10364504013746602
48.88417594,0.3281568070401007,-1.3294690782359686,-0.06049328764113443
48.88893068,0.346453030772473,-1.294029307381731,-0.016208003218582543
48.89368542,0.3611052289437187,-1.246180263401638,0.028508636789112956
48.89844011,0.37190919674600637,-1.1857947370904374,0.07293495380862043
48.90319485,0.37865480630743253,-1.112771547278751,0.1163436956025497
48.90794959,0.3811250602287721,-1.0270454294986495,0.1580161393126043
48.91270433,0.3790962257455615,-0.9285988491649324,0.19725613956591972
48.91745901,0.37233948344365486,-0.8174756569880165,0.2334038832188685
48.92221375,0.3606244942423026,-0.6937964934149666,0.2658490899036681
48.92696849,0.34372521760450064,-0.5577758114763102,0.2940433819334063
48.93172323,0.32142820229951125,-0.4097403167288468,0.3175115553804545
48.93647792,0.2935434219232002,-0.25014851694875984,0.3358615205654152
48.94123266,0.2599175483316454,-0.07961093674438834,0.3487927340943172
48.9459874,0.2204493578264308,0.10108960728547003,0.35610299592356454
48.95074209,0.1751067597594224,0.290978443578622,0.3576935141949346
48.95549683,0.12394473907666076,0.48887112934903615,0.35357213803847826
48.96025157,0.06712332910694004,0.6933582544326319,0.3438546290159592
48.9650063,0.004924596252665499,0.9027941381012053,0.32876380314860804
48.96976099,-0.062232459038706556,1.1152906366765272,0.30862635155885465
48.97451573,-0.13378018838810965,1.3287172585791627,0.28386716088844693
48.97927047,-0.20899480524358,1.5407086895567053,0.25500101914497214
48.98402516,-0.2869940156099901,1.748680663352319,0.22262171114166615
48.9887799,-0.3667404631055093,1.9498548758820904,0.187388669270915
48.99353464,-0.44705142479241805,2.141293341383717,0.15001152569882717
48.99828938,-0.5266148997232621,2.3199422368844465,0.1112330777755901
49.00304407,-0.6040119188072886,2.482684889439197,0.0718112956553527
49.0077988,-0.6777445936241098,2.626403144978406,0.032501046515679206
49.01255354,-0.7462691342199896,2.748045937589361,-0.00596382022028018
49.01730829,-0.8080328192691735,2.8447034751460243,-0.042887469016678725
49.02206297,-0.861513707744498,2.913685093264574,-0.0776277078784467
49.02681771,-0.9052617441960521,2.9525985245707833,-0.10960990230711064
49.03157245,-0.9379398297278951,2.959428100419888,-0.1383388915371141
49.03632714,-0.9583634056087293,2.932609259025533,-0.16340866064172113
49.04108188,-0.9655371239083873,2.871096684355165,-0.184509541248037
49.04583662,-0.9586872576326076,2.774423447150516,-0.2014327360838395
49.05059136,-0.9372886295873095,2.6427486630409716,-0.2140720035976065
49.05534604,-0.901085012788182,2.476891420734246,-0.22242240502316163
49.06010078,-0.8501021736294923,2.278349061747962,-0.2265761059385082
49.06485552,-0.784652988986419,2.0492983065560972,-0.22671533039070182
49.06961021,-0.7053343642659096,1.7925782132126487,-0.22310267794584465
49.07436495,-0.6130160024851262,1.5116545142740034,-0.2160691220581184
49.07911969,-0.5088214129022646,1.2105654937911712,-0.20600010331809687
49.08387443,-0.3941018860181029,0.89385022105631,-0.19332020931244914
49.08862912,-0.2704044799754918,0.566460627890649,-0.1784769959785154
49.09338386,-0.13943533724443707,0.23365957031858217,-0.16192455938453645
49.0981386,-0.0030198536266863433,-0.09909238435604363,-0.1441075150427433
49.10289328,0.1369386695849549,-0.4262581991828983,-0.12544607782991773
49.10764802,0.2785002601676904,-0.742350022535997,-0.10632294216238136
49.11240276,0.41972787897401737,-1.042055439255107,-0.08707261709190321
49.1171575,0.5587240897176188,-1.3203604839996081,-0.06797375672108433
49.12191219,0.6936637807319219,-1.5726657483952242,-0.04924483796233014
49.12666693,0.8228222565955845,-1.7948922389495414,-0.031043288521038912
49.13142167,0.9445983524084935,-1.983574090673818,-0.013467890380273684
49.13617636,1.0575325253267769,-2.1359357661888736,0.0034359757008262386
49.1409311,1.1603201192127568,-2.2499519238127323,0.019668872449967956
49.14568584,1.2518201651688947,-2.324388677490613,0.03526835478308094
49.15044058,1.3310601751024125,-2.3588254664469677,0.05029922758145277
49.15519526,1.3972374216666117,-2.353657192774157,0.06484361187986831
49.15995,1.4497171970883966,-2.310076680590352,0.07899127133540337
49.16470474,1.4880285284853516,-2.230037885459598,0.09283050215019326
49.16945948,1.5118578191616177,-2.116200667998143,0.10643976829956427
49.17421417,1.5210408982608268,-1.971858366595938,0.119880180948486
49.17896891,1.5155539985151347,-1.8008498711315741,0.13318887763700676
49.18372365,1.4955042352350676,-1.6074584015062825,0.1463733545383348
49.18847834,1.461120210874701,-1.3962997011612688,0.15940684615762998
49.19323308,1.4127433948504227,-1.172202822810082,0.17222492519392682
49.19798782,1.350820905630914,-0.9400870636006721,0.18472358660223417
49.20274256,1.2759002383089602,-0.7048388576666137,0.19675914248122472
49.20749724,1.1886263356074,-0.471192527526457,0.20815024388076223
49.21225198,1.089741204041203,-0.24361872184027766,0.21868223585140165
49.21700672,0.9800860464152992,-0.026224130954504866,0.22811385020874228
49.22176146,0.8606056366277663,0.17733431122619997,0.2361859867110068
49.22651615,0.7323544236208942,0.3639180402381188,0.24263208540259626
49.23127089,0.5965036377681107,0.5309562055079959,0.24718940537521975
49.23602563,0.4543485005356488,0.6764743627616899,0.2496104344180858
49.24078032,0.3073145170992164,0.7991018940752445,0.24967367222860756
49.24553506,0.15696176719960192,0.8980583389781028,0.24719314671745815
49.2502898,0.004986104403119191,0.9731196390624436,0.24202621073370145
49.25504454,-0.14678377087064828,1.024566104499467,0.23407938702169148
49.25979922,-0.2963942836156441,1.0531146719812128,0.2233122410930199
49.26455396,-0.44178074612585483,1.059838705262871,0.20973942773132248
49.2693087,-0.5807874231988358,1.0460791552689448,0.1934311507056795
49.27406339,-0.7111941341295727,1.0133513104924083,0.17451228795245738
49.27881813,-0.8307493053424133,0.9632515975345264,0.15316037913837613
49.28357287,-0.9372090430389187,0.8973689112022409,0.12960258393745952
49.28832761,-1.0283814447977262,0.8172047498682921,0.10411164435450827
49.2930823,-1.1021750353014088,0.7241060037964638,0.0770008637861916
49.29783704,-1.1566499197432,0.6192136042073433,0.0486181652971745
49.30259177,-1.1900700256638683,0.5034294158824986,0.01933939429744989
49.30734651,-1.2009546748350088,0.3774027886247168,-0.010438858031259896
49.3121012,-1.1881277088507927,0.2415371307757826,-0.04030656614443126
49.31685594,-1.1507624882053458,0.09601580099362704,-0.06984738118071879
49.32161068,-1.088421277721069,-0.05915439346560572,-0.09864529345332343
49.32636537,-1.0010877862757293,-0.2240846854497205,-0.1262907315483612
49.33112011,-0.8891919045493253,-0.3989341218772375,-0.15238611750079203
49.33587485,-0.7536259479437192,-0.5838314190256392,-0.1765509943963241
49.34062959,-0.5957519457741425,-0.7787929750093112,-0.19842688239796724
49.34538427,-0.4173997185382325,-0.9836411810806357,-0.2176820011667513
49.35013901,-0.22085565521669417,-1.1979270398716486,-0.23401593553565578
49.35489375,-0.008842246332927461,-1.420860789164187,-0.2471642410681001
49.35964849,0.21551144995516414,-1.651253775355846,-0.25690291232288043
49.36440318,0.44870812827228973,-1.8874742600500398,-0.26305258679972904
49.36915792,0.6869289741010177,-2.1274192195650135,-0.2654823347642234
49.37391266,0.9260883724723054,-2.3685035528177703,-0.26411288010845846
49.3786674,1.1618960638071925,-2.607667481631776,-0.2589190980333121
49.38342209,1.3899261351737082,-2.8414023302250255,-0.24993163749375616
49.38817683,1.6056921193763858,-3.065794317867591,-0.2372375282361949
49.39293157,1.8047273196111513,-3.2765854946833337,-0.2209796698571565
49.3976863,1.9826692827537415,-3.4692504968417763,-0.2013551755475437
49.40244099,2.1353471199721845,-3.639087393963732,-0.17861265063305728
49.40719573,2.2588701380571767,-3.7813205473189417,-0.153048597604642
49.41195047,2.349716021289819,-3.891213091129627,-0.12500321451405666
49.41670516,2.404816613784221,-3.9641863913806943,-0.0948558611810193
49.4214599,2.4216392143281156,-3.9959436293585284,-0.06302040358751078
49.42621464,2.3982612234714957,-3.982594503017765,-0.02994053495620545
49.43096938,2.3334359847614907,-3.9207779369211324,0.003914950775012325
49.43572407,2.2266477407475254,-3.8077796341595485,0.03805705833836405
49.44047881,2.078153773356914,-3.6416412819580932,0.07198184765773873
49.44523354,1.8890120041912766,-3.421258232202739,0.10517623968147981
49.44998828,1.661092578562199,-3.1464625277503604,0.13712451733549225
49.45474297,1.3970722382609118,-2.8180882601929835,0.1673155686584227
49.45949771,1.1004106022624198,-2.4380164599184986,0.19525078031998414
49.46425245,0.7753078312718716,-2.0091970666982957,0.2204523414053891
49.46900714,0.4266435651259729,-1.5356460233573197,0.24247160874582915
49.47376188,0.059897501919519376,-1.0224161674232766,0.2608971652455999
49.47851662,-0.3189474670696612,-0.4755413367087319,0.2753622882582399
49.48327136,-0.7035180604374426,0.09804608620425888,0.28555169959459964
49.48802605,-1.0871772371627317,0.6906231321642382,0.29120761565999975
49.49278078,-1.4631619717768565,1.2938078306250014,0.2921351817527754
49.49753552,-1.8247289940355533,1.8987117793650197,0.2882073321078102
49.50229026,-2.1653049216642137,2.4961103674270517,0.2793690024033303
49.50704495,-2.4786369442042693,3.0766267300942176,0.2656405066385155
49.51179969,-2.758940067348436,3.6309250410392133,0.24711983876040805
49.51655443,-3.0010368960555653,4.149908402903084,0.2239836922183704
49.52130912,-3.2004860175523455,4.624916392359343,0.19648708500566098
49.52606386,-3.35369524070095,5.047917252236318,0.16496158765825886
49.5308186,-3.45801625586043,5.411689799020794,0.12981223134339545
49.53557334,-3.511817698378033,5.70999032214274,0.09151319393974501
49.54032802,-3.5145341251196514,5.937700081461315,0.050602321948672827
49.54508276,-3.466689036100548,6.090949448385182,0.007674471429529365
49.5498375,-3.3698907719907925,6.167215269741249,-0.03662641339338874
49.55459224,-3.226800864261575,6.165388647374093,-0.0816165763152949
49.55934693,-3.0410751757490195,6.085811006842138,-0.1265831086770565
49.56410167,-2.817278916408759,5.930277063444266,-0.17079589124263006
49.56885641,-2.5607773311633997,5.702004073319125,-0.21352055645255152
49.57361115,-2.277604522374017,5.405567573517849,-0.2540320604256211
49.57836584,-1.9743134843045826,5.046804660135557,-0.29162835721521785
49.58312058,-1.65781099150394,4.63268671827738,-0.3256436497032366
49.58787532,-1.3351814987902608,4.171164387589937,-0.3554607615497332
49.59263006,-1.0135046719636591,3.6709883999761046,-0.3805223204028503
49.59738474,-0.699671552789695,3.1415107290376265,-0.4003406283774913
49.60213948,-0.40020462694467845,2.5924712021571126,-0.4145062676007461
49.60689422,-0.12108716051515211,2.033775303207126,-0.4226955883533451
49.61164891,0.13239293659563045,1.475269301177069,-0.42467721531144487
49.61640365,0.35577978598848475,0.9265190514506895,-0.42031758299337085
49.62115839,0.5455623550694799,0.3965988111933801,-0.4095853188032793
49.62591313,0.6992597407448572,-0.10610383075689243,-0.39255410694965825
49.63066782,0.8154761587590563,-0.5740613006134418,-0.3694035721485284
49.63542256,0.8939239265014303,-1.0007527981825703,-0.34041777630984527
49.6401773,0.9354138734191567,-1.3807805794401833,-0.3059811248131403
49.64493204,0.9418137773394546,-1.7099530391025277,-0.2665717660305457
49.64968672,0.915976516856538,-1.9853331507773693,-0.2227528369217996
49.65444146,0.8616405724086267,-2.205252141760511,-0.17516207019708574
49.6591962,0.7833062607456746,-2.3692895576508426,-0.12450029478591351
49.66395094,0.6860916496602032,-2.4782220369952674,-0.07151924805928216
49.66870563,0.5755725017687561,-2.5339441072596953,-0.017008933633313062
49.67346037,0.45761087623069935,-2.539365085673599,0.03821542575728516
49.67821511,0.3381772055130453,-2.498286699358555,0.09332691595094747
49.6829698,0.2231707738436156,-2.415266329726317,0.14750104852703946
49.68772454,0.11824355131860632,-2.295470855278347,0.1999305126304013
49.69247927,0.028632267313403174,-2.1445259423864687,0.24984046375427799
49.69723401,-0.04099658088572348,-1.96836534489905,0.29650406482972375
49.7019887,-0.08668440865228876,-1.7730843481250333,0.33925780846331655
49.70674344,-0.10529699492885825,-1.5648009560734382,0.37751600664801904
49.71149818,-0.0946163690817705,-1.3495277970219859,0.41078376763739277
49.71625292,-0.053405495436792384,-1.1330570367295072,0.4386678019774357
49.72100761,0.018556093046788694,-0.920859867752352,0.4608845037207488
49.72576235,0.12046669647572332,-0.7180014160595504,0.47726491530159326
49.73051709,0.2505269555542552,-0.5290712038376475,0.4877563736006575
49.73527183,0.4059936040130245,-0.3581286654898546,0.4924208185973606
49.74002651,0.5832606965821434,-0.20866267150059853,0.491429901563272
49.74478125,0.7779657003355894,-0.08356361046532146,0.48505714911605124
49.74953599,0.985117096888218,0.014893656840227696,0.473667529616898
49.75429068,1.199239529148399,0.0850577116725064,0.4577048412041721
49.75904542,1.4145320492541247,0.1259009769749617,0.43767739948877676
49.76380016,1.6250346860648812,0.13701394297621597,0.41414253676309537
49.7685549,1.8247983530392655,0.11859417048931006,0.3876904170185473
49.77330959,2.008053064810042,0.07143057931550932,0.35892761735739065
49.77806433,2.169369526560374,-0.0031169059743813795,0.32846084597016983
49.78281907,2.303809402736297,-0.10314264590504801,0.29688109860157785
49.7875738,2.407059954155333,-0.22622605738238882,0.2647485356973251
49.79232849,2.4755492463271507,-0.36946853399536567,0.2325784005328918
49.79708323,2.5065387664120884,-0.5295371759308162,0.20082836774935273
49.80183797,2.498191027491005,-0.7027158678232207,0.169887763206695
49.80659271,2.449610565675442,-0.8849640228291814,0.14006908913079233
49.8113474,2.360857619349968,-1.0719830118591098,0.11160221501555834
49.81610214,2.2329346852591665,-1.2592899378303406,0.08463147997619465
49.82085688,2.0677470331762127,-1.4422980181292575,0.059215831358337474
49.82561162,1.8680390878893076,-1.616402429353504,0.03533201448876086
49.83036631,1.6373093168408106,-1.777070074380165,0.012880720404404699
49.83512104,1.3797068665359418,-1.919931381227052,-0.00830452620110031
49.83987579,1.0999136548255424,-2.0408719633449057,-0.028446100526752484
49.84463052,0.8030159421107166,-2.1361217858352544,-0.047809134875997666
49.84938521,0.4943695707131145,-2.202339409096031,-0.06668710294227348
49.85413995,0.17946308081400825,-2.236688928083139,-0.08538677093443013
49.85889469,-0.13621720926829883,-2.236907387200378,-0.10421312490132931
49.86364938,-0.44731631993250603,-2.201360712150572,-0.12345480557648872
49.86840412,-0.7487304500710177,-2.129086538264138,-0.14337048441297753
49.87315886,-1.0357145303567883,-2.0198227054201143,-0.16417652360421814
49.8779136,-1.3039750300640902,-1.874020610095927,-0.18603619839434676
49.88266828,-1.5497461729919904,-1.6928430357832933,-0.20905073107189867
49.88742302,-1.7698483763144455,-1.478146507135343,-0.23325238624629524
49.89217776,-1.9617283973964679,-1.2324486159736194,-0.2585998818591683
49.8969325,-2.1234813230186926,-0.958881135862499,-0.28497634612250966
49.90168719,-2.2538551282513217,-0.6611300664061821,-0.31218997351914424
49.90644193,-2.3522390401570474,-0.34336402333712773,-0.33997740646812297
49.91119667,-2.4186373472583105,-0.010152616191566578,-0.36800972370638335
49.91595141,-2.4536305930905717,0.33362336264514797,-0.3959007915597421
49.9207061,-2.4583262831906967,0.6828679677475682,-0.4232176560929417
49.92546084,-2.434301326251947,1.0323702632640042,-0.4494926227491179
49.93021558,-2.3835384311499497,1.3769064438723195,-0.4742366643710672
49.93497032,-2.3083586033306442,1.711341682570492,-0.4969537917831685
49.939725,-2.211351740243316,2.030729455806188,-0.5171559968221643
49.94447974,-2.0953071321863193,2.330406126684024,-0.5343783364947887
49.94923448,-1.9631454496330456,2.6060786530272315,-0.5481936836255645
49.95398917,-1.8178535576713968,2.853903432692501,-0.5582266432615116
49.95874391,-1.6624232568087605,3.070554503007063,-0.564166139156734
49.96349865,-1.4997948177045475,3.2532795698509913,-0.5657762144547809
49.96825339,-1.3328059627102165,3.399942647394982,-0.5629046595619644
49.97300808,-1.1641467541838633,3.5090524329325974,-0.5554891679024951
49.97776282,-0.9963206812340515,3.579775912651387,-0.5435608167306881
49.98251756,-0.831612093731616,3.6119370824835517,-0.52724476855245
49.9872723,-0.6720600136855959,3.6060010613219635,-0.5067581856640475
49.99202698,-0.5194382558088101,3.5630442594851126,-0.4824054445066265
49.99678172,-0.37524170661378264,3.4847116311624107,-0.4545708262384442
50.00153646,-0.240678540347067,3.373162373952723,-0.4237089417242087
50.0062912,-0.11666808747259995,3.2310057307072664,-0.390333218441201
50.01104589,-0.0038440158281346022,3.0612287894423176,-0.35500282940055294
50.01580063,0.09743756407535822,2.8671183588924114,-0.31830847756361164
50.02055537,0.18708549921307363,2.6521791153061205,-0.2808574630720627
50.02531011,0.26525696205647664,2.4200502674622633,-0.24325845663209952
50.0300648,0.33233727290801895,2.1744229708535263,-0.2061063838937355
50.03481954,0.3889166782366745,1.9189606399481578,-0.16996779681603275
50.03957427,0.4357645931418995,1.6572241629654443,-0.1353670730415751
50.04432901,0.47380181439720737,1.3926038223117476,-0.10277374687897989
50.0490837,0.5040712018761221,1.1282594731391342,-0.07259123845183864
50.05383844,0.5277073119693839,0.8670702413470509,-0.045147212947800226
50.05859318,0.5459054482444002,0.611594680921871,-0.02068577084369622
50.06334792,0.559890573321331,0.36404198974532453,0.0006383574791193532
50.06810261,0.5708865029491457,0.12625453415404866,0.01876346445229793
50.07285735,0.5800857798202937,-0.10029841303735829,0.03372224244274513
50.07761209,0.58862060216397,-0.3145161473154014,0.04564079150376684
50.08236683,0.5975351622535974,-0.5156519519510221,0.05473520105386129
50.08712151,0.6077597345452929,-0.703289464910735,0.06130569729260553
50.09187625,0.6200868440533892,-0.8773112242071912,0.06572840955463612
50.09663099,0.6351498440207148,-1.0378608026658134,0.06844488159413667
50.10138573,0.6534042382758739,-1.1853000709864612,0.06994953400751584
50.10614042,0.6751120970368435,-1.3201632022317156,0.07077536649416045
50.11089516,0.700329932967027,-1.4431090518737109,0.07147826821967704
50.1156499,0.7289004229817269,-1.5548735172597032,0.07262037610378852
50.12040464,0.7604483753266786,-1.6562234021551696,0.07475297908213023
50.12515933,0.7943813449730373,-1.7479131907145997,0.07839950583430288
50.12991407,0.829895287657459,-1.8306459772214767,0.08403914966085411
50.13466881,0.8659856088387193,-1.9050396109552303,0.0920916750957862
50.13942354,0.9014639045913067,-1.9715989080607779,0.1029039173284032
50.14417823,0.9349806046987189,-2.030694562935481,0.11673843013077809
50.14893297,0.9650536128755798,-2.0825491685222826,0.1337646629020947
50.15368771,0.9901028948179516,-2.127230534859449,0.15405295324732543
50.15844245,1.0084907917159371,-2.164652283315673,0.17757150812725317
50.16319714,1.0185676352520454,-2.1945814933915884,0.20418641592888587
50.16795188,1.0187220110344375,-2.2166529919801814,0.23366459062908587
50.17270662,1.0074347644990573,-2.230389703537128,0.26567941075132656
50.1774613,0.9833355748396855,-2.2352283259245516,0.2998186979209814
50.18221605,0.9452606520919925,-2.2305494629157203,0.33559460024386695
50.18697078,0.8923098574639438,-2.2157112321553027,0.3724549160993766
50.19172552,0.8239013259672492,-2.1900852780423645,0.40979541534703107
50.19648021,0.7398215016120749,-2.153094053966813,0.4469727767691358
50.20123495,0.6402683965489991,-2.104248199342286,0.4833178430831688
50.20598969,0.525885873504585,-2.043182825644915,0.5181489750868119
50.21074443,0.3977868404865597,-1.9696915434375182,0.5507853454664149
50.21549912,0.257563448533485,-1.8837571098227428,0.5805600411374532
50.22025386,0.10728270166275565,-1.7855776529992742,0.6068328424452095
50.2250086,-0.05053367930629871,-1.6755875367886706,0.6290025281112233
50.22976334,-0.21294576019851727,-1.5544720610851683,0.6465185295152002
50.23451802,-0.3766482599397154,-1.4231753505644458,0.6588917383953088
50.23927276,-0.5380390851867173,-1.2829009587262663,0.665704266356828
50.2440275,-0.6933021126732262,-1.135104901812576,0.6666179668587415
50.24878224,-0.838502077272954,-0.9814810319049444,0.6613815612921333
50.25353698,-0.9696887554839352,-0.8239388559934872,0.6498362574869885
50.25829167,-1.0830070744291413,-0.6645741046542399,0.6319198046027021
50.26304641,-1.1748093773931478,-0.5056325481753506,0.607668982880801
50.26780115,-1.241765874639067,-0.34946774878691267,0.5772205699708144
50.27255584,-1.2809693162225044,-0.1984936246569664,0.5408108503161018
50.27731058,-1.290030133554112,-0.05513288263175005,0.49877373776617834
50.28206532,-1.2671586856559234,0.07823745276750335,0.45153756575119414
50.28682006,-1.2112317837456223,0.19934203556524327,0.39962056916633676
50.29157474,-1.1218413190184533,0.3060632209175033,0.34362504619775547
50.29632948,-0.9993235440727966,0.3964955369512718,0.2842301586576127
50.30108422,-0.8447683140701374,0.4689970019698712,0.2221833196901406
50.30583896,-0.6600083320588433,0.5222357138045894,0.15829013927778496
50.3105937,-0.4475891196215805,0.555230228036599,0.0934029541216042
50.31534839,-0.21072101535176258,0.5673823888900782,0.028408050906521008
50.32010313,0.04678502946288635,0.5585014754890745,-0.03578821712556443
50.32485787,0.3205957412670035,0.5288187693120402,-0.09827414106613315
50.32961256,0.6059455509450905,0.4789919267923132,-0.1581478623490526
50.3343673,0.8977358758021688,0.4100988433011618,-0.2145327197253139
50.33912204,1.1906411307115696,0.32362100929873,-0.2665923887109401
50.34387677,1.479218966113544,0.22141667410967897,-0.31354548870048
50.34863146,1.7580223061689098,0.1056844360738755,-0.3546793640135673
50.3533862,2.0217108715091374,-0.021081840819548926,-0.389362775607224
50.35814094,2.26516000282594,-0.15614563384206126,-0.4170572667628603
50.36289568,2.483564742026819,-0.29658653186942635,-0.4373269904316032
50.36765037,2.67253726920162,-0.43936364514449694,-0.44984681334583493
50.37240511,2.8281959333788884,-0.5813820174186636,-0.45440854821728516
50.37715985,2.947244254355694,-0.7195603439735155,-0.4509252127325083
50.38191459,3.027038416365212,-0.8508982935416328,-0.43943326935972044
50.38666927,3.06564192927942,-0.9725417784159894,-0.42009285524617596
50.39142401,3.061866308640952,-1.0818446100826915,-0.39318605764417347
50.39617875,3.015296831676834,-1.1764251100925043,-0.3591133209057821
50.40093349,2.926302670598716,-1.2542164085961933,-0.3183880843424315
50.40568818,2.796030991701426,-1.313509346693777,-0.27162974915639165
50.41044292,2.626384938784253,-1.3529870949921128,-0.21955506369733235
50.41519766,2.4199857849053252,-1.3717508025722343,-0.16296800718292082
50.4199524,2.180119921880862,-1.369335792917655,-0.10274824926127156
50.42470709,1.9106717401854723,-1.3457180233703216,-0.03983826999514388
50.42946183,1.6160438094063605,-1.3013107214689037,0.024770757716038004
50.43421657,1.3010660823775901,-1.236951305388289,0.09005419553841872
50.4389713,0.9708961048538076,-1.1538788869559151,0.15497011735129101
50.44372605,0.6309124161095762,-1.0537028437035514,0.218476240807393
50.44848073,0.2866034778412402,-0.9383631290733682,0.27954737558295906
50.45323547,-0.056545427106173454,-0.8100831640697741,0.3371931076481537
50.45799021,-0.3931648270305415,-0.6713163157251112,0.39047539578111157
50.46274495,-0.7181107154562487,-0.5246871143252553,0.4385257174007993
50.46749964,-1.0265687577963776,-0.3729284895554054,0.48056136893786694
50.47225438,-1.3141506743248976,-0.2188164131788151,0.5159005042005583
50.47700912,-1.576980571052615,-0.06510342029571048,0.5439754858405612
50.4817638,-1.811769193353523,0.08554745968085962,0.5643441347511156
50.48651854,-2.015874334845688,0.23062679982586604,0.5766984946136353
50.49127329,-2.187345943481701,0.3678393366048958,0.5808707852942795
50.49602802,-2.3249548229282246,0.49515946300724634,0.5768362962899679
50.50078271,-2.428204221676129,0.6108801897349989,0.5647130639558458
50.50553745,-2.4973240233803757,0.7136542163453005,0.5447582774990165
50.51029219,-2.5332476865504043,0.8025259001111322,0.5173614633186583
50.51504693,-2.537572517646607,0.8769530960700392,0.4830346009961189
50.51980167,-2.5125042895959724,0.9368180659167047,0.4423994238981035
50.52455636,-2.460787631231676,0.982426913441055,0.39617224990445954
50.5293111,-2.385624005855332,1.014497296282718,0.3451467690342347
50.53406584,-2.29057945969446,1.0341344826304015,0.29017527933310944
50.53882052,-2.179484639545967,1.0427961599588793,0.23214890548534578
50.54357526,-2.0563298351958528,1.0422467511223539,0.17197735445444085
50.54833,-1.9251579761871576,1.0345023382968028,0.11056876164390674
50.55308474,-1.78995858633878,1.0217676219741796,0.04881016545939201
50.55783948,-1.6545656626349416,1.0063666333697339,-0.012450876484064252
50.56259417,-1.5225622982389089,0.9906691571244594,-0.07242304773419461
50.56734891,-1.3971946239612132,0.9770149925839945,-0.13038596915475026
50.57210365,-1.2812973172862834,0.9676382768357022,-0.1857024464726822
50.57685839,-1.177232543498751,0.9645941077996848,-0.23782796226259076
50.58161308,-1.086843767464632,0.9696896431225127,-0.2863172053426543
50.58636782,-1.011425421435916,0.9844217166055919,-0.3308275482354355
50.59112256,-0.9517089456399596,1.009922817435161,-0.3711195082010675
50.5958773,-0.9078652450876749,1.0469170294244543,-0.40705434569071913
50.60063198,-0.8795231379981688,1.095687239629844,-0.4385890534601815
50.60538672,-0.865802918003704,1.1560546099082825,-0.46576906348612457
50.61014146,-0.8653637236132026,1.2273709722909965,-0.48871904838939545
50.6148962,-0.8764630151301063,1.308524469136944,-0.5076322247595912
50.61965089,-0.8970261136304719,1.3979584200274988,-0.5227585816536773
50.62440563,-0.9247234718877758,1.493703065955184,-0.5343924592242417
50.62916037,-0.9570531358156015,1.5934195230806467,-0.5428598901276858
50.63391511,-0.9914257269137586,1.6944549779425546,-0.5485060926843948
50.6386698,-1.0252492370803195,1.7939078777321038,-0.5516834733579682
50.64342454,-1.0560109786809275,1.8887016169194621,-0.5527404588585028
50.64817927,-1.081354173446819,1.9756649988229278,-0.5520114352291997
50.65293401,-1.099146889388834,2.0516175615052217,-0.549808023496576
50.6576887,-1.1075413382297645,2.113457705837535,-0.5464118712338565
50.66244344,-1.1050219161355426,2.15825145389559,-0.54206908879048
50.66719818,-1.0904407937121408,2.183319601764266,-0.5369864079926191
50.67195292,-1.0630403210072539,2.186321015196201,-0.531329088473453
50.67670761,-1.0224619922613711,2.165329851421748,-0.5252205419512739
50.68146235,-0.9687421954590606,2.118904577115149,-0.5187435892295692
50.68621709,-0.9022954344301692,2.0461467917238085,-0.511943211194816
50.69097183,-0.8238861363764459,1.9467480565820554,-0.50483060624217
50.69572651,-0.7345905255865313,1.821023171625436,-0.49738832391440124
50.70048125,-0.6357503380736336,1.6699286300826766,-0.4895762085993165
50.70523599,-0.5289203608982499,1.4950653132003373,-0.4813378583207824
50.70999073,-0.4158118996540825,1.298664856404186,-0.4726072834201007
50.71474542,-0.2982343091997365,1.0835595178872799,-0.46331544081257997
50.71950016,-0.1780366711499342,0.8531358009652007,-0.45339632422273896
50.7242549,-0.05705157457491562,0.6112725117742878,-0.442792311146276
50.72900964,0.06295723597939146,0.362264362427184,-0.4314585039597673
50.73376433,0.18034182619922529,0.11073264478521112,-0.41936585593490033
50.73851907,0.29361041649296676,-0.13847511011128164,-0.40650294312021235
50.7432738,0.40146017835955106,-0.3803942187318697,-0.39287632864365984
50.74802855,0.502801872799472,-0.6100581048379373,-0.37850956154408194
50.75278329,0.5967760324994945,-0.8226169146828777,-0.3634409481233287
50.75753797,0.6827606827929049,-1.0134564966695843,-0.3477203186002613
50.76229271,0.7603708623417796,-1.178314662134515,-0.3314050755870612
50.76704745,0.8294504394772255,-1.3133916391220954,-0.314555847201752
50.77180214,0.8900569252437632,-1.4154517164383495,-0.2972320743025053
50.77655688,0.9424401618666493,-1.4819132493084162,-0.27948784023441875
50.78131162,0.9870159156583472,-1.510924455339763,-0.2613682076109189
50.78606636,1.0243355226238975,-1.5014227623475143,-0.24290626664710516
50.7908211,1.0550528173630271,-1.4531758683678857,-0.2241210304330393
50.79557579,1.0798896159058282,-1.366803128289464,-0.20501624130164567
50.80033052,1.099601017784496,-1.2437763799403767,-0.18558008609262225
50.80508526,1.1149417419960899,-1.0863998539293709,-0.16578576282609123
50.80983995,1.1266346189725427,-0.8977693642503798,-0.14559280113589126
50.81459469,1.1353422328700067,-0.6817115376770072,-0.12494901503229289
50.81934943,1.1416425545773314,-0.4427043947011665,-0.10379295817926464
50.82410417,1.1460092360006084,-0.1857811266696962,-0.0820567565687119
50.82885891,1.1487970592559278,0.08358059557600162,-0.05966920792264216
50.8336136,1.1502328557979327,0.3595810163112103,-0.036559056933753345
50.83836834,1.1504120320267877,0.6362292769308182,-0.01265837556260326
50.84312308,1.1493006602152553,0.9074796134965011,0.012094006348646416
50.84787782,1.1467429196017402,1.1673692466603842,0.037749065805678717
50.85263256,1.1424735086764977,1.4101543982642935,0.06434419167451928
50.85738724,1.136134503828831,1.6304409335733592,0.09189988282175511
50.86214198,1.12729601666439,1.8233062933136375,0.12041660799959446
50.86689672,1.1154799023409856,1.984409635238886,0.14987191772758093
50.87165141,1.1001856903615366,2.1100874393357087,0.18021792209840612
50.87640615,1.0809178437391476,2.197432232911989,0.21137926795880743
50.88116089,1.0572134018384247,2.244352551138326,0.2432517563009055
50.88591563,1.0286690296044028,2.249612753963533,0.2757017286146344
50.89067032,0.9949664871209137,2.2128518591186292,0.30856631615106617
50.89542506,0.9558955562557571,2.1345811093146394,0.3416545919012968
50.9001798,0.9113735241949484,2.016160555325435,0.37474960182285105
50.90493454,0.8614604343627067,1.8597554911304837,0.4076111939015561
50.90968927,0.8063694768646182,1.6682741088380575,0.4399795247301664
50.91444396,0.7464720991066404,1.4452882363279151,0.4715791107100431
50.9191987,0.6822976585037995,1.1949394663432709,0.5021233019746274
50.92395344,0.6145276894005904,0.9218333694215083,0.5313190795862577
50.92870818,0.5439850878043625,0.6309247927268836,0.5588720941278765
50.93346287,0.47161870785763815,0.3273974719829053,0.5844918626488156
50.93821764,0.39848400228339625,0.016541315327691264,0.6078970148966077
50.94297238,0.3257204257547705,-0.2963692509055679,0.6288204329979962
50.94772712,0.25452636231922315,-0.6061925578311835,0.6470140751908993
50.9524818,0.18613234469202355,-0.908029452719577,0.662253233696975
50.95723654,0.1217733129450072,-1.1973226820235057,0.6743399685626199
50.96199128,0.0626606199479017,-1.469943413201115,0.6831054955333362
50.96674602,0.00995443618389928,-1.7222628650297538,0.6884113880955646
50.97150076,-0.03526285918214432,-1.9512075380463079,0.6901495708591311
50.97625545,-0.07201178819375943,-2.1542971070765926,0.6882412120866664
50.98101019,-0.0994389514450428,-2.3296646356250497,0.6826347406734479
50.98576493,-0.1168379194003287,-2.4760593740664305,0.6733032928247192
50.99051967,-0.1236675596747742,-2.5928329853610594,0.6602419214629274
50.99527436,-0.11956758816837076,-2.679910578265007,0.6434648766713463
51.0000291,-0.10437118491569267,-2.7377483948668013,0.6230032015565791
51.00478383,-0.07811455458580191,-2.767280375831752,0.5989028060785783
51.00953857,-0.04104333854550449,-2.769856096661127,0.5712231027579385
51.01429326,0.006384195672363086,-2.7471727216522037,0.5400362271689055
51.019048,0.06349724597277547,-2.701203656847689,0.5054268282178247
51.02380274,0.12941589045248889,-2.634126504509806,0.4674923960606813
51.02855748,0.20305784784100378,-2.548252741150112,0.42634409187820704
51.03331217,0.2831485822965522,-2.4459612746538193,0.38210804478584515
51.03806691,0.36823472230404986,-2.32963770171723,0.3349270797029916
51.04282165,0.4567007284581515,-2.2016207039218934,0.28496283252215343
51.04757639,0.5467887024538035,-2.0641566086063854,0.2323981956941798
51.05233113,0.6366211784247191,-1.919362717948919,0.17744002064286307
51.05708581,0.7242266781784664,-1.7691995945589505,0.12032198483179533
51.06184055,0.8075677466890664,-1.6154521029078446,0.061307510208693274
51.06659529,0.8845711186435524,-1.4597186619059048,0.0006925942336149432
51.07135003,0.953159607435809,-1.3034078822527613,-0.06119161576329063
51.07610472,1.0112852610662493,-1.1477415562637814,-0.12397670662786045
51.08085946,1.0569632996365048,-0.9937628451237656,-0.18725557207285978
51.0856142,1.0883063388926812,-0.8423484695757696,-0.25058192197002466
51.09036894,1.1035584134110086,-0.6942237488398488,-0.3134709774584203
51.09512363,1.1011283385433994,-0.5499794366586765,-0.37540158181998395
51.09987837,1.0796219858700977,-0.4100894547332705,-0.4358199143555465
51.10463311,1.0378730834096446,-0.27492880032541156,-0.4941449267699362
51.10938784,0.9749721788013476,-0.14479108317288011,-0.5497755302020125
51.11414253,0.8902934121822456,-0.01990530653770809,-0.602099451911486
51.11889727,0.7835187304505865,0.09954836597126074,-0.6505035642504807
51.12365201,0.654659135972249,0.2134240281420853,-0.6943853782205323
51.12840675,0.5040725053785535,0.321596752971114,-0.7331653031436751
51.13316149,0.3324774467889225,0.42395071743063295,-0.7662992137449519
51.13791618,0.14096259838451408,0.5203688290364887,-0.7932908425132539
51.14267092,-0.06900927869035643,0.6107239635165674,-0.8137035289767245
51.14742566,-0.29560308093491305,0.6948719349843663,-0.827170903320232
51.1521804,-0.5366196643737395,0.7726463268774635,-0.8334061505117559
51.15693508,-0.7895112466647698,0.8438553086384594,-0.8322095824871295
51.16168982,-1.051404367784158,0.9082805465162348,-0.8234743309821546
51.16644456,-1.3191306967976577,0.9656782852259584,-0.8071900558582864
51.1711993,-1.5892657565868435,1.0157826302274746,-0.7834446391320605
51.17595399,-1.8581753868375452,1.0583109992330713,-0.752423900830233
51.18070873,-2.122069489979639,1.0929716388753696,-0.7144094277063039
51.18546347,-2.37706231906239,1.1194730223575295,-0.669774649091176
51.19021821,-2.6192382858718393,1.1375348617931587,-0.6189793259247512
51.19497295,-2.84472200755943,1.1469003909679811,-0.5625626403810858
51.19972764,-3.0497510859422645,1.1473495063069874,-0.5011350861401342
51.20448238,-3.230749938850079,1.1387123006580393,-0.43536936530745346
51.20923712,-3.3844028871797036,1.1208824892980422,-0.3659904993777458
51.21399186,-3.5077246498536128,1.093830211938987,-0.2937653604396044
51.21874654,-3.598126412521539,1.0576136986479086,-0.21949182639223236
51.22350128,-3.6534757120653043,1.0123893106248076,-0.1439877605939134
51.22825602,-3.6721485127721314,0.9584195072955142,-0.06808001107340017
51.23301076,-3.6530720345631993,0.8960783476601869,0.0074063849883520974
51.23776545,-3.5957571205438357,0.8258542048419238,0.08165862219066022
51.24252019,-3.5003191907813433,0.748349456854713,0.1538860297475669
51.24727493,-3.367487111134517,0.6642770120590946,0.22332934856806927
51.25202967,-3.198599599709488,0.574453632261841,0.28926931853524884
51.25678441,-2.995589090003772,0.47979012668021187,0.35103455803418004
51.2615391,-2.760953262034299,0.38127860185136914,0.4080087593763359
51.26629383,-2.4977147355000615,0.2799770612196169,0.4596372539925823
51.27104857,-2.209369687916908,0.1769917486497512,0.5054330148920556
51.27580331,-1.8998264113936443,0.07345771790921553,0.5449821581490691
51.280558,-1.5733350499077792,-0.0294818188603389,0.5779489799779669
51.28531274,-1.2344099603971679,-0.1306967601778525,0.6040805236912374
51.29006748,-0.8877463121584392,-0.22909137133646995,0.6232106162177434
51.29482222,-0.5381326771093652,-0.32362489564134467,0.6352632536530687
51.29957691,-0.19036146602670392,-0.4133309127620932,0.6402551577248593
51.30433165,0.15086086938036677,-0.4973348840560572,0.638297278516584
51.30908639,0.48100192400024416,-0.5748693939627834,0.6295949907045908
51.31384113,0.7957877892833572,-0.6452866840331818,0.6144467265902055
51.31859587,1.0912819996360419,-0.7080681778384484,0.5932408128645298
51.32335055,1.3639572153666333,-0.7628308058647622,0.5664503299877032
51.32810529,1.6107580339398522,-0.8093300539117969,0.5346258904582373
51.33286003,1.8291535180556069,-0.8474597710349698,0.4983863289742118
51.33761477,2.0171782693340115,-0.877248878776924,0.45840740527389096
51.34236946,2.173461156894978,-0.8988552177376266,0.41540873026059555
51.3471242,2.2972411252404745,-0.9125568463182255,0.37013922917960385
51.35187894,2.388369846537175,-0.9187411668801788,0.32336154442631376
51.35663368,2.44730133554153,-0.9178922955834378,0.2758358488252719
51.36138842,2.4750689944463677,-0.9105771143443072,0.22830358386576113
51.36614311,2.473250881861932,-0.8974304480537868,0.18147165491204884
51.37089784,2.443924288358426,-0.879139799282299,0.13599760748772297
51.37565258,2.3896109379407635,-0.8564300484917272,0.09247627701098378
51.38040732,2.31321431352518,-0.8300484929234909,0.05142835052887106
51.38516201,2.217950723491442,-0.800750554468291,0.013291205087942707
51.38991675,2.107275788751041,-0.7692864382532313,-0.021587703101184758
51.39467149,1.9848080418091718,-0.7363889712115282,-0.05295472586604332
51.39942623,1.8542512992459204,-0.7027627949285407,-0.08065111846336674
51.40418092,1.7193174057149772,-0.6690750308866588,-0.10461137507505532
51.40893566,1.5836508591898555,-0.6359474803732664,-0.1248589252214864
51.4136904,1.4507567206112622,-0.6039503675574008,-0.14149938587844077
51.41844514,1.3239330912633065,-0.5735975845101667,-0.15471162316669024
51.42319988,1.2062093112337724,-0.5453433532403918,-0.16473692483661467
51.42795456,1.10029089390011,-0.5195801840857471,-0.17186662474161896
51.4327093,1.0085120652199164,-0.4966379834548801,-0.17642855641445004
51.43746404,0.9327966225094504,-0.4767841473158702,-0.1787727455949634
51.44221878,0.8746276647741477,-0.4602244692986269,-0.17925677913986612
51.44697347,0.835026575660465,-0.44710469263574965,-0.17823130601849788
51.45172821,0.8145414627900369,-0.4375125421076714,-0.1760261302435854
51.45648295,0.8132450777030961,-0.431480084338615,-0.17293734206273526
51.46123769,0.8307420638797152,-0.42898628087189505,-0.16921590170041226
51.46599238,0.866185210942873,-0.42995961734771226,-0.16505804142980504
51.47074712,0.9183002349205838,-0.4342807131760729,-0.16059779082358847
51.47550186,0.9854184603695755,-0.4417848391459316,-0.1559018613401303
51.4802566,1.0655166525563202,-0.4522642955941391,-0.15096705358441806
51.48501133,1.1562631380973063,-0.46547063135112876,-0.14572027505762397
51.48976602,1.2550692607617906,-0.4811167135443067,-0.14002117747214005
51.49452076,1.3591451452265373,-0.49887868936377305,-0.13366734038513606
51.4992755,1.4655586852769174,-0.5183979109126441,-0.1264018441134335
51.50403024,1.5712966346436454,-0.5392829205166256,-0.11792299498132204
51.50878498,1.673326659011917,-0.5611116136977914,-0.10789589685310903
51.51353967,1.7686592069966656,-0.5834337083538632,-0.09596551005815518
51.51829441,1.854408075261358,-0.6057736501296836,-0.08177080355066899
51.52304915,1.927848576538738,-0.6276340748469036,-0.06495958520258382
51.52780383,1.9864722664968175,-0.6484999294576806,-0.04520358281315111
51.53255857,2.028037243664553,-0.6678433246351826,-0.022213339947277696
51.53731331,2.050613104159822,-0.6851291568296446,0.0042475154462383365
51.54206805,2.0526197090540284,-0.6998214976686344,0.034349073580922866
51.54682279,2.0328590077760054,-0.7113907062698405,0.06818345388724753
51.55157748,1.9905392588314255,-0.7193211776354191,0.10575504160171117
51.55633222,1.9252911036052076,-0.7231195997958968,0.14697302763409803
51.56108696,1.8371750845094497,-0.7223235551474456,0.19164656736029306
51.5658417,1.7266803577691197,-0.716510268220625,0.23948278867151881
51.57059644,1.594714532797522,-0.7053052733416838,0.2900877753381157
51.57535113,1.4425847696734415,-0.6883907517605282,0.34297053652594367
51.58010587,1.2719704761297714,-0.6655132696232348,0.39754985644019025
51.5848606,1.0848881568697408,-0.6364906368967689,0.4531638081379858
51.58961535,0.8836491720380689,-0.6012176045489619,0.5090816200473585
51.59437003,0.6708113500418369,-0.5596701246170441,0.5645175096523337
51.59912477,0.4491255655985327,-0.511907917029714,0.6186460519135016
51.60387951,0.22147853131886747,-0.4580751199806024,0.6706186317566296
51.60863425,-0.00916684409579122,-0.3983988486786586,0.7195805344792475
51.61338899,-0.23983210980359376,-0.3331855507068515,0.764688242811772
51.61814368,-0.46758348997818244,-0.26281512374142757,0.8051265215539823
51.62289842,-0.6895902310385366,-0.18773285029211903,0.8401248732146338
51.62765316,-0.9031797062125072,-0.10843930056509865,0.8689729429975764
51.6324079,-1.1058880079878823,-0.02547845373506464,0.8910344482533028
51.63716258,-1.295504900897626,0.060575615889777876,0.9057592193024714
51.64191732,-1.4701121813956752,0.14913305448627154,0.9126929787273554
51.64667206,-1.6281146911145694,0.23960304139627134,0.911484564858536
51.6514268,-1.7682634467311769,0.33140854307200324,0.9018904245337948
51.65618149,-1.8896705751548102,0.4240004254067572,0.8837763511222546
51.66093623,-1.9918159665388195,0.5168703416343586,0.8571166056835723
51.66569097,-2.0745457689453763,0.6095618431912008,0.8219907047700721
51.67044571,-2.138063038267165,0.7016792233224146,0.7785782625668196
51.67520045,-2.182911019442581,0.7928936971275712,0.7271523239581507
51.67995514,-2.209949667586809,0.8829466423805437,0.668071621767371
51.68470988,-2.220326120474803,0.9716497638475109,0.6017721530065959
51.68946462,-2.2154399094145227,1.0588821884462143,0.5287584162374361
51.69421936,-2.1969037490393326,1.1445846377244944,0.4495945983307269
51.69897404,-2.166500784616572,1.2287509478557728,0.3648959460054178
51.70372878,-2.126139204355232,1.3114173086362917,0.27532050093283866
51.70848352,-2.077805147537513,1.3926496679657625,0.18156131349363214
51.71323826,-2.0235148570251575,1.4725297958692125,0.08433918192843125
51.717993,-1.9652670335845057,1.5511405233062956,-0.015604101410881033
51.72274769,-1.9049963450449476,1.6285506687101825,-0.1175120668634434
51.72750243,-1.844529021944159,1.7048001438921718,-0.22061954843596873
51.73225717,-1.7855414317674334,1.7798856960885383,-0.32415843739301753
51.73701191,-1.7295224674366927,1.8537476998902487,-0.4273633035598209
51.7417666,-1.6777405148639182,1.926258365922502,-0.5294769525705527
51.74652133,-1.6312156809392626,1.9972116854164792,-0.6297559551834053
51.75127607,-1.5906978672197343,2.066315383225958,-0.7274761541459587
51.75603081,-1.5566511646385703,2.133185107689777,-0.8219381285233415
51.76078555,-1.5292449203769725,2.197341044606903,-0.9124725751894345
51.76554024,-1.5083516913949304,2.2582071043347822,-0.9984455508027934
51.77029498,-1.4935521537622862,2.315112795012655,-1.0792635040260412
51.77504972,-1.4841468877161053,2.367297860163942,-1.1543780176819167
51.77980446,-1.4791748106625093,2.413919723992965,-1.223290175552263
51.78455915,-1.4774378894629046,2.454063750472334,-1.2855544696052783
51.78931389,-1.4775316335925914,2.4867562802940495,-1.340782170443805
51.79406863,-1.4778807547082722,2.51098036075185,-1.3886440958916975
51.79882337,-1.4767792769216421,2.5256940266565637,-1.428872728613944
51.8035781,-1.472434296104455,2.5298509259895336,-1.4612636514508988
51.80833279,-1.4630125163803553,2.5224230140568253,-1.4856762859989934
51.81308753,-1.4466886386114572,2.502424967338399,-1.5020339332151627
51.81784227,-1.4216946404762132,2.4689398965015377,-1.5103231222665117
51.82259701,-1.386368971438124,2.421145870653755,-1.5105922741009332
51.8273517,-1.3392046880189252,2.35834270502442,-1.5029496804508051
51.83210644,-1.278895573600145,2.2799784146091198,-1.487560793179265
51.83686118,-1.2043793201684598,2.185674699073643,-1.4646448226716873
51.84161592,-1.1148768943665786,2.07525080115183,-1.4344706649019248
51.84637066,-1.009927263813567,1.9487450734659606,-1.397352214607947
51.85112534,-0.8894167184188779,1.8064335985750508,-1.3536431682966377
51.85588008,-0.7536020820883375,1.6488452351268577,-1.3037314638050335
51.86063482,-0.6031271707427065,1.4767725097143352,-1.2480335333438826
51.86538956,-0.4390319129671425,1.291277839234241,-1.186988559946695
51.8701443,-0.26275361264628366,1.0936946510099403,-1.1210529234102469
51.87489899,-0.07611990392723204,0.8856230651339642,-1.050695004331145
51.87965373,0.11866696565951161,0.6689199118935555,-0.9763904884578546
51.88440847,0.31905478207354726,0.44568297314128225,-0.8986182841471533
51.88916321,0.5221750687024285,0.218229457083823,-0.8178571389630508
51.8939179,0.7248858148639412,-0.010931160813842593,-0.7345830203800945
51.89867264,0.923823005063571,-0.23912967332359117,-0.6492673083855711
51.90342738,1.1154604990006274,-0.4635746699371996,-0.5623758288591117
51.90818212,1.2961775495673038,-0.6813945483118414,-0.47436873015090814
51.91293686,1.4623329488416168,-0.8896833729426094,-0.38570116910548663
51.91769154,1.6103444683530512,-1.085549824909607,-0.29682472915955294
51.92244628,1.7367719253459846,-1.26616838000778,-0.20818944673326747
51.92720102,1.8384018855172222,-1.4288317715796524,-0.1202462772039742
51.93195576,1.9123317370351332,-1.5710037482270278,-0.033449790373002934
51.9367105,1.9560506779780995,-1.690371124659019,0.051739153257182466
51.94146519,1.9675150847425629,-1.7848941326396695,0.13485103294544376
51.94621993,1.945215794398718,-1.8528540874676058,0.21540593437411934
51.95097467,1.8882350396781717,-1.89289737671274,0.2929128246095092
51.95572941,1.79629109903357,-1.9040747479303184,0.36687023931301455
51.9604841,1.6697691286461376,-1.8858748315359075,0.4367687873521464
51.96523883,1.5097370881411079,-1.838250805841957,0.5020958269097179
51.96999357,1.3179461258864584,-1.7616391200061385,0.5623425496049315
51.97474831,1.0968152358910879,-1.6569692617484915,0.6170135255183229
51.979503,0.8494004293472729,-1.5256637061596725,0.665638531063795
51.98425774,0.5793490755744163,-1.3696274127441477,0.7077862377382835
51.98901248,0.29084045458967483,-1.191226538872228,0.743079123643188
51.99376722,-0.011486078570453747,-0.9932563868136906,0.7712088154420588
51.99852196,-0.3226135942928252,-0.7788989710578953,0.7919509936139295
52.00327665,-0.6372387468890459,-0.5516709563983624,0.8051789980370696
52.00803139,-0.9498693494418461,-0.31536305461758213,0.8108753423522442
52.01278613,-1.2549259474235541,-0.07397226463313772,0.8091404694504883
52.01754087,-1.546844868683147,0.16837141140412284,0.8001982428936953
52.02229561,-1.8201802035919887,0.4074819518274588,0.7843978555469878
52.02705029,-2.0697022323611542,0.6391960433899501,0.7622120290499618
52.03180503,-2.2904899677718777,0.8594515289725738,0.7342315548930594
52.03655977,-2.478015716639066,1.0643635446341537,0.7011563712499874
52.04131451,-2.628219873560211,1.2502963721775977,0.6637834700722336
52.0460692,-2.7375745332870443,1.4139291519830488,0.6229919894512456
52.05082394,-2.8031349273201807,1.5523137798052233,0.5797258802094123
52.05557868,-2.8225781373326138,1.6629235475490678,0.5349745600347584
52.06033342,-2.794228992739623,1.7436913774200347,0.4897519966387622
52.06508816,-2.7170735021354377,1.7930368354857753,0.44507469942670763
52.06984285,-2.590760579313797,1.8098814863915509,0.40193914633317085
52.07459758,-2.415593186311696,1.7936525542969073,0.3612992239954329
52.07935232,-2.1925103115104867,1.7442752712778489,0.32404430806548945
52.08410706,-1.9230614148173648,1.6621547059978297,0.29097864673041174
52.0888618,-1.6093750925045638,1.5481482530665267,0.26280272280991074
52.09361649,-1.2541237366589273,1.4035303070479557,0.24009724554940898
52.09837123,-0.8604858924308283,1.2299509250926552,0.22331035181172848
52.10312597,-0.4321078613772355,1.029390481534732,0.21274847298502098
52.10788071,0.026934124748203836,0.8041124230348992,0.20857115215357727
52.11263545,0.5121701145982344,0.5566162347819233,0.21078988822753406
52.11739014,1.0187703098771086,0.28959262204221675,0.21927086011672342
52.12214488,1.5415762353020028,0.0058826961599346885,0.23374117186153381
52.12689962,2.075129226793084,-0.29155736685295414,0.2537980895393649
52.13165436,2.613696664837712,-0.5996851458836998,0.2789206393261025
52.13640904,3.151296794347563,-0.9153937265305493,0.3084829161176815
52.14116378,3.6817233766065174,-1.2355264073186794,0.34176850602941433
52.14591852,4.198571789594458,-1.556884988801034,0.3779855271914433
52.15067326,4.695268504732255,-1.8762328842977034,0.4162819054493433
52.155428,5.16510609499777,-2.190294861648068,0.45576059363647003
52.16018269,5.601286042382043,-2.4957557032785123,0.49549450108406534
52.16493743,5.996971578366485,-2.7892603990579143,0.5345409312586188
52.16969217,6.345352578129193,-3.0674186106751975,0.5719553512639353
52.17444691,6.639724119519174,-3.3268160353970817,0.6068043606579596
52.17920165,6.873579712778589,-3.5640349471559007,0.6381778057279456
52.18395633,7.0407194244445765,-3.7756856257887703,0.6652001086622553
52.18871107,7.1353721890362305,-3.958449638644525,0.6870410484226573
52.19346581,7.152330567302683,-4.1091350578670145,0.7029264188019969
52.19822055,7.087095125381787,-4.224742731553041,0.7121491380455942
52.20297529,6.9360245424475,-4.302541735782212,0.714081398433327
52.20772998,6.696486582679513,-4.340151188328771,0.7081882426073959
52.21248472,6.367004276691571,-4.335624788116837,0.6940425412313781
52.21723946,5.947391133572781,-4.287533844763267,0.6713408413824725
52.2219942,5.4388690123889045,-4.195044252117677,0.6399191293693837
52.22674894,4.844162448105783,-4.057982878883086,0.5997673355777048
52.23150363,4.167563741756238,-3.8768892010692237,0.5510414311128758
52.23625837,3.4149639581484434,-3.6530486568899496,0.4940721619418915
52.2410131,2.593846086537752,-3.3885051159472668,0.4293697309229421
52.24576784,1.7132379555051518,-3.0860509563776,0.35762398430337855
52.25052258,0.7836239701220895,-2.749194449908232,0.27969985003261527
52.25527727,-0.18318375348985974,-2.382105354606712,0.19662791949033792
52.26003201,-1.1742128581918534,-1.9895406897499477,0.10959018957745265
52.26478675,-2.1755335660729043,-1.5767535241118273,0.019901110353809405
52.26954149,-3.1724925389884517,-1.1493882060911975,-0.07101577817745583
52.27429623,-4.149972613420641,-0.7133658068636828,-0.1616551918723104
52.27905092,-5.092672572680258,-0.2747636682078262,-0.2504608599646768
52.28380566,-5.985400619788554,0.16030711512037715,-0.33585899001998865
52.2885604,-6.813374876395978,0.5858226538808934,-0.4162936156395741
52.29331514,-7.562524050395785,0.9959623533444537,-0.49026289703763526
52.29806988,-8.219781382665195,1.3852172154079834,-0.5563553586146293
52.30282456,-8.773365096890453,1.7484878822353938,-0.6132849888107348
52.3075793,-9.213038830026719,2.0811704264199027,-0.6599241071500586
52.31233404,-9.530345907497015,2.379228381649621,-0.6953329327927403
52.31708878,-9.718811838003301,2.639249993715978,-0.7187848746625555
52.32184352,-9.77411002752595,2.858490141249765,-0.7297867032167794
52.32659821,-9.694186439221314,3.0348968179435865,-0.7280929465696258
52.33135295,-9.479339742808225,3.1671224747787154,-0.7137140608249966
52.33610769,-9.132254389605677,3.2545208853219347,-0.6869181368557281
52.34086243,-8.65798500255662,3.297130513688368,-0.6482261081838915
52.34561717,-8.063891469299186,3.295645627740097,-0.5984006084927709
52.35037186,-7.359525156408724,3.251376604816612,-0.5384287901110051
52.3551266,-6.556467710536811,3.166201021075089,-0.46949955798211596
52.35988133,-5.668124962716904,3.042507198418946,-0.3929758011188214
52.36463607,-4.709479489059639,2.8831319079327997,-0.3103623214781569
52.36939081,-3.696806385210129,2.6912939011817114,-0.2232702760066586
52.3741455,-2.6473577608208623,2.470524868098222,-0.13337906711705869
52.37890024,-1.5790223281750932,2.2245993112413447,-0.04239673997257394
52.38365498,-0.5099672184360851,1.957464690671752,0.04797993786284966
52.38840972,0.5417302165458838,1.673173041769845,0.13610444680132203
52.39316446,1.558452391669299,1.3758151099633915,0.2204172258596558
52.39791915,2.5234047476270307,1.069457890180245,0.2994788446815229
52.40267389,3.4209636611620593,0.7580863115817372,0.3719984766058778
52.40742863,4.237000487710795,0.44554967431339293,0.4368567197226801
52.41218337,4.959173539582668,0.13551332735524937,0.4931220958858203
52.4169381,5.577180362208243,-0.16858402360020946,0.5400608918092601
52.42169279,6.082963483442875,-0.46356707215368487,0.5771403602486983
52.42644753,6.470863885869088,-0.7465544931904187,0.6040256395859825
52.43120227,6.737717784905544,-1.014983172512729,0.6205710458596196
52.43595701,6.882893859618466,-1.266625965517304,0.6268066180862716
52.44071175,6.908269825832807,-1.4996029357361693,0.6229209432922107
52.44546644,6.818149085940444,-1.7123861102912228,0.6092413550917336
52.45022118,6.6191200422222725,-1.903797894790233,0.5862126044764846
52.45497592,6.319862416729451,-2.0730034119294976,0.5543750627864633
52.45973066,5.930906480321478,-2.219497158895021,0.5143434478846663
52.4644854,5.464352375534235,-2.3430845097110167,0.466786969237284
52.46924008,4.933557675189237,-2.4438587120407966,0.4124116635016876
52.47399482,4.3528019402737295,-2.522174137971794,0.3519455366868035
52.47874956,3.736937344088299,-2.5786166408752242,0.28612694383902865
52.4835043,3.101034447979025,-2.613971940761573,0.21569643030515218
52.48825904,2.4600319855888118,-2.6291930021915153,0.14139204198441582
52.49301373,1.8283990754578956,-2.625367374764475,0.06394789906885023
52.49776847,1.2198176700769499,-2.6036854314448106,-0.01590436875905744
52.50252321,0.6468922914935301,-2.565410363368145,-0.09743189673580435
52.50727795,0.12089322198501015,-2.511850674675763,-0.1798952717946374
52.51203269,-0.34846166766126774,-2.4443357744746748,-0.2625424204777364
52.51678738,-0.7531823411128146,-2.364195094513948,-0.3446025216673362
52.52154212,-1.08713629470675,-2.272740980510321,-0.42528075081424965
52.52629686,-1.346130728142422,-2.1712554218311366,-0.5037545973162405
52.5310516,-1.527946567336365,-2.060980507371516,-0.5791723910315337
52.53580633,-1.6323248812733815,-1.9431123328964905,-0.6506545367281487
52.54056107,-1.6609073486583312,-1.8187979434792474,-0.7172977959867307
52.54531576,-1.6171334709828808,-1.6891347793050107,-0.7781827834479741
52.5500705,-1.506098174625823,-1.5551720085670375,-0.8323846660505425
52.55482524,-1.3343742779811483,-1.4179130814185654,-0.8789868771556852
52.55957998,-1.109805006713568,-1.2783188270294044,-0.9170974898411743
52.56433472,-0.8412723111745899,-1.1373104432324697,-0.9458677443997106
52.56908941,-0.538447167460205,-0.9957717942026643,-0.9645121046742842
52.57384415,-0.21152832186391896,-0.8545505323353699,-0.9723291356388843
52.57859889,0.12902393670512052,-0.714457689305207,-0.968722455507003
52.58335363,0.47275242291666103,-0.5762655292530402,-0.9532210183618233
52.58810837,0.8094597535468496,-0.44070361395380586,-0.9254980215167128
52.59286305,1.1294510716454351,-0.3084531850639002,-0.8853877969725042
52.59761779,1.4237572531586193,-0.1801401119664451,-0.8329001297544573
52.60237253,1.6843336658618797,-0.056326776391956934,-0.7682315391881429
52.60712727,1.9042302731461436,0.06249664011878482,-0.6917731543842265
52.61188201,2.0777296838500754,0.17592093744634782,-0.6041149060951455
52.6166367,2.2004506187113018,0.2836261907793786,-0.5060458403690398
52.62139144,2.26941516955811,0.3853890082665448,-0.3985504346726045
52.62614618,2.283079146875374,0.48108824310428533,-0.2828008659056051
52.63090092,2.241325725680666,0.57070871869849,-0.16014524439320946
52.63565566,2.145423491844124,0.6543426167330137,-0.032091891244895934
52.6404104,1.9979508445895695,0.732188286335606,0.09971019854989736
52.64516508,1.802689508035787,0.8045463514178443,0.23349449451680976
52.64991982,1.5644906255112272,0.8718131159451169,0.36740337781036275
52.65467456,1.2891175347089665,0.9344713869222313,0.4995175122016531
52.6594293,0.9830698314050915,0.9930789461952633,0.6278876525359509
52.66418404,0.6533937111973219,1.0482549989914856,0.7505683026708849
52.66893873,0.3074838256113061,1.1006650041795434,0.8656525471986858
52.67369347,-0.04711799983643224,1.1510043446557672,0.9713073192388259
52.67844821,-0.4029218584439986,1.1999813246349735,1.065808333117156
52.68320295,-0.7526814841347177,1.2482999853250722,1.1475738979135894
52.68795769,-1.0895736837150762,1.2966432147497562,1.2151968229840409
52.69271238,-1.4073609377263379,1.3456565947276449,1.2674736228693768
52.69746712,-1.7005331165825173,1.3959333803850806,1.3034302332439989
52.70222186,-1.9644248584258368,1.4480009462230459,1.3223434802859837
52.7069766,-2.195305862174057,1.5023089592157726,1.3237576229136683
52.71173133,-2.3904421529079065,1.5592194568744013,1.3074954195737194
52.71648607,-2.5481272582820975,1.618998921752808,1.2736633508020445
52.72124076,-2.667683167089584,1.681812359942162,1.2226508353635024
52.7259955,-2.7494318891514524,1.7477193165770069,1.1551234889100095
52.73075024,-2.7946393567907526,1.8166717025886752,1.072010672366687
52.73550498,-2.805434257047372,1.8885132687315656,0.9744877506347092
52.74025972,-2.7847051189845606,1.9629805478974844,0.8639536211166389
52.74501441,-2.7359795680644288,2.0397050948854654,0.7420041684531068
52.74976915,-2.663290074065256,2.11821688108673,0.610402353705043
52.75452389,-2.571030744454999,2.197948743799158,0.4710456572432261
52.75927863,-2.463809750028818,2.278241837483272,0.32593157701075304
52.76403337,-2.346301831638402,2.358352078195971,0.17712185539855743
52.76878805,-2.2231050611177423,2.4374576055857933,0.026706085933067912
52.77354279,-2.0986056587117403,2.5146673051040214,-0.12323465562991162
52.77829753,-1.976854241059909,2.5890304351627003,-0.27066350531303573
52.78305227,-1.86145641291691,2.6595473906408045,-0.41362217290077297
52.78780701,-1.755480134300467,2.7251816076361997,-0.5502633202264581
52.79256175,-1.661381796666493,2.7848725778882355,-0.6788803291615562
52.79731644,-1.5809524285804868,2.8375498988697236,-0.7979338785861184
52.80207118,-1.5152849258431176,2.882148241894445,-0.9060748141666362
52.80682592,-1.4647626682081243,2.917623080551458,-1.0021628759576433
52.81158066,-1.4290693522944344,2.942966989148723,-1.085280946346708
52.8163354,-1.4072193479046817,2.957226297300193,-1.154744594925974
52.82109008,-1.397607384166221,2.9595178717165926,-1.2101068251828668
52.82584482,-1.3980759044399433,2.949045787505326,-1.2511580631508374
52.83059956,-1.4059980054152932,2.925117646179974,-1.2779215592545856
52.8353543,-1.418373504955724,2.8871602938580465,-1.290644491079317
52.84010904,-1.4319353719054455,2.8347346894849896,-1.28978515069273
52.84486378,-1.443263504628002,2.7675496689642984,-1.2759966740519308
52.84961847,-1.448902668228335,2.6854743468314655,-1.25010782270724
52.85437321,-1.4454812976913056,2.5885488928894853,-1.2131013605746888
52.85912795,-1.4298278494777792,2.476993417896972,-1.166090582448735
52.86388269,-1.3990814399003564,2.351214701455494,-1.110294548503665
52.86863743,-1.3507936452735678,2.211810498241796,-1.0470125632261533
52.87339212,-1.2830185551217053,2.0595711667468675,-0.9775984111672246
52.87814686,-1.1943884632280042,1.8954783783900189,-0.9034348292682234
52.8829016,-1.0841729485526186,1.7207006850560365,-0.8259086605004049
52.88765633,-0.9523195341458978,1.5365857508460425,-0.7463870992057503
52.89241107,-0.7994746104646421,1.3446490902247736,-0.6661954047105366
52.89716581,-0.626983861046279,1.1465592006015017,-0.5865964233800451
52.9019205,-0.4368720212458468,0.9441190334039951,-0.5087722164507792
52.90667524,-0.2318024182858046,0.7392438148194753,-0.4338080390252315
52.91142998,-0.015017361821410842,0.5339353066757041,-0.362678853219718
52.91618472,0.2097389470549753,0.3302526901790946,-0.2962384854669521
52.92093946,0.43831277167115745,0.1302803603601957,-0.23521145603810384
52.9256942,0.6662457716868306,-0.06390696392045446,-0.18018742233232996
52.93044889,0.888889449471992,-0.25028128271815003,-0.13161809363431923
52.93520363,1.1015257921410728,-0.4268998455035554,-0.08981640307140745
52.93995837,1.2994906571565537,-0.5919443698201866,-0.0549576717585202
52.94471311,1.4782964401131122,-0.7437600199008448,-0.027082477691938948
52.94946784,1.633750670152044,-0.88089310343735,-0.006100950382922652
52.95422253,1.7620673874053367,-1.0021263559880995,0.008201751745341804
52.95897727,1.859968449982532,-1.1065106287746902,0.01615896903688233
52.96373201,1.9247722756527548,-1.1933917865137225,0.018215198217467875
52.96848675,1.9544679262546016,-1.2624316657129837,0.014917944476536238
52.97324149,1.9477728738927054,-1.313622046092816,0.006908781816129156
52.97799623,1.904173233410884,-1.3472907502233924,-0.005086402663645038
52.98275092,1.8239456952857287,-1.3640992064661341,-0.020268029342582955
52.98750566,1.7081608398786652,-1.365031080867933,-0.037774369895442604
52.9922604,1.558667953140913,-1.35137189399899,-0.05669406608131885
52.99701514,1.378061891729156,-1.3246798752957003,-0.07607965302875527
53.00176988,1.1696329578728148,-1.2867486547673883,-0.09496208254594371
53.00652456,0.9373011347293478,-1.2395627327860135,-0.11236620173056915
53.0112793,0.6855363913891651,-1.1852469846325682,-0.1273270997636246
53.01603404,0.4192670799273722,-1.1260117290665128,-0.1389071919637042
53.02078878,0.14377870045658303,-1.0640951030493992,-0.14621386286374666
53.02554352,-0.13539450845155535,-1.0017046252957988,-0.14841743680224156
53.03029826,-0.41258259445390494,-0.9409598914208559,-0.14476918504928638
53.035053,-0.6820949487456872,-0.8838383197338824,-0.13461901639541926
53.03980769,-0.9383348626472034,-0.8321257608468177,-0.11743244103916009
53.04456243,-1.1759111589211442,-0.7873736026570727,-0.09280635549246709
53.04931717,-1.3897446265830098,-0.7508637550295514,-0.06048317772780425
53.05407191,-1.5751671712914814,-0.7235825980212514,-0.020362869894103304
53.0588266,-1.7280117960224797,-0.7062046373560963,0.02748758404218636
53.06358133,-1.8446917434223316,-0.6990862452987016,0.08282763585275643
53.06833607,-1.9222673623320758,-0.7022694887586608,0.14523990854121593
53.07309081,-1.958499510884837,-0.7154956743055793,0.2141305008414657
53.07784555,-1.9518885828610015,-0.7382278864767787,0.28873308968760875
53.08260029,-1.901698545843723,-0.7696814749629494,0.3681169798051889
53.08735503,-1.8079657077705582,-0.8088611698088778,0.4511991493392369
53.09210972,-1.671492276743039,-0.8546032813402284,0.5367602233468232
53.09686446,-1.4938251380720768,-0.9056212806592121,0.6234641807452636
53.1016192,-1.2772206308423402,-0.9605529627221426,0.7098814739715674
53.10637394,-1.024596450397546,-1.0180073705188268,0.7945151227646576
53.11112868,-0.7394721186515607,-1.0766097067087963,0.8758292410374799
53.11588342,-0.42589973667819053,-1.1350425770613726,0.9522793731622816
53.12063811,-0.08838695047295446,-1.1920820950541782,1.0223439552316902
53.12539284,0.26818579055224673,-1.2466276236741034,1.0845561789601514
53.13014758,0.6386515320619973,-1.2977242307886712,1.1375355217006355
53.13490232,1.0176445347712115,-1.3445772775173834,1.1800182155872598
53.13965706,1.3996873829830108,-1.3865589314431392,1.2108859592991594
53.1444118,1.779275633859596,-1.423206782499288,1.2291922209495176
53.14916649,2.150958413819387,-1.4542151204974676,1.234185532092176
53.15392123,2.509413672424495,-1.4794197885470075,1.2253292251200172
53.15867597,2.8495171353853896,-1.4987778338356115,1.2023171191747117
53.16343071,3.1664043337100924,-1.5123434151563755,1.1650847182112927
53.16818545,3.4555254036194785,-1.5202415778820164,1.1138155563379297
53.17294019,3.7126926334183654,-1.5226415615486368,1.04894241570324
53.17769488,3.9341209671481594,-1.519731261330398,0.9711432531672985
53.18244962,4.116461855733504,-1.5116943291146498,0.8813318017780404
53.18720436,4.256830975145358,-1.4986911853374534,0.7806429555047397
53.1919591,4.352830411459884,-1.4808449359174694,0.6704131911796647
53.19671383,4.402565949188825,-1.4582328685084196,0.5521564197519017
53.20146852,4.404660096461637,-1.4308838584266566,0.4275357821227343
53.20622326,4.358261442822468,-1.3987816656803107,0.2983320104761203
53.210978,4.263050876468223,-1.361873767735917,0.16640906609671288
53.21573274,4.119245091105276,-1.3200850638011659,0.03367784277625941
53.22048748,3.9275976911780424,-1.2733355197229028,-0.09794120678647118
53.22524222,3.6893980609541677,-1.2215606101802587,-0.22655560703587815
53.22999696,3.406468001743832,-1.1647332660684007,-0.35033760315532037
53.23475165,3.0811559683504415,-1.1028859562477114,-0.4675591427096928
53.23950639,2.716328559130569,-1.0361315273738885,-0.5766241464644649
53.24426113,2.3153587441153243,-0.9646814928552616,-0.6760971821928629
53.24901587,1.8821101638880473,-0.8888605977329228,-0.7647277623119494
53.25377061,1.4209167103040967,-0.8091166823490966,-0.8414696350152711
53.25852534,0.9365565209889236,-0.7260251126776514,-0.9054946224097348
53.26328003,0.43421949468920246,-0.6402873250776271,-0.9562007677598638
53.26803477,-0.08053252608379442,-0.5527233321483424,-0.993214774118039
53.27278951,-0.6018136484723038,-0.46425833791434523,-1.0163889330174345
53.27754425,-1.1234704588091349,-0.37590389904164767,-1.0257929388157132
53.28229899,-1.639147494722861,-0.28873432999975324,-1.0217011486781384
53.28705373,-2.142361650408686,-0.2038592719201674,-1.0045759724898233
53.29180842,-2.626585140705642,-0.12239351791877064,-0.9750481596684095
53.29656316,-3.0853362530108885,-0.04542530566336837,-0.9338947937419403
53.3013179,-3.5122767084479443,0.026015651764793063,-0.8820158152727079
53.30607264,-3.9013140576002843,0.0909891227327085,-0.8204098738513775
53.31082738,-4.246707174130491,0.14867307897991025,-0.7501502644537515
53.31558212,-4.543172602043958,0.19838906029700656,-0.672361635722081
53.3203368,-4.785989274954262,0.23962320214270533,-0.5881980701655154
53.32509154,-4.971098968577751,0.2720421229449904,-0.49882303079138446
53.32984628,-5.095199775837131,0.2955030697196366,-0.40539154765975105
53.33460102,-5.155829908516759,0.31005793890446104,-0.30903488544771934
53.33935576,-5.151439228790995,0.31595101510814166,-0.21084779605761733
53.3441105,-5.081446094711281,0.31361049528566814,-0.1118783277463476
53.34886519,-4.946277361193359,0.3036340817399352,-0.013120044491551276
53.35361993,-4.747389706492344,0.28676912720782005,0.08449358415174553
53.35837467,-4.487270846981748,0.2638879928691831,0.1800929249121742
53.36312941,-4.169419652635916,0.23595942997719516,0.2728743855459512
53.36788415,-3.798304672721125,0.20401691373292144,0.3621014111359335
53.37263889,-3.379301114127023,0.16912494171654488,0.4471045724748838
53.37739357,-2.9186068690617204,0.13234435829269808,0.5272810010832405
53.38214831,-2.423138748294515,0.09469778181532307,0.602093369578637
53.38690305,-1.9004106249867525,0.057136194871727816,0.6710685572688151
53.39165779,-1.3583957191988396,0.02050771203946194,0.7337960840145618
53.39641253,-0.8053757442100066,-0.014470531298732955,0.7899263439640635
53.40116727,-0.24978008379494557,-0.04723651722091999,0.8391686274984008
53.40592201,0.2999814360191304,-0.0774027674841893,0.8812888882578072
53.4106767,0.8356882899637259,-0.10477042968131706,0.9161071971157624
53.41543144,1.3494773763980366,-0.12933754279289045,0.9434948308036533
53.42018618,1.8340052407503236,-0.15130114358561725,0.9633709713931495
53.42494092,2.2826000915595066,-0.171053030014122,0.9756990416524257
53.42969566,2.689399402042441,-0.18916915934836367,0.9804827638152441
53.43445034,3.049469131509817,-0.2063928251393042,0.9777620962326679
53.43920508,3.3589009893804893,-0.223611925913667,0.9676092637840634
53.44395982,3.614884700087835,-0.24183080669226145,0.9501251449079546
53.44871456,3.81575290172241,-0.2621373187767475,0.9254363035307976
53.4534693,3.9609971079210746,-0.2856659003140493,0.893692952631003
53.45822404,4.051254055395986,-0.3135576258815334,0.8550681041594663
53.46297873,4.088262712761765,-0.34691830234067983,0.8097580969264675
53.46773347,4.074793193883634,-0.38677579360484604,0.7579846036758933
53.47248821,4.0145497478275916,-0.43403783110018457,0.699998109635109
53.47724295,3.9120508357808483,-0.48945160222023015,0.6360827392653615
53.48199769,3.7724900122092935,-0.5535664002112938,0.5665621976677636
53.48675243,3.6015818795264125,-0.6267005627763294,0.4918064974211831
53.49150717,3.405397775317971,-0.7089138239917684,0.41223906632037516
53.49626186,3.1901960806276137,-0.799986059018019,0.32834377943160525
53.5010166,2.9622521112867317,-0.8994032200288029,0.24067143113967354
53.50577133,2.7276924756913257,-1.0063510526238462,0.14984515924195987
53.51052607,2.492338556269189,-1.1197169533403095,0.05656435242945765
53.51528081,2.2615634054210823,-1.2381000897670171,-0.038393387254169804
53.52003555,2.040165851746408,-1.359829664244399,-0.1341725964037958
53.52479024,1.8322650058414478,-1.4829909688961633,-0.22984291095449913
53.52954498,1.6412176588441443,-1.6054586616587863,-0.32440484167574446
53.53429972,1.4695603073950314,-1.724936496490211,-0.4167984732073395
53.53905446,1.3189767449806864,-1.839002570584515,-0.5059150930303712
53.5438092,1.1902913620033178,-1.945159009852174,-0.5906116533053741
53.54856394,1.0834875243799078,-2.0408849023842195,-0.6697278673111109
53.55331863,0.9977496786561053,-2.1236912085478994,-0.7421056459355836
53.55807337,0.9315271816546683,-2.191176326057661,-0.8066104903435095
53.5628281,0.8826172910432653,-2.241080969448655,-0.8621543764580506
53.56758285,0.8482642921293553,-2.271341036778064,-0.9077195976632538
53.57233758,0.8252713839789092,-2.2801371827216923,-0.9423829772915048
53.57709232,0.8101217089950684,-2.265939896018129,-0.9653398249705829
53.58184701,0.7991047847372686,-2.227548988266948,-0.9759269921960696
53.58660175,0.788444581442873,-2.1641265365891034,-0.9736443820978969
53.59135649,0.7744255764209976,-2.075222479725641,-0.9581742850065769
53.59611123,0.7535132975717471,-1.960792240720329,-0.929397944051781
53.60086597,0.722466131277027,-1.821205934815206,-0.887408802280004
53.60562071,0.6784355022344127,-1.6572489145729066,-0.8325219418052976
53.61037545,0.6190519216367013,-1.4701136016841139,-0.7652792926975613
53.61513014,0.5424948334767983,-1.261382752246193,-0.686450263030818
53.61988488,0.4475446565308697,-1.0330044948872283,-0.597027523741435
53.62463962,0.33361591369259574,-0.7872596642519675,-0.4982177766826324
53.62939436,0.20077085426879362,-0.5267221217149971,-0.3914274442339372
53.6341491,0.04971350210646052,-0.254212907038535,-0.27824334341451884
53.63890383,-0.11823540538670751,0.02725080381219241,-0.16040854286189116
53.64365857,-0.30118159673678907,0.3145108503096896,-0.03979374199162989
53.64841326,-0.49671706976412533,0.604326178498912,0.08163534663151192
53.653168,-0.701994558482705,0.8934326405176561,0.20185399188161365
53.65792274,-0.9138142930382726,1.1786032351626579,0.3188170642127737
53.66267748,-1.1287203426398824,1.4567075110671606,0.4304994127898993
53.66743222,-1.3431035738567214,1.7247688682063278,0.53493703778423
53.67218696,-1.5533080879340646,1.980018532868586,0.6302680342893474
53.67694165,-1.7557379238497048,2.219945045749994,0.7147722559352141
53.68169639,-1.946960828444301,2.4423381918873175,0.786908647402054
53.68645113,-2.123805998479842,2.6453264135418424,0.8453492208100458
53.69120587,-2.283452887914389,2.8274068807498076,0.8890087005620151
53.6959606,-2.4235084430182514,2.9874675459648605,0.9170689393184284
53.70071535,-2.5420704748977956,3.1248006754020743,0.9289973222641222
53.70547003,-2.6377753003020263,3.2391075269412712,0.9245585350045787
53.71022477,-2.7098282724458236,3.3304940301312445,0.9038192749038472
53.71497951,-2.7580163757614193,3.3994575163406147,0.8671457299590739
53.71973425,-2.7827026587484927,3.4468647459539494,0.8151939155950445
53.72448899,-2.784802907927813,3.4739216852290737,0.7488932221595481
53.72924373,-2.765745596710759,3.4821356984827636,0.6694237589956479
53.73399842,-2.7274167422592894,3.473271040063518,0.5781882689106598
53.73875316,-2.672091833156199,3.4492987491587686,0.47677952658324885
53.7435079,-2.602357414210641,3.412342257198966,0.3669442305487305
53.74826264,-2.521025204558854,3.364620195701036,0.2505444545749535
53.75301738,-2.4310417703163623,3.308388022951962,0.12951773939268468
53.75777212,-2.335396780621386,3.245880154253786,0.005836877264054519
53.76252686,-2.237032766661621,3.179254271783024,-0.11852962890759289
53.76728154,-2.1387591026945425,3.110539403649878,-0.24165555540715886
53.77203628,-2.0431726593619053,3.041589202687887,-0.3616926458277313
53.77679102,-1.9525872611648125,2.974041635753697,-0.47690337681560274
53.78154576,-1.8689737263123278,2.9092860301004873,-0.5856903001287771
53.7863005,-1.7939118902848532,2.848438132672693,-0.6866215604537204
53.79105524,-1.7285556243276556,2.7923235386685077,-0.778452271604413
53.79580998,-1.6736114648969567,2.7414695537520304,-0.8601415069891964
53.80056467,-1.6293310772661038,2.696105284025069,-0.9308647325480818
53.80531941,-1.59551739411108,2.6561695104911314,-0.9900215874937618
53.81007415,-1.5715439068211228,2.6213257077923866,-1.037239001471184
53.81482889,-1.556386252065044,2.5909834140162245,-1.0723697245481603
53.81958363,-1.5486649357108029,2.5643250491683607,-1.0954864357771952
53.82433831,-1.5466977756329525,2.540337211282863,-1.1068716831698306
53.82909305,-1.5485604279985439,2.5178454457622714,-1.1070039887901177
53.83384779,-1.5521531909750543,2.4955514791496376,-1.0965405243099968
53.83860253,-1.5552721569497412,2.4720719272356564,-1.0762968235550658
53.84335727,-1.5556827096585124,2.4459775245255604,-1.0472240487536886
53.84811201,-1.5511933356943703,2.4158319742061574,-1.0103843649191517
53.85286675,-1.539727739688817,2.380229582317152,-0.9669249999806536
53.85762144,-1.5193933172479013,2.337830914936373,-0.9180515759885453
53.86237618,-1.4885441469730476,2.287395801321366,-0.8650012895959341
53.86713092,-1.4458368099787493,2.22781309748768,-0.809016499116461
53.87188566,-1.3902775302686694,2.1581267215529616,-0.7513192416334121
53.8766404,-1.321259351016439,2.077557571970281,-0.6930871584930312
53.88139514,-1.2385883188601514,1.9855210403060184,-0.6354312542365381
53.88614988,-1.1424979373647974,1.881639929577845,-0.579375856455169
53.89090456,-1.0336514652474482,1.7657526857162704,-0.5258410846550324
53.8956593,-0.9131319652484835,1.637916942187198,-0.4756280749536448
53.90041404,-0.7824203441405366,1.4984084653841807,-0.42940714269860036
53.90516878,-0.6433619508186856,1.3477156704076332,-0.3877089957968674
53.90992352,-0.49812260554900234,1.186529952584288,-0.35091903845504213
53.91467826,-0.34913520899618,1.0157321490344193,-0.31927473101735654
53.91943295,-0.1990383173077121,0.8363755067812646,-0.2928659011609138
53.92418769,-0.050608264816474124,0.6496655896311746,-0.27163784026601473
53.92894243,0.09331343398537334,0.45693760538649564,-0.2553969713132262
53.93369717,0.22989556882140313,0.25963167740739485,-0.24381884410694857
53.93845191,0.3563937158880085,0.05926661918113478,-0.23645819951478714
53.94320665,0.47022582305982374,-0.1425872039425232,-0.23276084248108025
53.94796139,0.5690450400838843,-0.34433532705458536,-0.2320770671245615
53.95271607,0.6508080099620204,-0.5443863514024656,-0.23367638025239137
53.95747081,0.7138369430896401,-0.7411782357318554,-0.236763270002584
53.96222555,0.7568739284201861,-0.9332031544694442,-0.24049376662337044
53.96698029,0.7791260945119227,-1.119030409817203,-0.24399254719143768
53.97173503,0.7803004178961329,-1.297326946883652,-0.2463703478623187
53.97648977,0.7606271870970106,-1.4668750968929194,-0.2467414642940073
53.98124446,0.7208713672076292,-1.6265872595809625,-0.2442411384857474
53.9859992,0.6623313699359694,-1.775517327944188,-0.23804264396523944
53.99075394,0.5868250131965651,-1.912868752840452,-0.2273738893871876
53.99550868,0.49666274613706496,-2.0379992386462344,-0.21153336478805615
54.00026342,0.39460851170277683,-2.1504221519790363,-0.18990525833757954
54.00501816,0.2838289107430132,-2.2498048115804195,-0.16197357727432063
54.0097729,0.16783161155514767,-2.335963907297781,-0.12733511513453374
54.01452764,0.05039421067961253,-2.40885836804467,-0.08571111485631519
54.01928232,-0.0645150098559112,-2.4685800601907646,-0.03695747672517482
54.02403706,-0.1728227708320412,-2.5153427455102877,0.018926655973589817
54.0287918,-0.27044108986296767,-2.5494697577648413,0.08179213409779248
54.03354654,-0.3533601958664081,-2.5713808663641378,0.15133510578652926
54.03830128,-0.4177419754032091,-2.5815787834527155,0.22709466510105036
54.04305602,-0.4600118067393807,-2.5806357385322527,0.3084531393585302
54.04781071,-0.4769466338728129,-2.569180495409717,0.3946392899078636
54.05256545,-0.46575718328742644,-2.547886123762182,0.4847346502119637
54.05732019,-0.4241623307284627,-2.5174587659931262,0.5776831480347348
54.06207493,-0.3504537821651723,-2.478627563658033,0.6723040638170745
54.06682967,-0.24354944013546365,-2.4321358314624852,0.7673082730392
54.07158441,-0.1030340812645194,-2.378733495622656,0.8613176136476769
54.07633915,0.07081373083479099,-2.3191707510580732,0.9528871167258066
54.08109389,0.27700923643966713,-2.254192840469355,1.040529744018981
54.08584857,0.5138639466366787,-2.1845358181811094,1.1227431917289388
54.09060331,0.7790029724811497,-2.110923132154453,1.1980382466781905
54.09535805,1.0693968122060138,-2.034062838318211,1.2649681195363451
54.10011279,1.3814068153964214,-1.9546452524956996,1.3221581327133625
54.10486753,1.710843198156737,-1.8733408472165018,1.3683351103820558
54.10962227,2.0530341869983277,-1.7907982135129688,1.402355805697155
54.11437696,2.4029046342781846,-1.7076419300835197,1.4232337038256848
54.1191317,2.7550622825500977,-1.6244702116215382,1.4301635557510277
54.12388644,3.103889762105384,-1.5418522421603873,1.422543024936436
54.12864118,3.443640383483825,-1.4603251360816678,1.3999908678960247
54.13339592,3.7685358287770936,-1.3803905078766172,1.3623611246796088
54.13815066,4.072863941960061,-1.3025106711962486,1.3097528710004982
54.1429054,4.351074955256415,-1.2271045276296981,1.2425151819595672
54.14766008,4.597874649304589,-1.154543245451306,1.1612470746967634
54.15241482,4.808313113673715,-1.0851458676320873,1.0667923265120949
54.15716956,4.9778679382784405,-1.0191750257901813,0.960229197710435
54.1619243,5.102520817387993,-0.9568329709342431,0.8428552175713727
54.16667904,5.178826683161551,-0.8982581604477363,0.7161673122317063
54.17143378,5.203974606173229,-0.8435226605010325,0.5818376615008518
54.17618852,5.175839810082358,-0.7926306301986085,0.4416857663878783
54.18094321,5.0930262507705955,-0.745518144674693,0.29764729135471785
54.18569795,4.954899309445773,-0.7020545862289833,0.1517403174297526
54.19045269,4.761608243926499,-0.6620457839237127,0.006029706392840269
54.19520743,4.514098129683439,-0.6252390132185901,-0.13740966780912792
54.19996217,4.214111099188701,-0.5913298810422327,-0.27653001968009355
54.20471691,3.864176754024252,-0.5599710235139906,-0.40934725703061914
54.20947165,3.467591681954247,-0.530782440422327,-0.5339762602957203
54.21422633,3.028388066981866,-0.5033631903299144,-0.6486640361607263
54.21898107,2.5512914423617907,-0.47730408038874844,-0.7518200092304627
54.22373581,2.0416677129475,-0.4522009122623895,-0.8420428106057255
54.22849055,1.5054596713851593,-0.4276677951857288,-0.9181430405595854
54.23324529,0.9491133577499887,-0.40335001262555686,-0.9791616141196374
54.23800003,0.37949476679826444,-0.37893593191796937,-1.0243834348666085
54.24275477,-0.19620240921528279,-0.3541674767434873,-1.0533462780794078
54.24750951,-0.770557104188482,-0.32884873910735657,-1.065844895581671
54.2522642,-1.3360281396222635,-0.3028523879616094,-1.0619304770088667
54.25701894,-1.885067052076952,-0.27612363139338625,-1.04190571007198
54.26177368,-2.4102348702580096,-0.2486816023829031,-1.00631576950282
54.26652842,-2.9043209924520434,-0.22061815733042783,-0.9559356258923623
54.27128316,-3.36046210795499,-0.19209419442729855,-0.8917540999867776
54.2760379,-3.7722589385834033,-0.16333370862563487,-0.8149550975161868
54.28079264,-4.133888460408194,-0.13461589563636342,-0.7268964499011047
54.28554732,-4.4402092112058495,-0.1062656945115283,-0.6290867644047033
54.29030206,-4.686857302743046,-0.07864321372551832,-0.5231606602612954
54.2950568,-4.870330842905339,-0.05213251747144636,-0.41085274011455764
54.29981154,-4.988060631731927,-0.027130256887397113,-0.2939706220597064
54.30456628,-5.03846522516629,-0.0040346162268647245,-0.1743673388048094
54.30932102,-5.020988754955891,0.0167649914941454,-0.05391339841494279
54.31407576,-4.93612024393254,0.03489709871982098,0.06553120316063933
54.3188305,-4.785393552229723,0.050015916099762525,0.18214472366606907
54.32358519,-4.571367520219311,0.06180739353976771,0.294170864870239
54.32833993,-4.297586326095814,0.06999346849595885,0.399945090225372
54.33309467,-3.9685205379720285,0.07433445406539897,0.4979197315321871
54.33784941,-3.58948979992511,0.07462961405793794,0.586687533311552
54.34260415,-3.1665685368796255,0.0707160642600889,0.6650032785718603
54.34735889,-2.70647648365884,0.062466224850315,0.7318031447140608
54.35211363,-2.216456229051654,0.04978412499364566,0.7862214531032906
54.35686831,-1.7041403069165257,0.03260092386571827,0.8276044980299092
54.36162305,-1.177410653989394,0.010870059615597958,0.8555211671611347
54.36637779,-0.6442534794634213,-0.01543753378921447,0.8697700936301659
54.37113253,-0.11261274676560609,-0.04633769435968306,0.870383109290627
54.37588727,0.40975445334596833,-0.08183635133280748,0.8576248017077892
54.38064201,0.915417362558826,-0.12193149856452172,0.8319880183517042
54.38539675,1.397402661165098,-0.166613481241104,0.7941852146661517
54.39015144,1.8493142115804069,-0.21586333066013005,0.7451356113679434
54.39490618,2.2654386954681383,-0.2696489744365758,0.6859482114561417
54.39966092,2.640834750463876,-0.32791925606454647,0.6179008277439636
54.40441566,2.9714036406343367,-0.3905958141235798,0.54241538418264
54.4091704,3.253939992872637,-0.4575629926546089,0.46102987437190024
54.41392514,3.48616168831011,-0.5286560753825424,0.3753674832084327
54.41867988,3.666718598362353,-0.6036482529953898,0.287103496831727
54.42343456,3.795180478227707,-0.6822368405467755,0.19793073517767673
54.4281893,3.872004948844572,-0.764029357195932,0.10952433273197365
54.43294404,3.898487078626423,-0.848530158258912,0.023506758505192113
54.43769878,3.8766925852504066,-0.9351283643075715,-0.058586000770862894
54.44245352,3.809377088149886,-1.0230878577932883,-0.13533617389867234
54.44720826,3.6998941390269175,-1.1115401091561217,-0.2054729765309321
54.451963,3.552094938592291,-1.1994805484678464,-0.2678976215314846
54.45671774,3.370222719801974,-1.2857691150272486,-0.32170388303464764
54.46147243,3.1588047517991775,-1.3691354983458934,-0.36619367141938164
54.46622717,2.9225448058136165,-1.448189434008693,-0.40088724043364427
54.47098191,2.6662187350151236,-1.5214362427175594,-0.42552782433066294
54.47573665,2.3945755647106224,-1.5872976072897758,-0.44008068309024817
54.48049139,2.112246177242915,-1.6441373782998672,-0.44472670981606205
54.48524613,1.8236613185511037,-1.6902919928008255,-0.43985092034696877
54.49000087,1.5329802637156758,-1.7241048905643843,-0.4260262964100268
54.4947556,1.244031072185162,-1.743964126658391,-0.40399358572733474
54.49951029,0.9602629563172805,-1.7483422155254442,-0.3746377703201342
54.50426503,0.6847108961685755,-1.7358371068824527,-0.33896199313858993
54.50901977,0.4199722751268633,-1.7052130935064407,-0.2980597801610416
54.51377451,0.16819499876778998,-1.6554403897226841,-0.25308640966898266
54.51852925,-0.06892369700583376,-1.5857321001117084,-0.20523026371032604
54.52328399,-0.29012873843286513,-1.4955773222075808,-0.1556849510028392
54.52803873,-0.49459013319318357,-1.3847691951785173,-0.10562291870705563
54.53279342,-0.6818785243656117,-1.253426817881837,-0.0561711767502191
54.53754816,-0.8519346214754286,-1.102010112194826,-0.008389647958517493
54.5423029,-1.0050337479701585,-0.9313268974538097,0.03674746423706013
54.54705764,-1.1417467130808454,-0.7425316634270852,0.07836702612763767
54.55181238,-1.2628981641817598,-0.53711577457119,0.11570890612387034
54.55656712,-1.3695235086620512,-0.31688909786737746,0.14813447760711038
54.56132186,-1.4628254149951332,-0.08395331026014426,0.17513179502595605
54.56607654,-1.5441308134879812,0.1593326000288157,0.19631764447283417
54.57083128,-1.6148492209297074,0.4103938799916658,0.21143674752879935
54.57558602,-1.6764331132280619,0.6664876256379029,0.22035845133448217
54.58034076,-1.7303409687590396,0.9247552890130635,0.22307126906619693
54.5850955,-1.778003503774432,1.1822787452005081,0.21967564594956945
54.58985024,-1.8207935194950147,1.436138466545773,0.21037532023569888
54.59460498,-1.8599996773051584,1.6834722755364626,0.19546762971135292
54.59935972,-1.896804412747661,1.9215331183918922,0.17533308544813955
54.60411446,-1.932266090682678,2.147744319478909,0.15042449844236463
54.60886915,-1.9673053942171008,2.359750841371661,0.12125590405514437
54.61362389,-2.0026958314923133,2.5554651840182476,0.0883914858624204
54.61837863,-2.0390581412237485,2.733106704453496,0.0524346565545353
54.62313337,-2.076858285164458,2.891233319709628,0.014017410734938281
54.62788811,-2.116408638699858,3.0287647635943924,-0.026209974931541064
54.63264285,-2.1578719336859087,3.1449967972855077,-0.06758885163706554
54.63739758,-2.2012674725283277,3.239606019873006,-0.10946169829494792
54.64215227,-2.2464791196173333,3.312645184063398,-0.1511812004793897
54.64690701,-2.293264584700515,3.364529189388692,-0.1921188942268051
54.65166175,-2.341265541259007,3.396012193954287,-0.2316733493251739
54.65641649,-2.390018169985084,3.408156547647952,-0.269277854651965
54.66117123,-2.438963781311712,3.402294494657129,-0.3044075603782781
54.66592597,-2.4874592491277174,3.3799838097116446,-0.336586028993054
54.67068071,-2.534787076753677,3.3429587094812843,-0.36539114530815
54.6754354,-2.580165011379192,3.2930775091102586,-0.39046033026834054
54.68019014,-2.622755218968164,3.232268569101804,-0.4114949929616859
54.68494488,-2.6616731215737,3.1624760991326286,-0.4282641424577501
54.68969962,-2.695996075711405,3.0856073555748784,-0.4406070712721106
54.69445436,-2.7247721267664224,3.0034826931402803,-0.44843502024530696
54.6992091,-2.747029104837517,2.917789813726721,-0.4517317429795837
54.70396383,-2.7617843292979227,2.8300434031467234,-0.4505529068657777
54.70871857,-2.7680551635168906,2.741551164722474,-0.4450242960979213
54.71347331,-2.7648706118037527,2.6533870533336805,-0.43533881843183797
54.718228,-2.7512840842233826,2.5663722901109884,-0.4217523594086613
54.72298274,-2.7263873787976634,2.4810645027884997,-0.404578571126375
54.72773748,-2.6893258511664806,2.3977550966307253,-0.3841827216916608
54.73249222,-2.639314663217787,2.31647472314803,-0.36097476078958607
54.73724696,-2.575655926035881,2.2370064859603707,-0.3354017730465257
54.7420017,-2.4977564785822324,2.158906312556619,-0.3079399935822063
54.74675644,-2.4051459718121078,2.081529734322603,-0.2790865514797446
54.75151113,-2.297494859934938,2.004064160849293,-0.24935109059754085
54.75626587,-2.174631839190852,1.9255656118029614,-0.21924739739886598
54.76102061,-2.0365602237375056,1.8449987818256488,-0.18928514594062426
54.76577534,-1.8834727126304316,1.761279260735072,-0.15996185321159256
54.77053008,-1.7157639859062912,1.6733167116304855,-0.13175512425029895
54.77528482,-1.5340405739989404,1.5800578217441585,-0.10511525508575552
54.78003956,-1.3391274727018805,1.4805278827231831,-0.08045825173384592
54.7847943,-1.1320710228508657,1.373869925558681,-0.058159316068480384
54.78954899,-0.9141376361161634,1.2593804271105973,-0.03854684695556014
54.79430373,-0.6868080224388408,1.1365407162134373,-0.02189701021595618
54.79905847,-0.45176665894975926,1.005043333600246,-0.008428944231255333
54.80381321,-0.2108863350199715,0.8648127372024467,0.0016993132851414851
54.80856795,0.033792284783663945,0.7160198887541903,0.008394072505764023
54.81332269,0.2800860168638908,0.5590904054520588,0.011628293327704835
54.81807743,0.5256992352742349,0.394706108679861,0.011442817110147649
54.82283217,0.7682583219893387,0.2237999480311815,0.007946409578848877
54.82758691,1.005349986882811,0.04754442109477977,0.0013145131599723574
54.8323416,1.2345627941105488,-0.13266625371545765,-0.008213367200783995
54.83709633,1.4535310771200085,-0.3152398237396152,-0.02033768893068684
54.84185107,1.6599802823169085,-0.4984150381198014,-0.03470431630428796
54.84660581,1.8517726580447713,-0.6802954106532699,-0.050911355830449444
54.85136055,2.026952107033927,-0.8588869858526208,-0.06851731454698741
54.85611529,2.183786953353003,-1.0321392973754095,-0.08705047185328744
54.86087003,2.3208093465645128,-1.1979886355822902,-0.10601931160025588
54.86562472,2.436850044157237,-1.354402683713808,-0.12492381456866933
54.87037946,2.531067385254501,-1.4994255400546286,-0.14326736346442862
54.8751342,2.602969397458338,-1.6312221169570877,-0.16056896633799367
54.87988894,2.652428162294898,-1.7481208979268266,-0.17637546421942144
54.88464368,2.6796857948420945,-1.8486540427996394,-0.1902733584104215
54.88939842,2.685351656752367,-1.931593860245556,-0.20189987402064086
54.89415316,2.6703907035487666,-1.9959847184702926,-0.210952869122649
54.8989079,2.636103151376754,-2.0411695409899635,-0.21719920345546476
54.90366258,2.584095922282297,-2.066810135913408,-0.22048119854658887
54.90841732,2.5162465808344203,-2.0729007340033765,-0.22072085593508906
54.91317206,2.4346607013827843,-2.05977426093493,-0.21792155606560845
54.9179268,2.3416237983421038,-2.028101039307207,-0.212167040047263
54.92268154,2.239549105811668,-1.9788798019470963,-0.20361757896054228
54.92743628,2.1309226027388677,-1.9134210950599906,-0.19250335602087254
54.93219102,2.0182467432452293,-1.8333233521603087,-0.17911521846928863
54.93694571,1.9039843693005625,-1.740442120808813,-0.1637930906128625
54.94170045,1.7905042579056332,-1.6368531166097426,-0.146912469099777
54.94645519,1.6800296916722912,-1.5248099550756677,-0.12886953828236314
54.95120993,1.5745913440971318,-1.4066975646990718,-0.1100655388754841
54.95596467,1.47598564170612,-1.28498240773599,-0.09089108825528534
54.96071941,1.3857396065222565,-1.1621607240235334,-0.07171117756561793
54.96547415,1.3050829959264763,-1.040706064433989,-0.05285155317547642
54.97022889,1.2349283459907983,-0.9230173929057065,-0.03458712528795779
54.97498357,1.1758592936245358,-0.8113690098093211,-0.0171329372869278
54.97973831,1.1281273092915143,-0.7078634869223006,-0.0006380848543723531
54.98449305,1.0916567245039976,-0.6143887093383081,0.014817191531180973
54.98924779,1.0660576972869813,-0.5325799972808988,0.029221186942613
54.99400253,1.0506465356219448,-0.46378813665460455,0.042627290985596915
54.99875727,1.0444726041705947,-0.4090539868825956,0.05514767020254681
55.00351201,1.0463508817932707,-0.36909016345178136,0.06694443243549457
55.00826675,1.0548991216390988,-0.3442701155456382,0.07821872069822512
55.01302149,1.0685784933532094,-0.3346247408402752,0.08919825217882095
55.01777618,1.0857365563778527,-0.33984650430647245,0.10012386912249073
55.02253092,1.1046514201015003,-0.35930085958327734,0.11123570390610622
55.02728566,1.1235759849737421,-0.39204461355164644,0.12275957814216994
55.0320404,1.1407812225387046,-0.43685073009579617,0.13489424974773218
55.03679514,1.1545975361017629,-0.4922389402418202,0.14780008687361165
55.04154988,1.1634533429164617,-0.5565114149126212,0.16158968046890493
55.04630462,1.1659101297850962,-0.6277926646579965,0.17632080965838132
55.05105936,1.1606933538106592,-0.7040727582156941,0.191992051607959
55.05581404,1.1467186859175074,-0.7832528982490723,0.2085411878864262
55.06056878,1.123113223792757,-0.8631923574763777,0.22584641150862828
55.06532352,1.0892314300206207,-0.9417557611565671,0.24373019328523476
55.07007826,1.0446656771476102,-1.0168597023155914,0.26196553397715283
55.074833,0.9892514009887209,-1.0865176943863588,0.2802842199032821
55.07958774,0.9230669737666425,-1.1488825026453744,0.2983866205734111
55.08434248,0.8464285075032966,-1.2022849514961607,0.3159525199871733
55.08909722,0.7598798843037692,-1.245268379462324,0.3326524572041029
55.09385191,0.6641783836242078,-1.2766180074853413,0.34815906329356094
55.09860665,0.5602763377337947,-1.2953845980551864,0.3621579172763785
55.10336139,0.44929929604748775,-1.3009019113939049,0.37435750044795824
55.10811613,0.3325212178571276,-1.2927976080951973,0.38449790386272314
55.11287087,0.2113372429197962,-1.2709974022920687,0.39235803344606374
55.1176256,0.08723461261798048,-1.2357224319863653,0.39776115438616366
55.12238034,-0.03823766684924045,-1.1874799796768818,0.40057871309022897
55.12713508,-0.16349981220025983,-1.127047842725845,0.40073246421271913
55.13188982,-0.2869722821799023,-1.0554528145522581,0.3981950079517597
55.13664451,-0.40710620030940364,-0.9739438897455563,0.3929889068646315
55.14139925,-0.5224125520998776,-0.8839609430929394,0.3851845998109447
55.14615399,-0.6314895363631419,-0.7870997487258993,0.37489736016771563
55.15090873,-0.7330474738628778,-0.6850742957760636,0.36228355294032333
55.15566347,-0.8259307199269394,-0.5796774162653182,0.3475364295752505
55.16041821,-0.9091360948934526,-0.47274076552882804,0.3308816623499384
55.16517295,-0.9818274392442308,-0.36609518298903165,0.3125727677395224
55.16992764,-1.0433460177317504,-0.2615324116892476,0.2928865080696167
55.17468238,-1.0932166340999085,-0.16076907152670628,0.27211830199748016
55.17943712,-1.1311494673713987,-0.06541366878670027,0.25057762543494544
55.18419186,-1.1570377919883166,0.02306270992921634,0.22858335232617494
55.1889466,-1.1709518861696497,0.10335152048173972,0.20645897372450925
55.19370133,-1.1731295552830954,0.1743273579428129,0.1845276452841061
55.19845607,-1.1639637919787076,0.23506384028857685,0.16310704503623602
55.20321081,-1.1439881581040887,0.28484474059527753,0.1425040682875224
55.2079655,-1.1138605044747343,0.3231704650932472,0.12300943445191473
55.21272024,-1.074345645645393,0.34976009281429266,0.10489232039855541
55.21747498,-1.0262975817179496,0.3645492899293647,0.08839515755123649
55.22222972,-0.9706418123270018,0.3676844857792653,0.07372873232804666
55.22698446,-0.9083582237618869,0.3595137470441719,0.061067715753716986
55.2317392,-0.8404649529379724,0.34057481194316014,0.050546727756713726
55.23649394,-0.7680035451059828,0.31158074936325647,0.04225702458369888
55.24124868,-0.6920256283654014,0.2734036906060804,0.03624388914298836
55.24600342,-0.6135812294615403,0.2270570468600519,0.03250480301688285
55.2507581,-0.533708754857407,0.17367657732385558,0.030988480362978573
55.25551285,-0.45342656284052085,0.11450061589138107,0.03159484239957912
55.26026758,-0.37372596190588053,0.05084970393702097,0.03417600318361407
55.26502232,-0.29556539390804504,-0.01589418129692369,0.03853832232190995
55.26977706,-0.2198655029951029,-0.08430866350805279,0.04444555949719576
55.2745318,-0.14750475700720386,-0.1529521679938425,0.0516231410354842
55.27928654,-0.07931527879871489,-0.22038520660219174,0.05976352074157933
55.28404128,-0.016078561223623774,-0.28519167094135184,0.0685325844188672
55.28879597,0.041479219523674025,-0.3460000427706304,0.07757700730119402
55.29355071,0.09269251406319555,-0.40150439843891217,0.08653242469168693
55.29830545,0.1369624730182576,-0.45048503830304165,0.0950322205941327
55.30306019,0.17376382647288716,-0.4918285165152927,0.10271668354249754
55.30781493,0.20265250822338754,-0.5245467865171767,0.10924223234006711
55.31256967,0.22327385626202662,-0.5477951185961311,0.11429038535113634
55.31732441,0.23537111789891524,-0.5608883936192011,0.11757614005011509
55.32207915,0.2387938956452602,-0.5633153369150578,0.11885544544805833
55.32683383,0.23350609484544582,-0.554750233021556,0.11793148689041087
55.33158857,0.2195928814863339,-0.5350616598347011,0.11465955714672253
55.33634331,0.19726613285770087,-0.5043178031770976,0.10895035485978935
55.34109805,0.16686786806479867,-0.46278796273474276,0.10077162486557652
55.34585279,0.12887118239100967,-0.4109399393417851,0.0901481271971353
55.35060753,0.08387828091657674,-0.3494331019778855,0.07715998577422856
55.35536227,0.032615312654591395,-0.2791070690012752,0.06193951937971353
55.36011701,-0.02407615634575916,-0.20096609783536093,0.044666696471566236
55.36487175,-0.08525103144448404,-0.11615945287664828,0.02556338638959442
55.36962644,-0.14987576703403907,-0.02595820146862639,0.0048866093704724
55.37438118,-0.21684629150008394,0.06827094203546902,-0.017078979484859966
55.37913592,-0.28500828766075287,0.165093959825001,-0.04002910342347875
55.38389066,-0.3531792196473591,0.2630391940055725,-0.06364807753221643
55.3886454,-0.4201714206074344,0.36062740974856944,-0.08761691090591447
55.39340014,-0.48481552100759745,0.4564013410044998,-0.11162098979414
55.39815488,-0.5459835014929916,0.5489538566657021,-0.13535705810159213
55.40290956,-0.6026106919425044,0.6369539847596567,-0.158539253976522
55.4076643,-0.6537161036891475,0.7191701661428608,-0.18090401787506583
55.41241904,-0.6984205689648064,0.7944902654329491,-0.2022137538988713
55.41717378,-0.7359622647164518,0.8619380332010129,-0.22225919800273314
55.42192852,-0.7657093112548652,0.9206858778964483,-0.24086051922437163
55.42668326,-0.7871692537062286,0.9700639584153241,-0.25786724779763637
55.431438,-0.7999953497039393,1.0095657408302718,-0.2731571806260343
55.43619274,-0.8039896939935244,1.038850270037516,-0.2866344549000485
55.44094748,-0.7991033037362338,1.0577414852449394,-0.2982270024911321
55.44570217,-0.7854333624338923,1.0662249554125731,-0.307883603068094
55.45045691,-0.7632178731722956,1.0644424272801147,-0.3155707477380218
55.45521165,-0.7328280043342178,1.0526845672349838,-0.321269513068545
55.45996639,-0.6947584269267969,1.0313822438689069,-0.32497263121081427
55.46472113,-0.649615947183703,1.0010966471098957,-0.3266819261491024
55.46947587,-0.5981067356578825,0.9625084797110446,-0.3264062671118961
55.4742306,-0.5410224477915766,0.9164063949933867,-0.3241601645980776
55.47898535,-0.47922552264349233,0.8636747972075873,-0.3199630986193514
55.48374008,-0.4136339367030771,0.8052810718546869,-0.31383962107311225
55.48849477,-0.34520567850286454,0.7422622751174349,-0.3058202178598412
55.49324951,-0.2749231964880859,0.6757112853895514,-0.29594285918972857
55.49800425,-0.2037780563393285,0.6067624064186354,-0.28425511683373034
55.50275899,-0.13275602378534884,0.5365764112745133,-0.2708166894633429
55.50751373,-0.06282276490276914,0.4663250295493406,-0.255702151282668
55.51226847,0.005089670544851344,0.39717490679885203,-0.23900372173465018
55.51702321,0.07009544329096745,0.3302711041951115,-0.22083384283455182
55.52177795,0.1313664796897144,0.2667202552168138,-0.20132734643593447
55.52653269,0.18814288894937922,0.20757355108668094,-0.18064300001857544
55.53128738,0.23974215623687364,0.15380978277562526,-0.1589642402067656
55.53604212,0.2855670343562392,0.10631871966766025,-0.13649893950699438
55.54079686,0.32511206436420464,0.06588514877004702,-0.11347810154704248
55.5455516,0.3579686643564595,0.03317392997390786,-0.09015343885685767
55.55030633,0.3838287377814534,0.008716439961664525,-0.06679384982405423
55.55506107,0.40248676912448245,-0.007101220908568883,-0.043680873368212865
55.55981581,0.41384039560614444,-0.014047897377061126,-0.021103257646703885
55.56457055,0.4178894677746866,-0.012054588303761035,0.0006491696510922376
55.56932524,0.4147336385096288,-0.0012188973516928069,0.02129209890020946
55.57407998,0.404568548166555,0.018193527553523995,0.04055354090435922
55.57883472,0.38768070249995673,0.04575076589626715,0.058180551682890005
55.58358946,0.36444116837329243,0.08085974792794352,0.07394559460128938
55.5883442,0.33529823877643095,0.12277480423642537,0.08765226963787894
55.59309894,0.30076924242798614,0.17060964140451326,0.09914016973287813
55.59785368,0.2614316938886137,0.22335265694159825,0.10828866474085447
55.60260842,0.217913997332068,0.2798854044587955,0.11501946005694993
55.60736316,0.17088592995825755,0.3390039010857716,0.11929782842023327
55.61211784,0.12104913745842057,0.39944233678995394,0.12113247283700684
55.61687258,0.06912787086122403,0.4598986090089159,0.12057405107226594
55.62162732,0.015860177985771613,0.5190609808832843,0.11771247971762748
55.62638206,-0.038010269185825674,0.5756350652202568,0.11267323201122707
55.6311368,-0.09174157877684193,0.6283702853499824,0.10561293136476962
55.63589154,-0.1446002075049399,0.6760849684814036,0.09671459795365922
55.64064628,-0.19586670404172735,0.717689288707384,0.08618290623331298
55.64540102,-0.2448407229843625,0.7522053888887473,0.07423974564616258
55.65015571,-0.290845488221017,0.7787841612234471,0.06112025190385998
55.65491045,-0.3332319548088281,0.7967183416654673,0.04706931759014611
55.65966519,-0.37138296645187713,0.8054517610531682,0.03233843698739774
55.66441993,-0.40471772454456884,0.8045847854826025,0.017182632305932498
55.66917467,-0.43269687100871124,0.7938761606701029,0.0018571785583976987
55.67392941,-0.45482843955086283,0.7732416393659135,-0.01338609693678071
55.67868415,-0.4706748485321266,0.7427499048907681,-0.02830303227603158
55.68343889,-0.4798609945280719,0.7026163940012616,-0.04266178997287502
55.68819363,-0.4820833626444601,0.6531956564851684,-0.05624772585477334
55.69294831,-0.4771199072019751,0.5949728601501205,-0.06886813480379579
55.69770305,-0.4648402917498704,0.5285549593598629,-0.0803565132793408
55.70245779,-0.4452159336315509,0.45466190366822046,-0.09057602161874324
55.70721253,-0.418329198499346,0.37411808950063713,-0.09942191786835698
55.71196727,-0.38438105029980807,0.28784407611904206,-0.10682283765316301
55.71672201,-0.3436964872791854,0.19684842074100084,-0.11274088537031476
55.72147675,-0.2967271784397868,0.10221935508797114,-0.1171705685601137
55.72623149,-0.2440508441203695,0.005115937881592001,-0.12013665145263144
55.73098618,-0.1863670828658607,-0.09324172136463732,-0.12169103522452511
55.73574092,-0.12448951934997707,-0.1915835646555675,-0.12190880135524561
55.74049566,-0.05933432189356091,-0.2886023635964582,-0.12088358498952659
55.7452504,0.00809469788262086,-0.38296844228434584,-0.118722474825103
55.75000514,0.07672404575380014,-0.4733465079638653,-0.11554065808996422
55.75475988,0.1454310894205225,-0.558414627283687,-0.111456037559893
55.75951462,0.21306662111892274,-0.6368852472713694,-0.10658404026485697
55.76426936,0.2784788133776862,-0.7075280132294439,-0.10103281730995259
55.7690241,0.3405379114249135,-0.7691939870968507,-0.09489900709293461
55.77377878,0.3981609979730734,-0.8208407273184939,-0.08826420686979111
55.77853352,0.4503361780808211,-0.8615575637331954,-0.08119227515764015
55.78328826,0.49614555993337156,-0.8905902969628376,-0.07372757128561379
55.788043,0.5347864486136867,-0.9073644781494687,-0.06589422522647416
55.79279774,0.5655902212189814,-0.9115063858231217,-0.05769651351631757
55.79755248,0.5880384098102965,-0.9028608134382694,-0.049120387670491324
55.80230722,0.6017755807863381,-0.88150481280089,-0.04013615520703422
55.80706196,0.606618663595022,-0.8477566035302293,-0.03070225087793
55.8118167,0.6025624479611129,-0.802178955410818,-0.02076996314264629
55.81657139,0.5897810378769114,-0.7455764781599525,-0.010288908241179198
55.82132613,0.5686251240291686,-0.6789864115530637,0.0007870171602769835
55.82608087,0.5396150162478048,-0.6036626983794734,0.012493513590237997
55.83083561,0.5034294665953247,-0.5210533439975428,0.024849907074897863
55.83559034,0.460890414705948,-0.4327713191374089,0.037853630524265304
55.84034508,0.41294390241032836,-0.34055954367448477,0.051475417698149166
55.84509982,0.36063753557640776,-0.2462507886546622,0.06565541234962191
55.84985451,0.3050950151604967,-0.15172363349821136,0.08030034005464319
55.85460925,0.2474884091154791,-0.058855888240271194,0.09528185297344284
55.85936399,0.18900897879470166,0.030522894191015577,0.11043614675225139
55.86411873,0.1308374912710171,0.11467806114623452,0.12556495847095242
55.86887347,0.07411502702433173,0.19201387748245105,0.14043806614245913
55.87362821,0.019915319736968945,0.26111321402668247,0.1547973995115616
55.87838295,-0.030780364250463613,0.32077137964558033,0.16836282005760211
55.88313769,-0.0771048865573176,0.3700228261120953,0.18083953073198442
55.88789243,-0.11832266097423666,0.40815977669270836,0.19192694562515952
55.89264717,-0.15384225988799413,0.4347421991532119,0.20132871129516552
55.89740186,-0.18322385834633775,0.4495989442007908,0.20876345192981557
55.9021566,-0.20618143515150897,0.45282028193401325,0.21397572915792076
55.90691133,-0.22257992228240417,0.44474246957921226,0.21674667129439293
55.91166607,-0.23242775127887294,0.42592534920332287,0.21690373323492257
55.91642081,-0.2358654648551196,0.3971242799006272,0.21432908975301837
55.92117555,-0.2331512243718445,0.3592579346205466,0.20896623407139436
55.92593029,-0.22464413726559285,0.3133736232340122,0.2008244437843712
55.93068503,-0.21078635161487835,0.2606118334718214,0.18998088141037345
55.93543977,-0.19208482472237468,0.202171608883557,0.1765802111354204
55.94019451,-0.1690935803214371,0.13927821220735306,0.1608317315946899
55.9449492,-0.1423971369947077,0.07315426375996104,0.14300414291459293
55.94970394,-0.11259563021517802,0.004995215256218435,0.1234181807129941
55.95445868,-0.08029197355654089,-0.0640503545019919,0.10243745412523358
55.95921342,-0.0460812238918706,-0.13289552164084784,0.08045791006926804
55.96396816,-0.010542145611630268,-0.20052513818890014,0.05789640227522308
55.9687229,0.025769175311928037,-0.266001856706803,0.03517886513719934
55.97347764,0.062323924831433244,-0.3284688438760617,0.012728579446724493
55.97823238,0.09862368794657385,-0.3871500946409969,-0.009045024612150608
55.98298712,0.1342024663356135,-0.4413492910297182,-0.029756643024603176
55.9877418,0.16862794085119379,-0.4904480972400327,-0.04905413856514481
55.99249654,0.20150230240592676,-0.5339046582160544,-0.06662610471050405
55.99725128,0.23246292127458407,-0.5712528888145932,-0.08220777931952508
56.00200602,0.2611830550826494,-0.6021029233545324,-0.0955851995404002
56.00676076,0.2873727168145986,-0.626142862015825,-0.10659755469348155
56.0115155,0.310779743414173,-0.6431417237557654,-0.11513776307098472
56.01627024,0.3311910301122063,-0.6529533160483116,-0.12115137211004447
56.02102498,0.34843383179045845,-0.6555205756249549,-0.1246339551011483
56.02577967,0.36237698521326833,-0.6508798304578788,-0.12562724394166366
56.03053441,0.37293187767336977,-0.6391643842098874,-0.12421428832760184
56.03528915,0.3800529794580354,-0.6206068285432151,-0.12051396161045197
56.04004389,0.38373776883229677,-0.5955395413278763,-0.11467514094871875
56.04479863,0.38402590688952964,-0.5643929230533259,-0.10687087648276516
56.04955337,0.38099756255235345,-0.5276910509692767,-0.09729283426436243
56.05430811,0.3747708414149343,-0.48604458055405786,-0.0861462527821424
56.05906285,0.3654983316669401,-0.44014088585211353,-0.07364559413987874
56.06381758,0.35336284130738144,-0.3907315931525348,-0.06001099947067899
56.06857227,0.338572458557155,-0.33861781669038643,-0.045465577241522885
56.07332701,0.321355117894853,-0.2846335425459991,-0.030233469243233876
56.07808175,0.30195289468408176,-0.22962772106275878,-0.014538561847417135
56.08283649,0.28061627980928766,-0.17444571290659092,0.001396350261138959
56.08759123,0.25759869989022754,-0.11991078383160346,0.017350177016737415
56.09234597,0.23315154599877233,-0.06680635408599216,0.03310416192309497
56.09710071,0.20751995202960594,-0.01585967851173572,0.0484427522428203
56.10185545,0.18093952178468084,0.03227243571797189,0.06315490001138752
56.10661019,0.1536341424094912,0.07701537052430739,0.07703592866780824
56.11136488,0.12581494484835246,0.11788552559955742,0.08989002888882139
56.11611962,0.09768038580732931,0.15449601251890685,0.1015333646903436
56.12087436,0.0694173383703885,0.18655915200618892,0.11179768532768881
56.1256291,0.04120299867606709,0.21388587169107942,0.12053426018719107
56.13038383,0.013207352437677742,0.23638225209491517,0.12761789204430857
56.13513857,-0.014404095315863898,0.2540436004993202,0.13295072503997524
56.13989331,-0.0414676365840663,0.26694653713632394,0.13646555056464882
56.14464805,-0.06781901612471124,0.2752396488386793,0.13812832810277256
56.14940279,-0.09329167810719381,0.27913329763948125,0.13793967923641715
56.15415748,-0.11771579400439036,0.2788891647008065,0.1359351803525433
56.15891222,-0.1409181896655833,0.2748100653365595,0.13218436906255981
56.16366696,-0.16272321445777993,0.2672304932234193,0.1267884820625673
56.1684217,-0.18295452446538932,0.25650824731366273,0.11987704419930971
56.17317644,-0.20143768928646347,0.24301737089599143,0.11160351352798106
56.17793118,-0.21800348022184274,0.22714249757242413,0.10214024180968455
56.18268592,-0.23249165837335586,0.20927456406880462,0.09167302903369415
56.18744066,-0.24475505655849913,0.1898077260080699,0.0803955387160928
56.1921954,-0.25466374114041385,0.1691372105340104,0.06850380923032114
56.19695014,-0.262109049614132,0.14765776710198092,0.056191058200368654
56.20170482,-0.26700732564439755,0.1257623395835254,0.04364294233241514
56.20645956,-0.26930321150140907,0.1038405802046291,0.031033409436769018
56.2112143,-0.2689724029442039,0.08227685666453105,0.01852126269134814
56.21596904,-0.2660238171176672,0.06144746317782596,0.006247544077100167
56.22072378,-0.2605011635160142,0.04171682684596545,-0.005666174330327165
56.22547852,-0.25248393556911286,0.023432593744864148,-0.017118534485949286
56.23023326,-0.24208785139624553,0.006919575393088452,-0.028028165419866524
56.234988,-0.22946476549133463,-0.007527371198720377,-0.03833254497466236
56.23974274,-0.21480205192942461,-0.019651371618238215,-0.04798608279000962
56.24449748,-0.19832143138556915,-0.029242234987967086,-0.0569576219196747
56.24925217,-0.18027718749815697,-0.0361455223203666,-0.06522759906136855
56.25400691,-0.16095370029118697,-0.04027161213632644,-0.07278511528431046
56.25876165,-0.1406622201304637,-0.04160433341473672,-0.07962515063549254
56.26351639,-0.11973681680106442,-0.040208682728984264,-0.08574611479071292
56.26827113,-0.09852946437652406,-0.03623709998845357,-0.09114787329021797
56.27302587,-0.07740426183215811,-0.029933752156791952,-0.09583033610212689
56.27778061,-0.056730839075655765,-0.021636274706164554,-0.09979265077515058
56.28253535,-0.03687705451501013,-0.011774454096275061,-0.10303300980959845
56.28729008,-0.018201148796763336,-0.0008654066129014807,-0.10554905853169856
56.29204477,-0.0010435746246041685,0.01049507888553175,-0.10733886841432737
56.29679951,0.01428123072190219,0.021645216804008507,-0.10840241345590107
56.30155425,0.027492830134807338,0.03187391994956903,-0.10874345002318174
56.30630899,0.03835221229368061,0.04044130960845307,-0.1083716568289081
56.31106373,0.04666834500219181,0.046602618213448826,-0.10730485171784805
56.31581847,0.05230356685921722,0.04963484370118539,-0.10557107872644853
56.32057321,0.05517757067093338,0.04886530988156292,-0.10321036181036483
56.32532795,0.05526978977756805,0.043701111780565925,-0.10027595099635281
56.33008269,0.05262006544274965,0.03365829409298299,-0.0968349333639011
56.33483738,0.0473275437405182,0.018389536751049023,-0.09296813190117673
56.33959212,0.03954781934599476,-0.002290888662617874,-0.08876925966148626
56.34434686,0.029488408363983608,-0.028386072922296897,-0.08434333165624654
56.3491016,0.017402691073501342,-0.05970039820287738,-0.07980436565130809
56.35385633,0.003582516955171062,-0.09582933592480412,-0.0752724307227758
56.35861107,-0.011650292497797367,-0.13615579221659316,-0.07087013238319319
56.36336581,-0.02795327388074893,-0.17985343279450092,-0.06671865482281983
56.36812055,-0.044973192002066426,-0.22589715332239524,-0.06293351087234378
56.37287529,-0.06235614444680229,-0.2730805908266977,-0.05962017448111408
56.37763003,-0.07975759328797073,-0.3200403102773573,-0.05686978564699404
56.38238472,-0.09685202518870857,-0.3652860607169813,-0.054755122280112034
56.38713946,-0.11334195832457787,-0.4072362880227734,-0.05332702723981355
56.3918942,-0.12896603824827468,-0.4442579242360741,-0.052611462409476256
56.39664894,-0.14350599285568505,-0.4747093504540283,-0.05260733652093576
56.40140368,-0.1567922473810016,-0.4969853519558242,-0.05328522187841475
56.40615842,-0.16870803308233734,-0.5095628479365791,-0.054587040565881484
56.41091316,-0.1791918579118002,-0.5110461790827437,-0.05642676647709343
56.4156679,-0.18823824417346252,-0.5002107675722784,-0.05869215703795112
56.42042264,-0.19589667688445747,-0.47604401807156693,-0.061247496526331054
56.42517738,-0.20226874662707034,-0.4377823973711962,-0.06393729869841824
56.42993206,-0.20750351094634695,-0.3849437093560267,-0.0665908785308682
56.4346868,-0.21179113754329826,-0.3173536702563691,-0.06902766309841404
56.43944154,-0.21535492976164272,-0.23516599044404535,-0.0710630745093699
56.44419628,-0.2184418698966761,-0.13887529017274744,-0.07251478804966462
56.44895102,-0.22131184910485832,-0.029322323960144735,-0.07320914802240155
56.45370576,-0.22422578547715183,0.09230883556681134,-0.07298750997773588
56.4584605,-0.2274328662243832,0.2245018013336914,-0.07171226643665451
56.46321524,-0.23115718782195352,0.3654269894681899,-0.06927230088547938
56.46796998,-0.23558410986029493,0.5129685496379763,-0.0655876050796069
56.47272467,-0.2408466828578475,0.6647585834765588,-0.06061279825217198
56.47747941,-0.24701255495590912,0.8182179183051146,-0.05433931723676072
56.48223415,-0.2540718045547823,0.9706025189713507,-0.04679611213728764
56.48698889,-0.2619261824034435,1.11905446691357,-0.03804877999945806
56.49174363,-0.27038027300638573,1.2606563179233106,-0.028197184395707432
56.49649837,-0.2791350959729562,1.3924875728023998,-0.017371721145887337
56.5012531,-0.2877846578270275,1.5116819614961614,-0.005728479889538691
56.50600785,-0.29581593009740503,1.615484253304789,0.006556394614311607
56.51076258,-0.3026126685694843,1.7013053632553878,0.01929282120225566
56.51551732,-0.3074634014722291,1.766774624639694,0.032283075186872276
56.52027201,-0.3095738023401311,1.8097882339834004,0.04532798187603852
56.52502675,-0.3080835284551466,1.8285530382203494,0.05823277383611463
56.52978149,-0.30208745122671504,1.8216250128605163,0.07081240668570066
56.53453623,-0.2906610348623931,1.7879419608676936,0.08289615323024355
56.53929097,-0.27288943974562924,1.7268501307283535,0.09433131976470964
56.54404571,-0.24789974367821932,1.6381245959626516,0.10498596056102082
56.54880045,-0.21489549463143362,1.521983346987798,0.11475051403342831
56.55355519,-0.17319263966854856,1.3790951132956484,0.1235383477251485
56.55830993,-0.12225572264427179,1.210580957007053,0.13128527308953147
56.56306467,-0.06173311507540944,1.0180096606094047,0.1379481648135579
56.56781936,0.008510050977169921,0.8033868808123072,0.1435028828201041
56.5725741,0.0883626308062516,0.5691379726382634,0.14794174096019405
56.57732883,0.1774432737122191,0.31808432463370234,0.15127079152229028
56.58208357,0.27508259441688343,0.05341301111817687,0.15350719793085746
56.58683831,0.3803128709882596,-0.22136041908255683,0.1546769482996036
56.59159305,0.49186621739131026,-0.502436124118769,0.1548131184480441
56.59634779,0.6081819063476969,-0.7857810916583731,0.15395482469313693
56.60110253,0.7274232028698653,-1.0671869822981883,0.15214691841337732
56.60585727,0.8475037292567512,-1.3423342396825986,0.14944037578248895
56.61061201,0.9661230377976312,-1.6068617513250976,0.1458932413081484
56.6153667,1.0808107360317927,-1.8564410707018069,0.1415719078810408
56.62012144,1.1889782062001357,-2.086853942801118,0.13655247044042462
56.62487618,1.2879766962877512,-2.2940716285587444,0.13092187999022425
56.62963092,1.375160341364221,-2.474334314839726,0.1247786472134833
56.63438566,1.4479525039814782,-2.6242287413898513,0.1182328925102451
56.6391404,1.5039137018877196,-2.740762087767153,0.11140560175579275
56.64389514,1.540809319138403,-2.821430150703912,0.10442701501154973
56.64864988,1.5566752704688744,-2.864277908611544,0.09743414207143014
56.65340462,1.549879805401501,-2.8679507111804217,0.09056746058511364
56.65815936,1.519179694491477,-2.8317345382435444,0.0839669085114454
56.6629141,1.4637691320510389,-2.7555840293862537,0.0777673320799334
56.66766878,1.383319815337413,-2.6401372798588385,0.072093590320777
56.67242352,1.278010819213865,-2.4867167174687,0.06705554173415665
56.67717826,1.1485470796899473,-2.2973157113894627,0.06274314191108162
56.681933,0.9961655329940732,-2.074570912191272,0.05922186182469482
56.68668774,0.8226282319934424,-1.821720678590703,0.05652860198093304
56.69144248,0.6302020794292308,-1.542550304843802,0.05466824082585223
56.69619722,0.42162517425535945,-1.2413251151422287,0.0536109302002386
56.70095196,0.20006015558166995,-0.9227128265548026,0.053290243252974066
56.7057067,-0.030964664013520972,-0.5916968860455154,0.05360228835516413
56.71046144,-0.2676251745701562,-0.2534827446772272,0.054405915435991464
56.71521613,-0.5058807618889226,0.08660077060672527,0.05552414540758021
56.71997087,-0.7415610745041092,0.42320269983587344,0.05674693871910005
56.7247256,-0.9704580302407927,0.7510514658555364,0.05783538164474517
56.72948035,-1.1884206114787619,1.065054339360838,0.058527310856177205
56.73423508,-1.3914498647671807,1.360392613428055,0.058544324153777375
56.73898982,-1.5757914742336239,1.6326103911384222,0.057600045154326075
56.74374456,-1.7380233202857895,1.8776950849787615,0.05540942919668912
56.7484993,-1.875135564117543,2.0921479663553644,0.05169882308766661
56.75325404,-1.9846010108867775,2.2730433804290375,0.046216428436432026
56.75800878,-2.064433793521921,2.4180755475547966,0.03874277237726622
56.76276352,-2.1132347747802003,2.5255921988381864,0.02910076438175111
56.76751821,-2.1302224738871494,2.5946146296482575,0.017164915881351953
56.77227295,-2.1152487698838325,2.624844090458754,0.0028693209108341324
56.77702769,-2.0687990995861005,2.6166547575192767,-0.013785960806746623
56.78178243,-1.9919773362154733,2.571073824737777,-0.032730415657005324
56.78653717,-1.8864759869993837,2.4897495217953267,-0.053820705724815926
56.79129191,-1.754532765243283,2.3749080832638154,-0.07684055670971082
56.79604665,-1.5988749558815245,2.2293008643540704,-0.1015029590341395
56.80080139,-1.4226532881207847,2.056142920258396,-0.12745465170388018
56.80555613,-1.2293672461755656,1.8590444415425011,-0.15428277604373825
56.81031087,-1.0227838891710987,1.6419364747476348,-0.18152350871588627
56.81506555,-0.8068523202448475,1.4089923642624085,-0.20867241225343328
56.81982029,-0.58561595149733,1.1645463380862102,-0.2351961789503169
56.82457503,-0.3631246645490223,0.9130106353653892,-0.26054539297326457
56.82932977,-0.14334887444648137,0.6587925455419715,-0.28416789863658376
56.83408451,0.06990262416046948,0.406212703808519,-0.3055223424004727
56.83883925,0.2730593070866742,0.15942596862895592,-0.3240914548697102
56.84359399,0.46285852398630517,-0.07765380600810451,-0.33939465913350614
56.84834873,0.6364067057555174,-0.3014238021751844,-0.3509996337883622
56.85310347,0.7912310317163551,-0.5086557879688148,-0.3585325204464988
56.85785821,0.9253206273385735,-0.6965519288433163,-0.36168654072145967
56.86261295,1.037156588424381,-0.8627916521298394,-0.3602288688966592
56.86736769,1.1257303637153502,-1.0055684335064934,-0.35400568608706195
56.87212238,1.190550275149162,-1.123615487322056,-0.3429454139434078
56.87687712,1.2316362129463352,-1.2162195005271526,-0.3270601877979202
56.88163186,1.2495028092444347,-1.2832217608802223,-0.3064456799398528
56.8863866,1.2451316648910844,-1.3250063007322894,-0.28127942361810865
56.89114133,1.219933472807455,-1.3424750108322612,-0.2518178163647432
56.89589607,1.1757011397880326,-1.3370100703876309,-0.218391993767652
56.90065081,1.114555246959572,-1.31042447720585,-0.18140275676861542
56.90540555,1.0388833958724484,-1.2649019226219584,-0.14131470366637117
56.91016029,0.9512751489177461,-1.2029277094275073,-0.09864966511859588
56.91491503,0.8544543755862638,-1.1272128213452393,-0.0539794778072572
56.91966977,0.7512108493437981,-1.040613583315824,-0.007918077772338638
56.92442446,0.6443328999690576,-0.9460495721617899,0.03888713427141435
56.9291792,0.5365428175141442,-0.8464225277906242,0.08576469532747896
56.93393394,0.4304365366081498,-0.7445389704518082,0.13202924646441205
56.93868868,0.32842891580670763,-0.6430390554579806,0.1769923927170734
56.94344342,0.23270567864986486,-0.5443339060196292,0.21997411388398377
56.94819816,0.14518281387449208,-0.4505532740593641,0.26031452130064
56.9529529,0.06747395517149932,-0.3635049073461849,0.2973857117273274
56.95770764,0.0008659894917074354,-0.28464647100111806,0.33060344356996996
56.96246232,-0.05369710962251108,-0.2150703073452833,0.3594383463305325
56.96721712,-0.0956224483236946,-0.1555007480840473,0.38342636358019194
56.97197186,-0.12466878163234367,-0.10630314715334671,0.402178118427933
56.97672654,-0.14094001726694952,-0.06750331257906793,0.41538688113907085
56.98148128,-0.1448722623013509,-0.038815612193273376,0.4228348223472944
56.98623602,-0.1372150490938426,-0.01967773863953179,0.42439726873663386
56.99099076,-0.1190073652776965,-0.009289965223211466,0.42004475539503094
56.9957455,-0.0915490717823363,-0.006656717965249834,0.4098427925809113
57.00050024,-0.05636823585480253,-0.010628430790843612,0.39394941879306744
57.00525498,-0.015184847889251505,-0.019941926549393894,0.3726107654433406
57.01000972,0.030128652627454167,-0.033257949492774115,0.3461549746381758
57.01476446,0.07758963097737508,-0.04919492632749679,0.31498486352235855
57.0195192,0.12514985406694953,-0.06635850630359243,0.27956971006665227
57.02427389,0.17074192433356744,-0.0833668772830679,0.2404364631051726
57.02902863,0.2123269383957596,-0.09887223186434607,0.19816058618238652
57.03378337,0.24794262906709397,-0.11157903645977663,0.1533566635312097
57.0385381,0.27575111623751386,-0.12025992421741591,0.10666884788573235
57.04329284,0.2940852738322572,-0.12377009205926914,0.05876121631553501
57.04804758,0.30149263387083536,-0.12106104546756197,0.010308110127528096
57.05280232,0.2967757091861772,-0.11119442016273144,-0.03801544838502408
57.05755706,0.27902763350324317,-0.09335643732338174,-0.08554315846890276
57.0623118,0.24766209407896203,-0.06687333747343617,-0.13162655800453063
57.06706654,0.20243666276212838,-0.031227904508789827,-0.17564375788904485
57.07182128,0.14346880418307337,0.013923049701292198,-0.21700770714215767
57.07657602,0.07124403883647683,0.0687306049871701,-0.2551739114543186
57.08133071,-0.013384052493832557,0.13313563934290473,-0.28964753308833213
57.08608545,-0.10920209224493106,0.20685149454976237,-0.319989800930784
57.09084019,-0.21465335680229083,0.28934832752736234,-0.3458236578009091
57.09559493,-0.3278621636654133,0.37984018731857305,-0.36683857059291164
57.10034967,-0.4466657964037194,0.47727592704881777,-0.38279443037812094
57.10510441,-0.5686534429066527,0.5803350839386956,-0.3935244769802011
57.10985915,-0.6912115166458264,0.6874298369363971,-0.39893719814869705
57.11461389,-0.8115746413186748,0.7967140784968857,-0.39901717870189657
57.11936863,-0.9268815008850708,0.906100510687184,-0.39382490904210216
57.12412337,-1.0342346826843474,1.0132864907573689,-0.3834956006870049
57.12887811,-1.1307635638971363,1.1157891018359574,-0.36823709002586463
57.13363284,-1.2136892058138997,1.2109896070008972,-0.348326928870697
57.13838753,-1.2803901244285287,1.2961870615120126,-0.32410875172652165
57.14314227,-1.328467701899357,1.3686604179565087,-0.2959879724831648
57.14789701,-1.3558098964425358,1.4257379804282104,-0.26442680562616044
57.15265175,-1.3606518050167327,1.4648725728590501,-0.22993854693722757
57.15740649,-1.3416315421082763,1.4837203165811748,-0.1930810074539914
57.16216123,-1.297839830171746,1.4802205006698326,-0.15444898837816484
57.16691597,-1.2288616675625408,1.4526737119956068,-0.11466571726101468
57.17167071,-1.1348084648523649,1.3998151990715018,-0.07437322673109331
57.17642545,-1.0163391347582966,1.3208803919511107,-0.03422172764446613
57.18118019,-0.8746687927029176,1.215659595188675,0.005141908326491781
57.18593488,-0.7115639750511307,1.0845391089698542,0.04308639404572365
57.19068962,-0.5293236057851685,0.9285264061179764,0.07900880267175382
57.19544436,-0.3307453322140224,0.7492574873268767,0.11234764419357382
57.2001991,-0.11907729654761837,0.5489851383656619,0.14259597348046313
57.20495383,0.1020440991812483,0.3305475029887031,0.1693142081366045
57.20970857,0.32866935698540606,0.09731714228348337,0.192142271307943
57.21446331,0.5566223662456096,-0.14686845110837543,0.2108106087927718
57.21921805,0.7815960790891986,-0.3977931096810448,0.22514957183571588
57.22397279,0.9992547770288296,-0.6509624700214445,0.23509661682193356
57.22872753,1.2053399348849907,-0.9017154266960817,0.2407007596702489
57.23348227,1.3957764090135723,-1.1453427362866833,0.24212374548710958
57.23823701,1.5667755376470966,-1.3772085332023178,0.2396374644477803
57.24299175,1.7149317548537208,-1.5928703058317897,0.23361727519669348
57.24774644,1.837309486550679,-1.7881928968402885,0.22453109514365713
57.25250118,1.9315174070284258,-1.9594523488809554,0.2129243784358324
57.25725592,1.9957675704905444,-2.1034259109954094,0.19940140417149427
57.26201066,2.0289174742916423,-2.2174652245884015,0.18460359866168288
57.2667654,2.030493738699274,-2.2995505767837945,0.16918586726299997
57.27152014,2.0006967799913413,-2.3483250849039665,0.15379207303083234
57.27627488,1.940386579604496,-2.3631086853530845,0.13903085377626148
57.28102962,1.851050369964609,-2.3438927565519547,0.12545292504829247
57.28578436,1.7347537186174025,-2.2913170231909197,0.11353089979088794
57.2905391,1.594077053854469,-2.20663100646501,0.10364249322619515
57.29529383,1.4320401121824795,-2.091642678745451,0.09605779210738688
57.30004857,1.2520170930582533,-1.94865716178471,0.09093105844659975
57.30480331,1.0576454816629333,-1.7804083049313981,0.08829731248219401
57.309558,0.8527315527238339,-1.5899858308791408,0.08807370603638
57.31431274,0.6411555070898909,-1.3807604788729302,0.09006547252021006
57.31906748,0.4267790308639584,-1.1563092450915078,0.09397604506539123
57.32382222,0.21335782017468774,-0.9203424507003511,0.09942078513633629
57.32857696,0.004461300251669442,-0.6766339905139961,0.10594366238556463
57.3333317,-0.19659859759379844,-0.4289557563229355,0.11303616173561817
57.33808644,-0.38682813686733136,-0.18101691067828832,0.12015765127987596
57.34284118,-0.5636009087258204,0.06359157552109092,0.12675641642422927
57.34759592,-0.7246947733704439,0.30144690796098883,0.1322905543175944
57.35235066,-0.8683163996375329,0.5293389012513259,0.13624793848357186
57.35710534,-0.9931135825263452,0.744308870085088,0.13816451737600263
57.36186008,-1.0981758726956408,0.9436830386250497,0.13764030603412747
57.36661482,-1.1830243588558307,1.1251005511219179,0.13435256101276802
57.37136956,-1.24759169458715,1.2865361771882495,0.12806578176830452
57.3761243,-1.2921936503213487,1.4263178088986044,0.11863834080142982
57.38087904,-1.3174935980512494,1.543138846272966,0.10602569687195315
57.38563378,-1.32446140367464,1.6360655631448378,0.0902802829330993
57.39038852,-1.3143282159544034,1.7045395379716035,0.07154828109424902
57.39514326,-1.2885386106583994,1.7483752268701198,0.050063601770089006
57.399898,-1.248701483811661,1.7677527538141204,0.026139473119933147
57.40465274,-1.1965409995124523,1.7632060005709078,0.00015811614651166465
57.40940748,-1.1338487942419966,1.7356061003935526,-0.02744097701268955
57.41416222,-1.0624385268445964,1.686140476243547,-0.056173636864888576
57.41891696,-0.9841037433229755,1.6162876154498873,-0.08552398888679028
57.42367165,-0.9005798966570676,1.527787835600447,-0.11495737581780636
57.42842639,-0.8135112206352539,1.422610368213072,-0.1439328869930812
57.43318113,-0.7244230008724846,1.3029171651865867,-0.17191524055936155
57.43793587,-0.6346996167778061,1.1710239167647738,-0.1983858401853123
57.4426906,-0.5455685497967434,1.0293588572454424,-0.22285288106643472
57.44744535,-0.4580903721588714,0.8804200231628537,-0.24486040986784227
57.45220008,-0.37315455242200574,0.726731713058797,-0.2639962570477428
57.45695482,-0.2914807436042179,0.5708009704645923,-0.2798987698689175
57.46170956,-0.21362506049779845,0.41507496302078106,-0.29226229214283267
57.4664643,-0.13999071017572712,0.2619001521581839,-0.3008413686291334
57.47121904,-0.0708422209003026,0.11348413379930739,-0.30545369603219735
57.47597378,-0.00632242695809168,-0.02813902036616863,-0.3059818897434068
57.48072847,0.05352868432734782,-0.16113917663544977,-0.30237417431661134
57.48548321,0.1087541695949553,-0.2839156771822154,-0.29464412679370244
57.49023795,0.15946025015022328,-0.39511750530025724,-0.2828696013623275
57.49499269,0.2057971721768379,-0.4936577277926586,-0.2671909432436907
57.49974743,0.24794152425075205,-0.5787220159934241,-0.2478085655833579
57.50450217,0.2860806031756807,-0.6497711981076392,-0.22497992431623032
57.50925691,0.32039927097286186,-0.7065379427633849,-0.19901589149554455
57.51401165,0.3510695850882235,-0.7490178151896356,-0.17027650445398526
57.51876639,0.3782433201587048,-0.7774550823086889,-0.1391660599270362
57.52352113,0.4020473428120911,-0.7923237697627826,-0.1061275281889226
57.52827587,0.4225816602776823,-0.7943045898262057,-0.07163627792763964
57.5330306,0.4399198470468357,-0.7842584607130251,-0.03619312215892446
57.53778529,0.4541114671744641,-0.7631974210568995,-0.00031671477971817127
57.54254003,0.4651860559540768,-0.7322538045490806,0.03546465390901873
57.54729477,0.4731582037040825,-0.6926485756708587,0.0706217930743994
57.55204951,0.4780332938163859,-0.6456597356855767,0.10463378125966939
57.55680425,0.4798134824156298,-0.5925916867879805,0.1369974371875287
57.56155899,0.47850356173714925,-0.5347463905796226,0.16723691602876314
57.56631373,0.47411641668950055,-0.47339707515301327,0.19491321078316906
57.57106847,0.4666778572533825,-0.4097651349118523,0.21963329588251393
57.57582321,0.4562306825172011,-0.3450007320640189,0.2410586156373602
57.58057795,0.4428379004901319,-0.2801674525949213,0.2589125997470575
57.58533269,0.426585087415349,-0.21623119726750115,0.27298688722519165
57.59008743,0.407581917840451,-0.154053305654452,0.2831459619179492
57.59484212,0.3859629299345768,-0.09438772580942943,0.28932994688412617
57.59959686,0.3618876087914749,-0.03788186319406392,0.2915553676193818
57.6043516,0.3355398748152577,0.014919419287065677,0.2899137703973315
57.60910633,0.3071270574323176,0.06356731140684084,0.2845681671881788
57.61386107,0.2768784202072295,0.10770083094295947,0.27574736896615565
57.61861581,0.24504328665732372,0.14703766520141937,0.2637383614189672
57.62337055,0.2118888016678778,0.18136487261789008,0.24887696745758095
57.62812529,0.17769735581451682,0.21053017707850719,0.2315371251420556
57.63288003,0.1427637014668351,0.23443447569199194,0.21211918293459975
57.63763477,0.10739179952445885,0.2530260263914562,0.19103767177245184
57.64238951,0.07189145040070383,0.26629659764528957,0.16870905044969825
57.64714425,0.036574777335251586,0.2742796646569953,0.14553993227408543
57.65189899,0.0017526394828755376,0.27705054173862437,0.12191628285160357
57.65665373,-0.03226894662914944,0.27472816452802784,0.09819402957728009
57.66140842,-0.0651923065482476,0.26747809029939784,0.07469144504731712
57.66616316,-0.09673147292196288,0.2555161774578369,0.05168356485673559
57.6709179,-0.12661538033191921,0.23911234039322157,0.029398783655015824
57.67567264,-0.15459087332193844,0.2185937544287145,0.008017652170080887
57.68042738,-0.18042552536976442,0.19434690683765565,-0.012326217333164219
57.68518212,-0.20391027338518877,0.16681795143406103,-0.031543330108182006
57.68993686,-0.2248618711938975,0.13651092224366748,-0.04958384526757895
57.6946916,-0.24312515781490518,0.10398349075751157,-0.06643179961496269
57.69944633,-0.25857512442673725,0.06984010381425163,-0.08209838605065724
57.70420107,-0.2711187500439601,0.03472250604780623,-0.09661467369361666
57.70895581,-0.2806965622004601,-0.0007021779523975,-0.1100241631075236
57.71371055,-0.2872838674574998,-0.03575546091207523,-0.12237556274493665
57.71846529,-0.2908915895644805,-0.06976311766979107,-0.13371614980010707
57.72322003,-0.2915666527184611,-0.1020717977190098,-0.14408603777404044
57.72797472,-0.2893918548989773,-0.132065908918059,-0.15351361386956064
57.73272946,-0.28448519156377144,-0.15918399728829072,-0.16201233411493632
57.7374842,-0.2769986114239886,-0.18293383352789686,-0.16957897712069633
57.74223894,-0.26711621079554637,-0.20290545041207317,-0.17619336428472973
57.74699368,-0.25505189776018633,-0.21878145719152803,-0.18181946235188812
57.75174842,-0.2410465784683679,-0.23034408486155564,-0.18640770254961433
57.75650316,-0.2253649320349895,-0.23747858417749418,-0.18989828853902543
57.7612579,-0.2082918454795733,-0.2401727977978308,-0.1922252299835318
57.76601264,-0.19012857625315124,-0.23851294671938347,-0.19332083071059764
57.77076738,-0.1711886997776472,-0.2326758935660155,-0.19312037440927904
57.77552212,-0.15179388685404344,-0.2229183531531478,-0.19156677585419452
57.78027686,-0.1322695436984403,-0.20956369577826767,-0.18861499074922358
57.7850316,-0.1129403372330341,-0.19298711573440472,-0.18423599617505668
57.78978633,-0.0941256210037122,-0.17360000726063077,-0.1784201675453029
57.79454102,-0.07613477397056514,-0.15183439974930557,-0.17117989437366635
57.79929576,-0.05926246693920661,-0.12812825647447396,-0.16255130506028012
57.8040505,-0.04378388057194237,-0.10291234355149495,-0.15259501570739228
57.80880524,-0.029949914662991028,-0.07659923801061169,-0.14139587827512046
57.81355998,-0.017982449556757926,-0.0495748767369367,-0.12906177109458156
57.81831472,-0.008069745307995134,-0.022192863228890712,-0.11572153816006328
57.82306946,-0.0003620897321210691,0.005228441078474156,-0.10152223207213615
57.8278242,0.005032170707823867,0.03240619706141316,-0.08662584323098318
57.83257894,0.008050067423520716,0.0590910590010982,-0.07120570491732946
57.83733368,0.008676758973503541,0.085063288335833,-0.055442754242828164
57.84208842,0.006947446451419421,0.11012755583139532,-0.03952180793935325
57.84684316,0.0029483282856191716,0.1341070290498415,-0.02362798459145447
57.8515979,-0.0031835042986681065,0.1568373500171183,-0.007943375482365006
57.85635264,-0.011261298879927157,0.17816107598726866,0.007355961468793284
57.86110732,-0.021051037840258753,0.19792308943363965,0.02210263282498097
57.86586206,-0.03227500747942651,0.2159673881487455,0.0361401294709731
57.8706168,-0.04461652118122322,0.23213554925359697,0.04932460787380302
57.87537154,-0.05772574906836555,0.246267028895724,0.06152621207492607
57.88012628,-0.07122657603150095,0.25820131980557676,0.07262992649978409
57.88488102,-0.08472437653676076,0.2677818497256142,0.08253597083358272
57.88963576,-0.0978145579730902,0.2748613735627499,0.091159781944167
57.8943905,-0.11009168542997365,0.2793084992779623,0.09843166974023587
57.89914524,-0.12115896218226857,0.28101489928813855,0.1042962734662129
57.90389998,-0.13063780564573027,0.2799027009977444,0.10871196966150061
57.90865472,-0.13817723265671708,0.27593152534152016,0.11165038368390029
57.91340946,-0.14346275491268004,0.26910465226319064,0.1130961315212511
57.9181642,-0.14622448861202403,0.25947383654278555,0.11304687336955674
57.92291894,-0.14624420357921433,0.2471423741128478,0.1115137053218687
57.92767363,-0.14336107632824563,0.23226612346783665,0.10852186085966459
57.93242837,-0.13747596601592812,0.21505231216964923,0.10411164738251585
57.9371831,-0.12855409674771545,0.19575609625263218,0.09833950923837304
57.94193785,-0.11662609685504978,0.17467498100853562,0.09127908953894742
57.94669258,-0.1017874080705061,0.15214134537012652,0.0830221580904636
57.95144732,-0.08419612971635239,0.12851342946624716,0.07367927909606425
57.95620206,-0.06406940334358867,0.10416523745398547,0.0633801048798382
57.9609568,-0.041678472996711,0.07947586876267576,0.052273195818285934
57.96571154,-0.01734257815351439,0.05481881636597004,0.040525279779358436
57.97046628,0.008578146950258107,0.03055176003001414,0.02831987850462543
57.97522102,0.03569058045380097,0.007007338923543562,0.015855248333047963
57.97997576,0.06357712739780079,-0.015514681775715031,0.0033416133851495618
57.9847305,0.0918046306313025,-0.036753523063678406,-0.009002287544382077
57.98948524,0.11993345441069078,-0.05649155309475038,-0.02095326752991792
57.99423998,0.14752650526340355,-0.07455636884789166,-0.03228824773021597
57.99899467,0.17415794835797735,-0.0908207747680368,-0.04278914031757123
58.00374946,0.19942138259423106,-0.10520074127941426,-0.052247875406500575
58.00850415,0.22293725875899786,-0.1176515339867925,-0.060471389430842425
58.01325889,0.24435936415795098,-0.1281623102068993,-0.06728640564252587
58.01801363,0.26338025208263544,-0.13674957634319676,-0.07254385351484662
58.02276837,0.27973555997752214,-0.14344997803579979,-0.07612278492580285
58.0275231,0.29320722888676526,-0.14831294525349742,-0.0779336494500541
58.03227784,0.303625700559289,-0.1513937294214739,-0.07792079410300455
58.03703258,0.31087121964315256,-0.15274734657194342,-0.07606406332849149
58.04178732,0.3148744004178372,-0.15242388105483534,-0.07237940023627779
58.04654206,0.31561622694611274,-0.15046551331334898,-0.066918391767051
58.0512968,0.3131276419387215,-0.1469055188397865,-0.059766754120302516
58.05605154,0.30748884527991827,-0.14176935048701877,-0.051041812730546456
58.06080628,0.2988283725489001,-0.13507777036175436,-0.04088908633871782
58.06556102,0.2873219633924857,-0.12685184943703193,-0.029478133151760552
58.07031576,0.273191167172195,-0.1171195130293426,-0.016997856817721244
58.07507045,0.25670157760147716,-0.10592318902883598,-0.003651499428709726
58.07982519,0.2381605472101285,-0.09332802275389886,0.01034843408804056
58.08457993,0.21791421219766516,-0.07943006452771592,0.02478507322472347
58.08933467,0.19634366071881304,-0.06436381718599472,0.03944166768520624
58.09408941,0.17386010150602504,-0.0483085505937265,0.05410546076673527
58.09884415,0.15089893145864017,-0.0314928451417859,0.06857080102747327
58.10359889,0.1279126563130968,-0.014196909838834587,0.08264141233430486
58.10835363,0.10536268378719597,0.0032476740120555327,0.09613182262733126
58.11310837,0.08371007971184262,0.02046101159237607,0.1088680312104707
58.11786311,0.06340545037186711,0.03702085182257784,0.12068756060353218
58.12261784,0.04487818406566277,0.05247139939023285,0.13143908363791235
58.12737258,0.028525347386562115,0.06633479379243565,0.14098183832313893
58.13212732,0.014700582994155484,0.07812492408068077,0.14918504684438674
58.13688206,0.0037033923962347622,0.0873631120201538,0.1559275472365521
58.1416368,-0.004230792782238547,0.09359507665537195,0.16109783008048828
58.14639154,-0.008939345566791483,0.09640849847746277,0.1645946462141852
58.15114628,-0.010339595547188742,0.09545043845681975,0.16632830973034304
58.15590097,-0.008434044963754078,0.09044384026500295,0.1662227586532256
58.16065571,-0.0033133516576431925,0.08120235426839045,0.16421835361311474
58.16541045,0.004843144245404329,0.06764276843684565,0.16027530010675506
58.17016519,0.015769484034998973,0.04979441227372601,0.1543774871228527
58.17491993,0.029117780400212755,0.027805012858194846,0.14653646100450535
58.17967467,0.044465468564944606,0.0019426238809790745,0.13679521111203807
58.18442941,0.06132495562419793,-0.027406585574755143,0.12523143696312428
58.18918415,0.07915541541997557,-0.05974471239035968,0.11195999031048652
58.19393889,0.09737639792577071,-0.094472508442742,0.09713423076460538
58.19869363,0.11538285650208244,-0.13090342392625903,0.08094609059217661
58.20344837,0.13256114356151671,-0.16828077387911983,0.06362470624176625
58.2082031,0.14830548474940847,-0.205797344262317,0.045433537592590244
58.21295785,0.16203441400530327,-0.24261663718879115,0.02666596108596739
58.21771258,0.17320663839587602,-0.2778948826039952,0.007639392214069438
58.22246732,0.1813358051081962,-0.31080292216483146,-0.011311931696951869
58.22722206,0.18600366672450072,-0.3405471037923329,-0.029845297277534915
58.2319768,0.1868711879014224,-0.36638841241050946,-0.04761869960297196
58.23673149,0.18368720861706567,-0.387659199337958,-0.06430050766994595
58.24148623,0.17629437549090446,-0.403777050203978,-0.07957920554487001
58.24624097,0.1646321691574574,-0.4142555344535653,-0.09317278277256186
58.25099571,0.14873698460588408,-0.4187117894937034,-0.10483735554109541
58.25575045,0.12873935255638852,-0.41687108843011994,-0.11437463631016381
58.26050519,0.10485851259863363,-0.40856870309470233,-0.12163793057810761
58.26525993,0.07739465425932908,-0.39374948989541325,-0.12653641871506024
58.27001467,0.046719225172178684,-0.37246568803061925,-0.12903756972266298
58.27476941,0.013263763741478314,-0.3448734274258215,-0.1291676238098498
58.27952415,-0.02249225398487468,-0.3112284023150168,-0.1270101655048009
58.28427889,-0.06003405773017113,-0.2718810845995921,-0.1227028854075253
58.28903363,-0.09882424160876391,-0.2272717404017986,-0.11643269525770833
58.29378837,-0.13831500724730783,-0.17792538615007622,-0.10842941646495072
58.2985431,-0.17795962437250934,-0.12444668970240394,-0.09895830501800608
58.30329779,-0.21722281813456668,-0.06751469941276032,-0.08831170538991583
58.30805253,-0.255589874171706,-0.007877180593195381,-0.07680014503272783
58.31280727,-0.2925743334844423,0.05365573613074615,-0.06474319313337992
58.31756201,-0.3277242252198988,0.11621892959181715,-0.05246041416059698
58.32231675,-0.3606268532543536,0.17890102145575587,-0.04026274532716456
58.32707149,-0.3909122090820334,0.24075476502966786,-0.028444610886100053
58.33182623,-0.4182551262466086,0.30080931157720897,-0.017277049316688824
58.33658097,-0.44237631867981253,0.3580844703689897,-0.007002070627173704
58.34133571,-0.4630424572443833,0.4116069478904951,0.0021716154164961336
58.34609045,-0.48006543858118456,0.46042840264086454,0.010071444971042792
58.35084519,-0.49330099314540476,0.5036449926894112,0.016562450234109453
58.35559993,-0.5026467705476798,0.5404179337188482,0.02154742315363437
58.36035467,-0.5080400338905303,0.5699944385007248,0.02496596944597408
58.36510941,-0.5094550919928782,0.5917282892118036,0.026792683834992722
58.36986415,-0.5069005981701231,0.6050992156559073,0.0270347146301606
58.37461889,-0.5004168442976548,0.6097302255487587,0.025728999158436246
58.37937363,-0.4900731767617106,0.605402061736987,0.02293943281152467
58.38412837,-0.4759656543890772,0.5920640432388016,0.018754178824673055
58.38888305,-0.458215055650145,0.5698406751344401,0.013283237740303086
58.39363779,-0.4369653220701947,0.5390335772321795,0.006656290624203435
58.39839253,-0.4123824970413031,0.5001184738165104,-0.000979267092349323
58.40314727,-0.3846541862115943,0.4537371982755898,-0.009460248299273577
58.40790201,-0.35398953037352243,0.40068488849022055,-0.01860971477021278
58.41265675,-0.32061964625635625,0.3418927707731726,-0.028239261215882275
58.41741149,-0.28479845460538006,0.2784071373443167,-0.03815160034684472
58.42216623,-0.24680377657082506,0.21136529710740407,-0.04814343396495632
58.42692097,-0.20693853736964324,0.14196940401066394,-0.058008544151031925
58.43167571,-0.16553187196276758,0.07145912813295548,-0.06754102194025724
58.43643045,-0.1229398869957529,0.001084127197233269,-0.07653856391309567
58.44118519,-0.07954580608382932,-0.0679227933914605,-0.0848057930345164
58.44593993,-0.035759222424761754,-0.1343710600304373,-0.09215758030080846
58.45069467,0.007985787943010686,-0.19713561988580697,-0.09842234757554744
58.45544941,0.05123387458233145,-0.25517765687498317,-0.1034453199648854
58.46020415,0.09351303112443017,-0.3075623907742426,-0.10709167678322762
58.46495889,0.1343406009790059,-0.3534737377454613,-0.10924953337901971
58.46971363,0.1732305355512297,-0.3922257151885333,-0.10983267693820824
58.47446831,0.20970167253428798,-0.42327056362668775,-0.10878297681537412
58.47922305,0.2432867292418252,-0.44620363811216485,-0.1060723897691577
58.48397779,0.2735416645426657,-0.4607651967642422,-0.10170447969628967
58.48873253,0.30005505482917766,-0.4668392886894602,-0.09571537021386374
58.49348727,0.3224571526004145,-0.4644500184978339,-0.08817404852617877
58.49824201,0.3404283443414496,-0.45375553586632006,-0.07918194125610441
58.50299675,0.35370678774827735,-0.43504015758768033,-0.06887168685210562
58.50775149,0.3620950761318842,-0.40870506599801903,-0.05740503576143933
58.51250623,0.3654658400654091,-0.3752580336212915,-0.0449698240011432
58.51726097,0.3637662453604252,-0.33530259708058496,-0.031775996805529616
58.52201571,0.35702137807550294,-0.28952704842908866,-0.01805071409683762
58.52677045,0.34533652135591736,-0.23869353857514522,-0.004032648500633149
58.53152519,0.32889832882621667,-0.18362750568891462,0.010034321895146433
58.53627993,0.30797488992503874,-0.12520755838228997,0.023907741096846877
58.54103467,0.282914668422799,-0.06435586138163607,0.03735318787246051
58.54578941,0.2541442794277035,-0.0020289898897263557,0.05015053621299389
58.55054415,0.22216505428094335,0.06079086193821092,0.06209957171243368
58.55529889,0.18754832794585957,0.12310450932258728,0.07302474762016661
58.56005363,0.15092937072948961,0.1839044970857897,0.08277894423752989
58.56480837,0.112999877201377,0.24218420893671858,0.09124615755270266
58.56956305,0.0744989234534414,0.2969476740173385,0.09834307906946468
58.57431779,0.03620231422472501,0.3472203537830228,0.10401954535540034
58.57907253,-0.0010897312185965352,0.3920611304752816,0.10825784812512468
58.58382727,-0.036566557518952436,0.4305756233545187,0.11107091740219081
58.58858201,-0.06942264836372972,0.4619308365851511,0.11249942696983249
58.59333675,-0.09887463740030937,0.48537100124008503,0.1126079205425545
58.59809149,-0.12417948084133638,0.5002343232957881,0.111480113662502
58.60284623,-0.144653391256756,0.5059702018557021,0.10921358610647736
58.60760097,-0.15969100366348574,0.5021563506945445,0.10591413877445281
58.61235571,-0.1687841300840695,0.48851515424901354,0.10169014084822857
58.61711045,-0.1715393740578804,0.4649285256710195,0.09664722661092728
58.62186519,-0.1676938360541691,0.4314505141233047,0.0908837051068087
58.62661993,-0.15712815196616048,0.3883169316176668,0.08448701282053497
58.63137467,-0.1398761704527221,0.3359513342012054,0.07753147053352623
58.63612941,-0.11613068576995256,0.27496679474673785,0.07007750805163361
58.64088415,-0.08624479215270645,0.20616304096698332,0.062172405697474
58.64563889,-0.05072860310252016,0.13051869762750834,0.05385248092369629
58.65039363,-0.01024127259541904,0.04917855943304946,0.045146532615042416
58.65514837,0.034421546881951696,-0.03656397899959208,0.03608025354688443
58.65990305,0.08234448495725726,-0.12528900962360068,0.026681240710997593
58.66465779,0.13251297861725486,-0.215476200511636,0.01698418073375104
58.66941253,0.1838369076337932,-0.30553421297189576,0.007035769807934192
58.67416727,0.235176599543434,-0.3938326418487563,-0.0031010507944069323
58.67892201,0.2853703932123334,-0.4787355837362447,-0.01334390128723637
58.68367675,0.33326291538600195,-0.5586358868043564,-0.023589076530882536
58.68843149,0.3777332247769998,-0.6319891247957198,-0.033711121344663565
58.69318623,0.417722010999459,-0.6973463650455967,-0.04356391804855616
58.69794097,0.45225709651289736,-0.7533848626480057,-0.052983248416084115
58.70269571,0.480476571622898,-0.7989359040501868,-0.061790724868854834
58.70745045,0.5016489870622203,-0.8330091352331516,-0.06979893183599786
58.71220519,0.5151901282484769,-0.8548128338915499,-0.07681756765799108
58.71695993,0.5206759959164199,-0.8637697153772921,-0.08266032488074074
58.72171467,0.5178517197887763,-0.8595279953304489,-0.08715219525850186
58.72646941,0.506636238264673,-0.8419675667190197,-0.09013684482013158
58.73122415,0.48712268994744995,-0.8112012845735905,-0.09148368470875878
58.73597889,0.4595745811717664,-0.767571485931745,-0.0910942718296948
58.74073363,0.4244179134648256,-0.7116420013796585,-0.08890770993859627
58.74548837,0.3822295706137083,-0.6441860321616548,-0.08490478160045108
58.7502431,0.33372237103253843,-0.5661703658403134,-0.07911061626597579
58.75499779,0.2797272820426884,-0.4787364765322419,-0.07159578050503834
58.75975253,0.22117336377907418,-0.3831790970404744,-0.062475755447054145
58.76450727,0.159066058114989,-0.2809228571560998,-0.05190883889520695
58.76926201,0.09446446002994079,-0.17349755637043246,-0.040092573825912935
58.77401675,0.028458204416590145,-0.06251258542279549,-0.027258861264580922
58.77877149,-0.03785542873050407,0.05036906219057526,-0.01366796369024522
58.78352623,-0.10339364037113143,0.16345682999017125,0.00039835648369392995
58.78828097,-0.1671089886614666,0.27505841099164086,0.014644292707791247
58.79303571,-0.2280086126930931,0.3835051218788175,0.028767761940100965
58.79779045,-0.2851714808504874,0.48717667499265127,0.04246820491868733
58.80254519,-0.3377634168292929,0.584525206850236,0.05545415744460995
58.80729993,-0.38504972633081314,0.6740984197312424,0.06745036102775342
58.81205467,-0.4264053117949319,0.7545616689925233,0.07820421989697939
58.81680941,-0.46132222211074847,0.8247187887901561,0.08749145368801924
58.82156415,-0.48941463923854167,0.8835314001461924,0.09512083638971414
58.82631889,-0.5104213536088676,0.9301363959499841,0.10093794982234086
58.83107363,-0.5242058243563726,0.9638612553670672,0.10482791402092381
58.83582837,-0.530753958229717,0.9842368118011531,0.1067170882342893
58.8405831,-0.5301697717893831,0.9910070888325576,0.106573764603543
58.84533784,-0.5226691249338389,0.9841358303883307,0.10440790065253448
58.85009258,-0.5085717301566561,0.9638093857927068,0.10026995593684997
58.85484727,-0.4882916522614227,0.9304356664634134,0.09424891401671125
58.85960201,-0.46232651914771433,0.8846389666965586,0.08646958588381208
58.86435675,-0.4312456675843038,0.8272505334392395,0.07708930640990297
58.86911149,-0.3956774505658001,0.7592948762001246,0.06629415006910956
58.87386623,-0.35629593686711103,0.6819719250783619,0.05429480288117712
58.87862097,-0.3138072402916312,0.5966352686117647,0.04132223036938163
58.88337571,-0.2689357263027406,0.5047668294633505,0.02762327299224545
58.88813045,-0.22241035625336117,0.40794846005885793,0.013456279202244533
58.89288519,-0.17495144187897502,0.30783105690919166,-0.0009131471582719747
58.89763993,-0.1272580914317091,0.20610189589031702,-0.01521624991093008
58.90239467,-0.07999662933534395,0.10445097543973494,-0.029185081454371823
58.90714941,-0.03379025909760013,0.004537215033566504,-0.04255636432698179
58.91190415,0.010789788931481048,-0.09204461191030912,-0.05507531650252305
58.91665889,0.053231428712113754,-0.18379533102174697,-0.06649950336664719
58.92141363,0.09308707302027115,-0.2693403578340818,-0.07660275763573535
58.92616837,0.1299771067253237,-0.3474554423353567,-0.08517916939360966
58.93092311,0.1635914882779614,-0.4170884788260126,-0.09204710084474257
58.93567784,0.1936895583706545,-0.47737681954967665,-0.09705313506353234
58.94043258,0.2200981940735814,-0.5276596856352246,-0.10007583308124919
58.94518732,0.24270849318928978,-0.567485445431727,-0.10102915130170692
58.94994206,0.26147120678080976,-0.5966137168673101,-0.09986535835272356
58.9546968,0.27639115860141855,-0.6150124325358505,-0.09657728342837055
58.95945149,0.2875209000013339,-0.6228501704304226,-0.09119972866249766
58.96420623,0.29495385036147753,-0.620484191448488,-0.0838098947033237
58.96896097,0.2988171693467989,-0.6084447352806951,-0.07452671119418387
58.97371571,0.29926460046022507,-0.5874162112445863,-0.06350903350950086
58.97847045,0.2964695157811876,-0.5582159818113535,-0.050952750749210275
58.98322519,0.29061837867396617,-0.5217714724227435,-0.0370869242102483
58.98797993,0.2819048244777948,-0.4790963469990824,-0.022169118372820755
58.99273467,0.27052453910369695,-0.4312664593911031,-0.006480089240012586
58.99748941,0.25667109161473367,-0.3793962256414738,0.009682033066363279
59.00224415,0.2405328474812057,-0.3246159654930828,0.026007966428007064
59.00699889,0.2222910522854294,-0.26805064626787656,0.04218382051233298
59.01175363,0.20211913028912581,-0.21080034439211615,0.05789786255224799
59.01650837,0.1801831889822675,-0.15392263463282185,0.07284735599312687
59.0212631,0.15664366139020602,-0.09841703314771125,0.0867452615860871
59.02601785,0.13165795597146712,-0.04521155738299798,0.09932654805339199
59.03077258,0.10538392424040449,0.004848583733382476,0.11035385972975591
59.03552732,0.07798390401232067,0.051010201195081324,0.11962233538056913
59.04028206,0.04962905571951613,0.09261931711742184,0.12696344774666476
59.0450368,0.020503683323540835,0.1291264591725327,0.13224780823296187
59.04979154,-0.009190779140034605,0.16009021774196094,0.1353869310805316
59.05454628,-0.03923243019191201,0.18517924257267065,0.13633396796280853
59.05930102,-0.06937651009487486,0.20417284856912638,0.13508341751211808
59.06405571,-0.09935422325891928,0.21696037004695118,0.1316698074466997
59.06881045,-0.12887299421475926,0.2235393576654569,0.12616536258230948
59.07356519,-0.15761831295246068,0.22401266487895258,0.11867672057026972
59.07831993,-0.185257243212209,0.21858443324892468,0.10934083048070306
59.08307467,-0.21144357301447927,0.2075549659140716,0.09832024425885028
59.08782941,-0.2358244893406358,0.19131447710424515,0.08579806152073194
59.09258415,-0.2580485677762282,0.1703357186655789,0.07197279777636119
59.09733889,-0.27777479054652626,0.14516550550825005,0.05705341529911972
59.10209363,-0.2946822474134796,0.11641518463176699,0.04125469981293703
59.10684837,-0.3084801351906007,0.08475011346729551,0.024793106676459307
59.1116031,-0.31891765220080154,0.050878232294760725,0.007883154729340891
59.11635784,-0.3257933807285773,0.015537834280269931,-0.009265579698538667
59.12111258,-0.3289637595686798,-0.020515341955105997,-0.026450827915577055
59.12586732,-0.3283502675605814,-0.05652154582840394,-0.04347932260159627
59.13062206,-0.3239449676963671,-0.0917307899673468,-0.06016780943152839
59.1353768,-0.3158141027428588,-0.12541674359135496,-0.07634340095571569
59.14013154,-0.304099490429835,-0.15689047755507637,-0.09184334623517779
59.14488628,-0.2890175400404374,-0.1855137509408756,-0.1065143461782153
59.14964102,-0.2708558006128827,-0.21071148922795985,-0.12021159814587991
59.15439576,-0.24996704979411236,-0.23198307247165792,-0.13279779290173505
59.1591505,-0.22676103674625883,-0.24891203401459142,-0.1441423025587136
59.16390524,-0.20169409750468853,-0.2611737732054661,-0.1541207842700904
59.16865998,-0.17525696251063747,-0.268540918178939,-0.16261538129622136
59.17341467,-0.14796116980688367,-0.2708860450587168,-0.1695156358171101
59.17816941,-0.12032457895679637,-0.2681815718307726,-0.17472014355234372
59.18292415,-0.09285654360227814,-0.26049679475190846,-0.17813888656412313
59.18767889,-0.06604333678596457,-0.24799220942718841,-0.17969608739718468
59.19243363,-0.04033442573092031,-0.23091143694274893,-0.17933334929566316
59.19718837,-0.016130158459128095,-0.20957123423436513,-0.17701280121902563
59.20194311,0.006228644421057024,-0.18435018684107343,-0.17271996757404837
59.20669784,0.02646879600901469,-0.155676748241449,-0.1664661354441905
59.21145258,0.044390264255405945,-0.12401729841962468,-0.15829008553223248
59.21620732,0.05986894356443158,-0.08986484743566678,-0.1482591603418669
59.22096206,0.07285662704734257,-0.05372891429228432,-0.13646972918800349
59.2257168,0.0833782354774483,-0.016126976528788108,-0.1230471445892866
59.23047154,0.09152645759495343,0.022422277060462008,-0.10814525808433195
59.23522628,0.09745405235696526,0.06140383580327359,-0.09194549113852848
59.23998102,0.10136416038804326,0.10030951972464162,-0.07465537456503174
59.24473576,0.10349906833241843,0.138639672369557,-0.05650641835158432
59.2494905,0.10412795969676425,0.17590378976126675,-0.03775117955290416
59.25424524,0.10353425756142419,0.21162055149932205,-0.018659459864853137
59.25899998,0.10200320367586013,0.2453177392311397,0.00048633696734816915
59.26375472,0.09981031188705648,0.27653250375355853,0.019396560129395595
59.26850946,0.09721127482222859,0.3048123885390731,0.037780185182088054
59.2732642,0.09443379330636524,0.329717448380493,0.055350990320159124
59.27801894,0.09167164867580149,0.3508237260210451,0.07183383463441416
59.28277368,0.08908116567132529,0.3677282688234893,0.08697086697002293
59.28752842,0.08678003740642441,0.3800557774889749,0.10052751419133141
59.2922831,0.08484832268310341,0.38746687336394564,0.11229809519801763
59.29703785,0.08333129506156191,0.3896678468411086,0.12211088464004874
59.30179258,0.08224373309015923,0.38642161031944744,0.12983242420631497
59.30654732,0.08157519640272888,0.3775594359053479,0.13537087015695226
59.31130206,0.08129583098207309,0.36299292607402384,0.13867818825764353
59.3160568,0.08136228145291571,0.3427255613288861,0.13975106457362974
59.32081154,0.08172334844028936,0.31686310599792517,0.13863048360835986
59.32556628,0.08232510373956387,0.28562213946085946,0.135400016802952
59.33032102,0.08311525531297032,0.2493360164227438,0.13018294573770228
59.33507576,0.08404663028387105,0.20845764174028178,0.12313840184796039
59.3398305,0.08507971246531422,0.16355856446027817,0.11445673315321646
59.34458524,0.086184229802631,0.11532404255990637,0.10435431186576057
59.34933998,0.08733983659401391,0.06454389600794788,0.09306798363469714
59.35409472,0.0885359757815632,0.012099145561182996,0.08084933995333339
59.35884946,0.08977103717239122,-0.041055375324801746,0.06795897802853759
59.3636042,0.09105094646201342,-0.09391205180042884,0.0546609000060562
59.36835894,0.09238732599616271,-0.14543458252921798,0.04121719241169632
59.37311368,0.09379536118430327,-0.19458437327106912,0.027883109565521206
59.37786842,0.09529148786742761,-0.24034830247673736,0.014902655050787262
59.38262316,0.09689098894466246,-0.28176680786153624,0.002504712220239589
59.3873779,0.09860555772658725,-0.31796116847188144,-0.009100275446915947
59.39213264,0.10044085577633373,-0.3481588415426748,-0.019723119434242226
59.39688738,0.10239406885258785,-0.3717157625716403,-0.029198272812496016
59.40164212,0.10445144977770064,-0.38813463165108825,-0.03738587280784875
59.40639686,0.10658583564978902,-0.39707838703341214,-0.04417350886410969
59.4111516,0.10875414366705771,-0.39837830235344107,-0.04947775361080881
59.41590633,0.11089488923583515,-0.392036425566327,-0.05324545487892695
59.42066107,0.11292583201517906,-0.3782223863368756,-0.05545475026620951
59.42541581,0.11474193227315589,-0.3572649069327313,-0.05611573670177307
59.43017055,0.11621387566600755,-0.32963862763126495,-0.055270705554778775
59.43492524,0.11718748009377497,-0.295947072262415,-0.05299383714155623
59.43967998,0.11748431724791059,-0.2569027146101642,-0.04939023826975833
59.44443472,0.1169038550455581,-0.21330515794253488,-0.04459420813152584
59.44918946,0.11522735546913208,-0.16601841578116505,-0.038766637422547434
59.4539442,0.11222365284124247,-0.11594819713654848,-0.0320914848798375
59.45869894,0.10765680246668315,-0.06401997181787548,-0.024771330349767896
59.46345368,0.10129544383692618,-0.011158439438684449,-0.017022065993537484
59.46820842,0.09292358226013124,0.0417311336030829,-0.009066849343263288
59.47296316,0.08235237252647129,0.09377939721230531,-0.0011294983765669257
59.4777179,0.06943239826639404,0.1441670434357343,0.006572443057121196
59.48247264,0.05406588476901069,0.19213650859450604,0.013834703130926015
59.48722738,0.036218259145921375,0.23700127095574608,0.020473051782280965
59.49198212,0.015928474749584972,0.278152826332381,0.02632954189317216
59.49673686,-0.006682458460054595,0.315065469579849,0.03127793132747873
59.5014916,-0.0314052525392302,0.3472990436600225,0.03522802389424932
59.50624633,-0.05793888268831163,0.3744998447285218,0.03812871156731081
59.51100107,-0.08589026349231922,0.3963998949046214,0.03996955450951001
59.51575581,-0.11477733094650146,0.4128148154655395,0.04078079376711207
59.52051055,-0.14403567831615452,0.42364055202635437,0.0406317500822675
59.52526529,-0.1730287538808891,0.42884921830833855,0.03962762010093041
59.53002003,-0.20106147744182043,0.4284843335875938,0.037904739608059235
59.53477477,-0.22739697857790406,0.42265572729505346,0.03562444491339869
59.53952951,-0.25127601273624517,0.4115343689641275,0.03296573070329558
59.5442842,-0.27193848079203314,0.39534734979267744,0.030116975960870485
59.54903899,-0.28864637128728426,0.37437319135483393,0.027267084969116593
59.55379373,-0.30070736681665133,0.3489375868522204,0.024596458592884972
59.55854842,-0.30749830871135125,0.3194095927562786,0.02226825835003143
59.56330316,-0.3084876970730224,0.2861981894098596,0.02042043814943513
59.5680579,-0.30325641573259304,0.2497490277150507,0.019158987223660096
59.57281264,-0.2915159138698207,0.21054108820495948,0.01855275371483417
59.57756738,-0.2731231479078376,0.1690829126320573,0.018630112273889124
59.58232212,-0.24809168755278702,0.12590803951250687,0.019377616874134907
59.58707686,-0.21659851500877908,0.08156929292733463,0.020740657640538826
59.5918316,-0.17898619145120398,0.03663164168311235,0.022626030012575227
59.59658633,-0.13576022386921172,-0.008336539640388172,0.024906233230690435
59.60134107,-0.08758163135526392,-0.052773824870298996,0.027425245354772195
59.60609581,-0.03525487437978476,-0.09613754907111212,0.030005472533841015
59.61085055,0.020288535660526227,-0.13791674495261916,0.03245553856941445
59.61560529,0.07801029468823567,-0.17764570276162447,0.034578565592670044
59.62036003,0.1367888703566435,-0.21491751861288888,0.03618059808680363
59.62511477,0.1954457283657931,-0.24939690394616165,0.03707884059460096
59.62986951,0.2527735192929685,-0.28083148650427137,0.03710941227352336
59.63462425,0.30756548910766707,-0.30906084292997466,0.036134364402539046
59.63937899,0.35864535875166137,-0.33402256248013484,0.03404775377875615
59.64413373,0.4048969153340418,-0.3557547450096734,0.030780609420131916
59.64888847,0.4452925685997679,-0.37439447678242826,0.02630466722577591
59.65364321,0.4789201510920838,-0.3901719964582339,0.020634774831484622
59.65839795,0.5050072780458014,-0.403400453050357,0.013829888039737455
59.66315269,0.5229426318945323,-0.41446136205675826,0.005992596132766143
59.66790743,0.5322935945890289,-0.4237860818993648,-0.0027328659417065002
59.67266217,0.5328197175413619,-0.43183385710525957,-0.012164126682028466
59.67741691,0.5244815938165865,-0.4390672009951069,-0.022085662437337533
59.68217165,0.5074447815999072,-0.44592560643636653,-0.03225513227754518
59.68692639,0.48207852480558183,-0.45279875923857865,-0.04241083735348761
59.69168107,0.44894912863542624,-0.46000056270490836,-0.05227996947677728
59.69643581,0.4088079751069455,-0.46774534470548723,-0.06158722350503813
59.70119055,0.36257430259855694,-0.47612759988273556,-0.07006331005793276
59.70594529,0.3113130183142537,-0.485106518059525,-0.07745294317371296
59.71070003,0.2562079570317129,-0.49449637115397577,-0.08352199325723382
59.71545477,0.1985311389288128,-0.5039635840780837,-0.08806366303311887
59.72020951,0.1396087111442889,-0.5130310111790477,-0.09090371635287582
59.72496425,0.08078438100874732,-0.5210895911759538,-0.09190491507266815
59.72971899,0.023381263087354352,-0.5274171747815157,-0.09097086083424535
59.73447373,-0.031336833555015924,-0.5312039282520982,-0.08804938831418245
59.73922847,-0.08220355898073271,-0.531583335645757,-0.08313553794555943
59.74398321,-0.12818642101044941,-0.5276674800554048,-0.0762739945808173
59.74873795,-0.16842017822515698,-0.5185850096222123,-0.06756076280176915
59.75349269,-0.20223595510506942,-0.5035200156794123,-0.057143793495348594
59.75824743,-0.22918483281979618,-0.4817499875839081,-0.04522228875200885
59.76300217,-0.249054756850544,-0.45268106793289814,-0.03204447819176316
59.76775691,-0.2618797634192724,-0.4158790040524565,-0.017903751164872306
59.77251165,-0.26794076557535096,-0.3710944549898843,-0.003133118101859881
59.77726639,-0.26775745354036307,-0.31828163773868634,0.011901954971776867
59.78202113,-0.26207123970007784,-0.25760964990662194,0.02681224046653901
59.78677587,-0.2518195934179774,-0.18946615987144177,0.04119482068692859
59.79153061,-0.23810253320502656,-0.11445348903415398,0.05464431633082164
59.79628534,-0.2221424386509818,-0.03337741332427571,0.06676495717965504
59.80104008,-0.20523867937476173,0.05277072028188136,0.07718306825701295
59.80579482,-0.18871880850906664,0.14283773204314498,0.085559439064724
59.81054956,-0.17388822017879968,0.2355371747115975,0.09160097522014929
59.8153043,-0.16198022083489697,0.329481543864748,0.09507102782381947
59.82005904,-0.1541084176544199,0.4232168499744939,0.09579786810450856
59.82481378,-0.15122319269558332,0.515258227954901,0.09368091455692297
59.82956852,-0.15407382140393047,0.6041252831539494,0.0886944990018658
59.83432326,-0.1631775236773745,0.6883759579885742,0.08088913823153851
59.83907795,-0.17879642326351874,0.7666378428747351,0.07039042278800482
59.84383269,-0.20092305715648942,0.8376360367531915,0.05739572255808248
59.84858743,-0.2292747416336703,0.9002168723017155,0.042168941456122114
59.85334217,-0.2632967845747936,0.9533670451546649,0.025033552305107207
59.85809691,-0.3021742497920563,0.9962279137971244,0.006364138629155817
59.86285165,-0.34485173797346386,1.0281049591771438,-0.013423314036560004
59.86760639,-0.39006045449286847,1.0484726047890656,-0.03388209284665585
59.87236113,-0.43635168584294587,1.056974793671983,-0.05454605922161214
59.87711587,-0.48213569952008367,1.0534218915690998,-0.07494119506406002
59.8818706,-0.5257250111234346,1.0377846265481352,-0.09459700373185027
59.88662535,-0.5653809220405884,1.010185875149111,-0.1130574161605993
59.89138008,-0.5993622176675761,0.9708911558189213,-0.12989093545412372
59.89613482,-0.6259749261862392,0.9202986880448562,-0.1446998573522008
59.90088956,-0.6436220658874181,0.858929820307909,-0.15712850143057824
59.9056443,-0.650852346343718,0.7874205243793632,-0.16687045752802057
59.91039904,-0.6464068256806869,0.7065145009883766,-0.17367488656114563
59.91515378,-0.6292625543949647,0.6170582459762614,-0.1773519184606192
59.91990852,-0.5986722501610998,0.5199981909300095,-0.17777716855916578
59.92466326,-0.554199045731727,0.41637976466834153,-0.17489535053993246
59.929418,-0.4957453348675897,0.3073479336464842,-0.16872290236592738
59.93417274,-0.42357471582535555,0.19414848971490078,-0.15934947142570813
59.93892748,-0.3383260123052459,0.07812909022703979,-0.14693804400498575
59.94368222,-0.2410183596586461,-0.03926114921215709,-0.13172347066136994
59.94843696,-0.1330464048167692,-0.1564748242946113,-0.11400914445295197
59.9531917,-0.016164803631687003,-0.2718734930973257,-0.0941616341665475
59.95794644,0.1075385776804992,-0.38374021319104357,-0.07260315295085273
59.96270118,0.23568103633696025,-0.4902983396341578,-0.04980184440057906
59.96745592,0.36563486252109406,-0.589737226864635,-0.026259983561431725
59.97221066,0.49458803602908674,-0.6802450606525806,-0.0025003107130058813
59.9769654,0.6196146844260942,-0.7600485645861274,0.020949166756639215
59.98172014,0.7377536612986145,-0.8274588025290068,0.04357146046139073
59.98647488,0.8460930830197135,-0.8809217626521046,0.06487743380682129
59.99122962,0.9418581965312439,-0.919071895338082,0.08442255257844719
59.99598436,1.0224995786394624,-0.9407863283644942,0.10182284420135007
60.0007391,1.085778423977003,-0.9452371428488155,0.11676928595219353
60.00549378,1.1298455880917995,-0.9319389031858435,0.12903979507733118
60.01024852,1.153311125321869,-0.9007886241968514,0.13850799665441413
60.01500326,1.1553012986082576,-0.8520955454411909,0.14514803111116
60.019758,1.1355004324495426,-0.786598466434053,0.1490348552871853
60.02451274,1.0941755163574187,-0.7054689599937414,0.15033978427290906
60.02926748,1.032182123015965,-0.6102994880525477,0.14932137814179663
60.03402222,0.9509509525725991,-0.5030762406889795,0.14631213701466356
60.03877696,0.8524551108386795,-0.38613733571077263,0.14170176696926154
60.0435317,0.7391590241481527,-0.26211777788593515,0.1359179766313713
60.04828644,0.6139506355524813,-0.1338832180846975,0.12940585240110516
60.05304118,0.48005917388447444,-0.004455030478822675,0.1226068619352945
60.05779592,0.3409613125401869,0.12307047506002267,0.11593848572563269
60.06255066,0.2002789259050285,0.24560576306618986,0.10977540211470384
60.0673054,0.06167190369813993,0.3601557945287171,0.10443305933680722
60.07206014,-0.0712704033279461,0.463899015220287,0.1001543502964496
60.07681488,-0.19513555630786206,0.5542631342137233,0.09709994932241987
60.08156962,-0.3067888226763728,0.6289935590928544,0.09534267243321905
60.08632436,-0.40346526385542375,0.6862127377190521,0.09486599691774932
60.0910791,-0.4828503526559313,0.7244690507882512,0.09556664723311757
60.09583383,-0.5431467922689328,0.7427742807227633,0.09726094935840078
60.10058857,-0.5831256893238091,0.7406290345823944,0.09969449512967613
60.10534331,-0.6021607374104706,0.7180358142627106,0.10255455089277753
60.11009805,-0.6002445791213336,0.6754997062697039,0.10548458859974627
60.11485279,-0.5779870241804971,0.6140169103624376,0.10810030057302106
60.11960753,-0.5365953017012279,0.5350515475383619,0.11000646539268281
60.12436227,-0.4778370096986858,0.4405013892371053,0.11081404692725016
60.12911701,-0.4039868878647275,0.3326533365263681,0.11015692295126012
60.13387175,-0.31775897293574273,0.21412965493351513,0.10770765407151432
60.13862649,-0.2222260919907927,0.0878261411980617,0.10319172512820077
60.14338123,-0.12072899970327801,-0.043156435111217,0.09639973086058054
60.14813597,-0.01677776296705486,-0.17558610925321735,0.08719704561763696
60.15289071,0.08605176741792056,-0.30617705599874845,0.0755306184270481
60.15764545,0.18422339123019624,-0.4316686756695815,0.061432666917835214
60.16240019,0.27434480323247495,-0.5489045056371807,0.04502119450510286
60.16715493,0.35326754732282434,-0.6549089476358273,0.026497406236147377
60.17190962,0.4181796675023763,-0.7469597684284335,0.006140229963560986
60.17666436,0.4666882229455248,-0.8226543628386997,-0.01570175294689495
60.18141915,0.49688910568245714,-0.8799678743381294,-0.03862060255841191
60.18617383,0.507421957240863,-0.9173014556604148,-0.06216114486506574
60.19092857,0.4975084193097923,-0.9335192219962878,-0.08583451465626442
60.19568331,0.4669724658273842,-0.9279727983565236,-0.10913269506202758
60.20043805,0.41624213964519385,-0.9005127804959231,-0.13154362094122785
60.20519279,0.3463326407922646,-0.8514868979719545,-0.1525664026086356
60.20994753,0.2588113631131903,-0.7817251630266691,-0.17172622101047086
60.21470227,0.15574612258443823,-0.6925127771473119,-0.18858845027658938
60.21945701,0.03963843099084144,-0.5855520119931256,-0.20277158116045055
60.22421175,-0.08665578941822825,-0.46291464985689446,-0.21395854876001127
60.22896649,-0.2200152094113912,-0.3269868378246659,-0.22190610784676928
60.23372123,-0.35714864722479317,-0.1804083689292726,-0.2264519474709654
60.23847597,-0.4946938144933227,-0.026008454033306375,-0.22751929427271292
60.24323071,-0.6293158428280348,0.13326000069262234,-0.22511882491254875
60.24798545,-0.7578022693358624,0.29438572966151033,-0.21934779650809014
60.25274019,-0.8771513822425409,0.45436237772515053,-0.210386411187411
60.25749493,-0.9846511720789629,0.6102482753112114,-0.19849155242102276
60.26224967,-1.0779465818527147,0.759221570731509,-0.18398815582795217
60.26700441,-1.1550932779806367,0.8986298630957781,-0.1672585901139839
60.27175915,-1.2145967441796037,1.0260337640973927,-0.14873050879740965
60.27651389,-1.2554361012213118,1.1392440793490288,-0.1288636799863036
60.28126863,-1.277072644460569,1.2363525271953109,-0.10813630872394042
60.28602337,-1.2794436403012173,1.3157560962837012,-0.08703134195446345
60.2907781,-1.262942411210152,1.3761752784545418,-0.06602320115027913
60.29553285,-1.2283861526794702,1.4166665007309436,-0.04556533146863019
60.30028758,-1.1769732559584698,1.436629122647765,-0.02607889443810408
60.30504232,-1.1102321517565916,1.4358073687240271,-0.007942866344464708
60.30979706,-1.0299638393557002,1.414287538668024,0.008514261208878868
60.3145518,-0.9381803229940283,1.3724907898642578,0.023021046156067648
60.31930654,-0.837041147502628,1.3111617288016155,0.0353678536739201
60.32406128,-0.7287901164679368,1.2313529912884966,0.04540978776171398
60.32881602,-0.6156941002312408,1.1344059454604263,0.05306782411808774
60.33357076,-0.49998561157691135,1.0219276249278155,0.05832821170522837
60.3383255,-0.3838105591565172,0.8957639981270817,0.06124024681060052
60.34308024,-0.26918229810271377,0.7579697079894681,0.061912560237668786
60.34783498,-0.15794279868422417,0.6107744748326625,0.060508097405294343
60.35258972,-0.05173146016164894,0.4565464432458496,0.057238009231259136
60.35734446,0.04803818142931215,0.2977528653577621,0.052354699536530824
60.3620992,0.14019385841275422,0.13691863899073675,0.046144281019560744
60.36685394,0.22381232388390596,-0.023416652649801292,0.03891866965695459
60.37160868,0.2982198820699831,-0.18074243640241158,0.031007499955515806
60.37636342,0.3629862913894207,-0.33262072265425596,0.022749985618329353
60.38111816,0.4179127677219083,-0.4767286367149571,0.014486803007353636
60.3858729,0.46301491878005696,-0.6108989584426748,0.006552055931517361
60.39062764,0.49850151615635635,-0.7331577253140112,-0.0007346049264453765
60.39538232,0.5247500606740543,-0.8417579930747058,-0.007075595906352023
60.40013712,0.5422801200382232,-0.9352089222748398,-0.012202592622492264
60.4048918,0.5517254166277449,-1.012299470498323,-0.015883118601286977
60.4096466,0.5538056185232748,-1.0721161197232718,-0.017926348580545634
60.41440128,0.5492987383940064,-1.1140542521652685,-0.018187970375603043
60.41915602,0.5390149712800331,-1.1378229960094854,-0.01657398750576586
60.42391076,0.5237727021576014,-1.1434435796422908,-0.013043379765268877
60.4286655,0.5043772880872176,-1.1312414433625584,-0.007609560176368672
60.43342024,0.48160307209864156,-1.1018325478092017,-0.0003405744031149005
60.43817498,0.45617892494712553,-1.0561044795895889,0.00864200776026305
60.44292972,0.42877744693731074,-0.9951930819246079,0.019165547208024256
60.44768446,0.400007805698847,-0.9204554293029439,0.031010146447930473
60.4524392,0.37041204576718284,-0.8334400194274874,0.04391378184462752
60.45719394,0.34046458748611164,-0.7358550732330087,0.0575786696925814
60.46194868,0.31057453800506113,-0.6295358151143962,0.07167872773071873
60.46670342,0.28109036548928484,-0.5164115521700033,0.08586795130941138
60.47145816,0.2523064378360794,-0.39847328610828525,0.09978949085188106
60.4762129,0.2244708980575343,-0.277742479370152,0.11308519185246561
60.48096764,0.19779433899237311,-0.15624146492359,0.12540533686866975
60.48572238,0.17245874900126568,-0.03596584571183957,0.13641830893255397
60.49047712,0.14862622657238386,0.0811409153793066,0.1458198783461895
60.49523186,0.12644700406256384,0.19321065081383731,0.153341803221794
60.4999866,0.1060663778657891,0.29847144329429487,0.15875943332615136
60.50474133,0.08763021297677372,0.395266526798484,0.16189802201790976
60.50949607,0.0712887729867575,0.4820713401080908,0.1626374861802444
60.51425081,0.057198720096108886,0.5575089632869409,0.16091541039266288
60.51900555,0.04552323039663874,0.6203641557886753,0.1567281674937465
60.52376029,0.036430272414638434,0.66959616986992,0.15013011806980778
60.52851503,0.030089195405656157,0.7043504400718074,0.1412309476748069
60.53326977,0.02666586146608987,0.7239691565655113,0.13019129223815812
60.53802451,0.026316626063281213,0.7280006272735454,0.11721687994261036
60.54277925,0.02918152035057421,0.7162072323860593,0.10255147668943294
60.54753399,0.03537701286365202,0.6885716864612363,0.08646896120978655
60.55228873,0.0449887275512718,0.6453012570757906,0.06926487616616188
60.55704347,0.058064472010597036,0.5868295512462824,0.05124780431691604
60.56179821,0.07460788952234079,0.5138154744939738,0.032730904630899615
60.56655295,0.09457299837615418,0.4271389927257191,0.014023913877939958
60.57130769,0.11785982980419442,0.32789338272949387,-0.004574121300233982
60.57606243,0.14431132749792844,0.21737374062257106,-0.022781163423471848
60.58081717,0.17371162963228898,0.09706162506695777,-0.04033738523101034
60.58557191,0.20578581777273353,-0.03139416272349146,-0.05700913587897323
60.59032665,0.24020118359023757,-0.1662005255740671,-0.07259161256870054
60.59508139,0.2765700316232193,-0.3054464723139261,-0.08691024056514442
60.59983607,0.3144540028796929,-0.4471325777062766,-0.09982082890265884
60.60459087,0.3533698691174165,-0.5892029910651558,-0.1112086277356248
60.60934555,0.3927967110103558,-0.7295793893771731,-0.1209864593386542
60.61410029,0.432184355399306,-0.8661961928066605,-0.12909212542166243
60.61885503,0.4709629079921431,-0.9970362981976438,-0.1354853108028567
60.62360982,0.5085531788576744,-1.1201665385776312,-0.1401442124323888
60.62836451,0.5443777595982825,-1.2337720441366888,-0.1430621279149951
60.63311925,0.5778724743434239,-1.3361886650242494,-0.14424424104013903
60.63787399,0.6084978934758888,-1.4259326225057227,-0.14370484129701402
60.64262873,0.6357505718036086,-1.5017265872083438,-0.1414652036432179
60.64738347,0.6591736549398454,-1.562521445660131,-0.13755232533637138
60.65213821,0.6783664926819197,-1.6075131121549966,-0.13199866135517835
60.65689295,0.692992909937534,-1.6361538735326835,-0.12484291744123396
60.66164769,0.702787817366517,-1.6481579191602276,-0.11613185677978853
60.66640243,0.7075618972840365,-1.6435009041462258,-0.10592296677568204
60.67115717,0.7072041756833878,-1.6224136138473642,-0.0942877336854052
60.67591191,0.7016823864122832,-1.5853700302031215,-0.08131520064187982
60.68066665,0.6910411435286998,-1.5330703279586166,-0.06711544819597336
60.68542139,0.6753980539628412,-1.4664195303912873,-0.05182263732033775
60.69017613,0.6549380129031167,-1.3865027097850755,-0.03559728807020774
60.69493087,0.6299060161462912,-1.2945577138320223,-0.01862752518131993
60.69968561,0.6005988871815655,-1.1919464303519094,-0.0011290969885062977
60.70444034,0.5673563474759515,-1.0801255720532117,0.016655941520919853
60.70919508,0.530551857096836,-0.9606178787915524,0.034461905079933894
60.71394982,0.4905836239817679,-0.8349845085132889,0.05200345854274682
60.71870456,0.4478661302561047,-0.7047992334227744,0.06898077899831334
60.7234593,0.40282245996296184,-0.5716248894387667,0.08508572379503151
60.72821404,0.355877641052482,-0.436992358827943,0.10000878708828351
60.73296878,0.3074531411070522,-0.30238221026842105,0.11344659618053388
60.73772352,0.2579625851292729,-0.1692089868349985,0.1251096780499377
60.74247826,0.2078086972858752,-0.0388080264112128,0.13473021771659854
60.747233,0.15738140823663874,0.08757537668000524,0.14206953440324402
60.75198774,0.10705701664107571,0.2087947058060649,0.14692501727069052
60.75674248,0.05719824869273741,0.323809107061903,0.14913628611469193
60.76149722,0.008155024321340663,0.43168867463406446,0.14859036997455052
60.76625196,-0.03973428563692984,0.5316183610655384,0.14522572652537452
60.7710067,-0.08614133943847521,0.6229006988022425,0.1390349587498418
60.77576144,-0.13074627004097092,0.7049574744122469,0.13006612560148859
60.78051618,-0.17323631369079415,0.777330451710519,0.11842259222809813
60.78527092,-0.21330481794008466,0.839681200334821,0.10426142223417206
60.79002566,-0.2506507965911701,0.8917900558748095,0.08779037577151315
60.7947804,-0.28497916379877797,0.9335542179845946,0.0692636369451567
60.79953514,-0.3160017396611782,0.9649849833780352,0.04897644502402686
60.80428988,-0.343439077112497,0.9862041089933167,0.027258839739139857
60.80904462,-0.36702311731722026,0.9974393041477831,0.004468747675342554
60.81379936,-0.38650064080827035,0.9990188569983592,-0.019015364839572203
60.8185541,-0.40163744660859313,0.991365409120042,-0.04280206119626964
60.82330883,-0.4122231626890849,0.9749889026917922,-0.06649453386335143
60.82806357,-0.41807656792943554,0.9504787383215556,-0.08969805783558943
60.83281831,-0.4190512864891503,0.9184951983974812,-0.11202713551703443
60.83757305,-0.4150416978713018,0.8797602106921677,-0.13311218384109144
60.84232779,-0.40598888826753643,0.8350475484974494,-0.1526056339950809
60.84708253,-0.39188645083652174,0.7851725847934994,-0.17018734337260483
60.85183727,-0.3727859261077237,0.7309817365098943,-0.18556925712221795
60.85659201,-0.34880166175722344,0.6733417487781503,-0.19849929718097056
60.86134675,-0.320114866668721,0.6131289771070786,-0.20876449212953208
60.86610149,-0.28697663960544156,0.55121882785963,-0.21619338463651885
60.87085623,-0.24970976905002526,0.48847551565652386,-0.22065776108345855
60.87561092,-0.20870912827564822,0.42574229216837495,-0.22207374118179546
60.88036566,-0.16444052845086984,0.36383229547484913,-0.22040224937704947
60.8851204,-0.11743794157937762,0.3035201630062839,-0.2156488725869833
60.88987514,-0.06829906204238304,0.24553454313017012,-0.2078630982527588
60.89462988,-0.01767923699349264,0.19055162887824728,-0.19713692796746785
60.89938462,0.033716142244074376,0.13918982001050537,-0.183602875943266
60.90413936,0.08514063754860078,0.09200559513871429,-0.16743138465425936
60.9088941,0.13581694957180276,0.04949064405290586,-0.14882771516820076
60.91364883,0.18494805142573162,0.01207027336664251,-0.12802838897785168
60.91840357,0.23172900355499138,-0.01989694134678971,-0.10529726562854992
60.92315831,0.2753591694684848,-0.046118324247079436,-0.08092133474189263
60.92791305,0.31505455224128687,-0.06636519578802426,-0.055206286006882835
60.93266779,0.3500599853288411,-0.0804700431245193,-0.0284719036909776
60.93742253,0.37966093728686995,-0.08832294912838896,-0.0010473207256576748
60.94217727,0.40319472645775256,-0.08986750336077458,0.026733834062994177
60.94693201,0.4200609855151876,-0.08509645477187468,0.05453835358249637
60.95168675,0.42973126283527363,-0.07404739566999369,0.082038378871762
60.95644149,0.43175769266168296,-0.056798782882047434,0.10891626467616569
60.96119623,0.42578070267527074,-0.03346659743981343,0.1348693068611972
60.96595097,0.41153574998203446,-0.004201912485367709,0.15961425349250682
60.97070571,0.3888590814165669,0.03081042199694662,0.18289152367323933
60.97546045,0.3576925023114959,0.0713518573078401,0.2044690570106969
60.98021519,0.3180871143827436,0.11716897579838254,0.22414570692047936
60.98496993,0.270205955319356,0.16797118163979835,0.24175407320932746
60.98972467,0.21432544728735742,0.22342748340083504,0.2571626497962227
60.99447941,0.15083554406257343,0.28316271084936545,0.27027715166750504
60.99923415,0.08023845911208931,0.346753600162292,0.2810408900389173
61.00398889,0.0031458596358851323,0.41372524461890625,0.2894340907625851
61.00874363,-0.07972557630620428,0.48354843446034435,0.29547209740320146
61.01349837,-0.16756032141176838,0.5556383951055343,0.29920246233933906
61.01825311,-0.2594519319215962,0.6293553760740623,0.3007010005511859
61.02300784,-0.3544127672631185,0.7040074467595264,0.3000669546957515
61.02776258,-0.4513854695665778,0.7788557267583303,0.29741748792536243
61.03251732,-0.5492561292522354,0.8531221281437729,0.2928817713579934
61.03727206,-0.646869014695162,0.9259995271681896,0.28659495543286895
61.0420268,-0.7430426982204775,0.9966641263781729,0.27869230419842855
61.04678154,-0.8365873710638793,1.064289627601954,0.2693037345404301
61.05153628,-0.926323108595751,1.1280627226851692,0.2585489523486938
61.05629102,-1.0110988240426904,1.1871993304217248,0.2465333301622964
61.06104576,-1.0898116320989317,1.2409609691322903,0.23334463595421473
61.0658005,-1.1614263296732852,1.288670654354714,0.21905070150866657
61.07055524,-1.224994685737159,1.3297277451278506,0.20369810489023946
61.07530998,-1.2796742131722247,1.3636212220655746,0.18731192539205194
61.08006472,-1.3247460721561513,1.3899409562549492,0.16989660355956257
61.08481946,-1.3596317288165363,1.408386611185581,0.1514379010285057
61.0895742,-1.3839079684012137,1.418773903950071,0.13190590852064873
61.09432894,-1.397319843847689,1.4210380335237733,0.11125900325573003
61.09908368,-1.3997911331227235,1.4152341628376806,0.0894486179990239
61.10383842,-1.3914318859244579,1.4015349194663358,0.06642465868988345
61.10859316,-1.372542664926438,1.3802249592909142,0.04214139639042202
61.1133479,-1.343615130080316,1.351692719503848,0.01656365744350103
61.11810264,-1.305328676967962,1.3164195708243382,-0.010326863807953144
61.12285738,-1.2585429214308064,1.2749666609750838,-0.03852534861891679
61.12761212,-1.2042859215659358,1.227959818645389,-0.06799784186839464
61.13236686,-1.1437381424299677,1.1760729559457854,-0.09867568543634456
61.1371216,-1.078212294706878,1.1200104653754623,-0.13045060824260576
61.14187633,-1.0091293109850374,1.0604891533497633,-0.16317068559499454
61.14663107,-0.9379908560175966,0.998220285786555,-0.19663736869616094
61.15138581,-0.866348893935023,0.9338923411539153,-0.23060376038293184
61.15614055,-0.7957729495341781,0.8681550703662737,-0.26477427942488274
61.16089529,-0.7278157968783321,0.801605446912298,-0.2988058189134524
61.16565003,-0.663978382057995,0.7347760495114065,-0.3323104696723411
61.17040477,-0.6056748349403489,0.6681263487606127,-0.3648598493970416
61.17515951,-0.554198445093081,0.602037266099317,-0.3959910501983447
61.17991425,-0.510689468829217,0.5368092388771489,-0.4252141854554273
61.18466899,-0.476105597504548,0.4726638643309606,-0.4520214746667801
61.18942373,-0.4511958528739131,0.4097490168443649,-0.47589774895455766
61.19417847,-0.43647858573902404,0.3481471492891335,-0.496332192707838
61.19893321,-0.4322241432214785,0.28788631479829574,-0.5128310665622091
61.2036879,-0.43844264376809705,0.2289532939636897,-0.5249310933864121
61.20844269,-0.4548771650947313,0.17130809532038896,-0.5322131401641399
61.21319743,-0.4810025166633399,0.114899020944457,-0.5343157985815374
61.21795217,-0.5160296417169787,0.059677456998017374,-0.530948455336753
61.22270691,-0.5589155788670547,0.0056115615001615686,-0.5219034456880847
61.22746165,-0.6083788117448391,-0.04730192255910406,-0.507066894844384
61.23221639,-0.6629197474692292,-0.09902840370683448,-0.4864278668258602
61.23697113,-0.7208459900148766,-0.14948926911812524,-0.46008545852566707
61.24172587,-0.7803020120528027,-0.19855917917992655,-0.42825350188969175
61.2464806,-0.8393027769231163,-0.24606702089842453,-0.3912625767060374
61.25123535,-0.8957708183030343,-0.29180051629022424,-0.34955909740498525
61.25599003,-0.9475762447083156,-0.335514288786414,-0.3037013222315543
61.26074482,-0.9925790945352108,-0.37694101106784883,-0.25435223854377936
61.26549951,-1.0286734211782742,-0.41580510097040085,-0.20226939455930878
61.2702543,-1.0538324352061976,-0.4518383048451365,-0.1482918638511181
61.27500904,-1.0661539723477826,-0.4847964141632555,-0.09332463388235959
61.27976373,-1.0639054948642885,-0.5144763032746504,-0.03832079753490966
61.28451847,-1.0455677741837166,-0.5407324546215171,0.01573800508142759
61.28927321,-1.009876350189773,-0.5634921518882691,0.06786239769372582
61.29402795,-0.9558598236590385,-0.5827685701828916,0.11707680321755189
61.29878269,-0.8828740191243654,-0.5986710731168436,0.16244116061205197
61.30353743,-0.7906310610603813,-0.611412136325791,0.20307228384635015
61.30829217,-0.6792224405375444,-0.6213104513898178,0.2381643438596475
61.31304691,-0.5491352146094867,-0.6287899182091623,0.2670079894780905
61.31780165,-0.4012605772918283,-0.6343744015371119,0.2890076698327137
61.32255639,-0.23689416804393051,-0.638678301311803,0.30369677491076186
61.32731113,-0.057727638646368706,-0.6423931587190204,0.310750268485462
61.33206587,0.13416882132120816,-0.6462706827239215,0.30999454557909295
61.33682061,0.3363731005139875,-0.6511027281704237,0.30141430276559855
61.34157534,0.5461468073670702,-0.6576988808435658,0.2851562630494953
61.34633008,0.7604795928533533,-0.6668624029830831,0.26152964764071956
61.35108482,0.9761415750001684,-0.679365361874806,0.23100333528660758
61.35583956,1.1897430506673679,-0.695923802840697,0.19419969730961847
61.3605943,1.3978004534771598,-0.7171738359044555,0.15188514525876695
61.36534904,1.5968073071849052,-0.7436494833824341,0.10495748059430964
61.37010378,1.783308738935244,-0.7757630851666609,0.05443019417545685
61.37485852,1.953977963185936,-0.8137889816405572,0.0014139283518723308
61.37961326,2.1056930297983736,-0.8578510936314094,-0.05290461479489218
61.384368,2.2356120531284587,-0.907914897583569,-0.10728596180205235
61.38912274,2.341245106317871,-0.963784155581296,-0.16046292272896712
61.39387748,2.4205209787609743,-1.0251026078258274,-0.2111669148372835
61.39863222,2.4718470557870593,-1.0913606742403192,-0.2581549982055387
61.40338696,2.494160687030134,-1.161907047081198,-0.3002370191782247
61.4081417,2.486970561167016,-1.2359648928176834,-0.33630222536136123
61.41289644,2.4503867958467014,-1.312652223776062,-0.36534470248379747
61.41765118,2.3851386780788917,-1.3910058524261693,-0.3864869922834295
61.42240592,2.2925792471162696,-1.4700082080424535,-0.3990012832236177
61.42716066,2.174676193957348,-1.54861618161542,-0.4023276208683139
61.4319154,2.0339888539880864,-1.6257910755175091,-0.396088658023008
61.43667014,1.873631386500205,-1.700528674499834,-0.3801005510260244
61.44142488,1.697222560512123,-1.771888428321915,-0.3543797031537294
61.44617962,1.5088228929297316,-1.839020746899125,-0.31914515571070157
61.45093436,1.3128602034910086,-1.9011914580668317,-0.27481653011670193
61.4556891,1.1140449501450138,-1.9578025656245084,-0.22200752919503633
61.46044383,0.9172769762637253,-2.008408568581963,-0.16151511219788017
61.46519857,0.7275455255601248,-2.052727756620744,-0.09430456451494007
61.46995331,0.5498245526581054,-2.090648074866831,-0.02149078649140512
61.47470805,0.3889654724480683,-2.1222273444518827,0.05568377891121242
61.47946279,0.2495895505391313,-2.1476878239378574,0.13587407977163948
61.48421753,0.13598214546041984,-2.167405290084043,0.21765969245266453
61.48897227,0.05199097820365978,-2.1818929951638397,0.29957377330475005
61.49372701,0.0009305338942252679,-2.191781014578618,0.380133130038073
61.49848175,-0.014505400103527959,-2.1977916280653416,0.45786883148668095
61.50323649,0.007678817806638526,-2.2007114785321757,0.5313567958488695
61.50799123,0.06871497461802088,-2.201361325204096,0.5992478135188724
61.51274597,0.16901858179803422,-2.2005642545573965,0.6602964612063768
61.51750076,0.3081510928447105,-2.1991132361236123,0.7133883472770659
61.52225545,0.48479789475651935,-2.197738913027178,0.7575651026976961
61.52701024,0.6967629816627458,-2.197078500940706,0.7920465140518572
61.53176493,0.940980982504922,-2.1976466352851007,0.8162492027871739
61.53651967,1.2135469684793676,-2.199808955882431,0.8298013005472796
61.54127446,1.5097642055574,-2.2037591521268953,0.8325526559244468
61.5460292,1.8242097351152737,-2.209500112577389,0.8245802240285999
61.55078394,2.150817351314567,-2.216829734745795,0.8061884214238028
61.55553863,2.4829771873127484,-2.225331858486334,0.777904360798171
61.56029342,2.813650719675676,-2.2343726935748878,0.7404680043313732
61.56504816,3.135499559650593,-2.2431030201348636,0.6948173915705567
61.5698029,3.4410259419986775,-2.250466347732998,0.6420692100528987
61.57455764,3.722722374237038,-2.255213120983798,0.583495087602681
61.57931232,3.973227498062598,-2.2559209513359995,0.5204940938892374
61.58406712,4.185484862986565,-2.251020732337493,0.45456204248362464
61.58882186,4.352901038993428,-2.238828357100533,0.3872582785822976
61.5935766,4.469499317904055,-2.2175816023653785,0.32017071579084805
61.59833133,4.530065188122064,-2.18548157662593,0.2548799413022017
61.60308607,4.530279827555367,-2.140737956097881,0.19292323668011518
61.60784081,4.466838052415185,-2.081617059808681,0.13575935793367638
61.61259555,4.337547485517029,-2.006491652655424,0.084734884114991
61.61735029,4.141406157454225,-1.9138912219693713,0.041052883078770246
61.62210503,3.8786563076013776,-1.8025513579681887,0.005744564405009902
61.62685977,3.550812778586047,-1.6714607904895933,-0.020355498223111154
61.63161451,3.1606650591307712,-1.5199046025139098,-0.03663008267096709
61.63636925,2.712252686604486,-1.3475021635516502,-0.042695568082196905
61.64112399,2.2108143408693266,-1.1542384096659204,-0.038413401772565824
61.64587873,1.6627115279887132,-0.9404872451398227,-0.02389655181580126
61.65063347,1.0753282625564262,-0.7070260522527875,0.0004892038387438319
61.65538821,0.4569486142427093,-0.4550405632564741,0.034129223460527804
61.66014295,-0.18338560852103375,-0.18611965956254514,0.07616918171880445
61.66489769,-0.8360344048045353,0.09776000049737796,0.12552941142585172
61.66965243,-1.4909334103167433,0.3942592830666541,0.18092426012449792
61.67440717,-2.1377787928457015,0.7007112423759931,0.24088623439935128
61.67916191,-2.7662197727144475,1.014164288702623,0.3037946166749379
61.68391665,-3.3660551487731176,1.3314327574763198,0.36790814367554847
61.68867139,-3.9274300807549665,1.649153582402045,0.43140123394299495
61.69342613,-4.441029298928735,1.963847633844015,0.4924031456071172
61.69818087,-4.898262883770367,2.2719841923112902,0.5490393372198656
61.7029356,-5.29144078660593,2.570046982228652,0.5994741973125534
61.70769034,-5.6139323550464235,2.8546001893877744,0.6419542078932826
61.71244508,-5.860307294458671,3.122352922931218,0.6748505209060797
61.71719982,-6.026454747848893,3.370220656610213,0.6966998632117063
61.72195456,-6.109677517882065,3.5953822924666587,0.706242652947454
61.7267093,-6.1087588889122735,3.7953316314076995,0.7024572146310465
61.73146404,-6.024000031677818,3.96792220695216,0.6845890261503305
61.73621878,-5.857226581488148,4.111404636409293,0.6521740192344884
61.74097352,-5.611763660661376,4.224455860972497,0.6050550857466053
61.74572826,-5.292379353575929,4.306199873068483,0.5433911145195263
61.750483,-4.9051974239368015,4.356219754562942,0.4676580972385096
61.75523774,-4.457580874681289,4.374561062970845,0.37864209589166686
61.75999248,-3.957988772109827,4.361726799221973,0.2774241532881397
61.76474722,-3.4158095552371894,4.318664370663656,0.1653575390818024
61.76950196,-2.8411747813872923,4.246745131371978,0.044038033942505966
61.7742567,-2.244757863117491,4.1477372405573885,-0.08473176664932926
61.77901144,-1.6375627768049041,4.023772722820527,-0.2189829320269268
61.78376618,-1.0307079332359432,3.8773097263839036,-0.3566241337916563
61.78852092,-0.4352103843159611,3.7110910395678482,-0.49548768072231464
61.79327566,0.13822468541122493,3.528099930042487,-0.6333763387600436
61.7980304,0.6794046291294892,3.3315143149808564,-0.768109730588988
61.80278514,1.1788361320218719,3.1246601618071637,-0.8975692471250757
61.80753988,1.627894676545083,2.9109648725956325,-1.019740547889935
61.81229462,2.018973836614981,2.693911236407679,-1.132752863218581
61.81704936,2.3456121606223093,2.4769923602013124,-1.2349144314592104
61.8218041,2.6025959735085107,2.2636678272311617,-1.3247435080143994
61.82655883,2.786036956043216,2.057321195207744,-1.400994474260667
61.83131357,2.8934238439815947,1.861218841443981,-1.4626786610515274
61.83606831,2.9236480342230293,1.6784700894052158,-1.5090795932499859
61.84082305,2.877003291790739,1.5119885093083827,-1.5397624651940878
61.84557784,2.7551601210954697,1.3644542756268854,-1.554577771782342
61.85033258,2.56111570087011,1.2382774904337008,-1.5536591381016296
61.85508732,2.299120595293316,1.1355624481926065,-1.537415500793332
61.85984206,1.9745837627593303,1.0580729271494171,-1.5065178882063295
61.8645968,1.5939577079228506,1.0071987415032284,-1.4618811240029836
61.86935154,1.1646059710811605,0.9839239662469771,-1.4046408499714598
61.87410628,0.6946555108176711,0.9887974353879573,-1.3361263416028002
61.87886102,0.1928368805300808,1.0219062931597196,-1.2578296817854424
61.88361576,-0.33168461034222896,1.0828535270239894,-1.1713719592968748
61.8883705,-0.8694833504161891,1.1707405159325375,-1.0784672556880404
61.89312524,-1.4110499758586643,1.2841556786640171,-0.9808852604769072
61.89787998,-1.9469664615672941,1.4211703009680652,-0.8804133982163654
61.90263472,-2.4680762498573285,1.5793425558868412,-0.778819356704797
61.90738946,-2.965646046401299,1.7557306110246431,-0.6778148747742926
61.9121442,-3.431516132196125,1.9469155447453095,-0.5790215872286378
61.91689894,-3.8582363394631525,2.149034577850737,-0.4839396426825895
61.92165368,-4.239185206861224,2.3578248771346813,-0.3939197159298439
61.92640842,-4.568670249586307,2.568677911407434,-0.310138936029331
61.93116316,-4.8420077372435335,2.7767040478738045,-0.2335811475187847
61.9359179,-5.055580853532439,2.9768067755181584,-0.16502181632962365
61.94067264,-5.2068756058238925,3.163765640620197,-0.10501778513020561
61.94542738,-5.2944943496821555,3.332326685628062,-0.05390197604199638
61.95018212,-5.318147283170647,3.477298903865002,-0.01178303272672626
61.95493686,-5.2786227377060095,3.593654966159206,0.021450210327605888
61.9596916,-5.1777375354087765,3.6766342487312835,0.046119643391632936
61.96444633,-5.018269086461492,3.721846002079081,0.06274448499799738
61.96920107,-4.803871252634657,3.7253703558462696,0.07202395323202103
61.97395581,-4.53897629300977,3.683854762351166,0.07481644439455065
61.97871055,-4.228685424255107,3.594603448857988,0.07211570258998921
61.98346529,-3.878650664227128,3.4556574822206,0.06502449741083989
61.98822003,-3.494950684594695,3.2658631538401166,0.05472635724886805
61.99297477,-3.0839633824178123,3.024926569658963,0.04245593844125208
61.99772951,-2.652237803001725,2.733452577252289,0.029468646828284643
62.00248425,-2.206367919412579,2.3929664745317387,0.017010164466751476
62.00723904,-1.7528706102207636,2.005917313969065,0.006286562242113969
62.01199378,-1.2980699870515662,1.5756620325957915,-0.0015643103672019012
62.01674852,-0.847990014966934,1.1064300901711221,-0.005499482075031189
62.02150326,-0.40825714577081273,0.6032687738162721,-0.004594931978053571
62.026258,0.0159855511139236,0.07196981445254498,0.0019334783643840405
62.03101274,0.4201515225960531,-0.4810215544282369,0.014712666694534861
62.03576748,0.8002701511637876,-1.0487134946444923,0.03419891892130542
62.04052222,1.1530317487574817,-1.6236883733974583,0.06066860770694859
62.04527696,1.475817694190611,-2.198235036605009,0.09421311114629745
62.0500317,1.7667155727641586,-2.764489742856052,0.13473787649225571
62.05478644,2.024519474108884,-3.314582663930116,0.18196546295668206
62.05954118,2.2487159036385416,-3.8407866395153816,0.23544230646659095
62.06429592,2.4394560547698427,-4.3356647380936355,0.29454887990253925
62.06905066,2.5975154610735505,-4.792213130737988,0.3585128743598046
62.0738054,2.7242422876960184,-5.203995835593639,0.42642499896413405
62.07856014,2.82149572073454,-5.565268041890083,0.4972569871369377
62.08331488,2.891576067536762,-5.871084975147594,0.5698814036801384
62.08806962,2.9371482907860593,-6.117393618964399,0.6430928656164072
62.09282436,2.9611607691430217,-6.301105059412469,0.7156303140798188
62.0975791,2.9667611132348752,-6.420145757286985,0.7861999974482915
62.10233383,2.9572108733463596,-6.4734866670497455,0.8534988418997158
62.10708857,2.9358009571230035,-6.4611497883014675,0.9162378931855144
62.11184331,2.905769531099911,-6.3841924281621605,0.973165515030257
62.11659805,2.8702241042004686,-6.244670136689787,1.0230900294672558
62.12135279,2.832069377183599,-6.045579912956438,1.0649014865542585
62.12610753,2.7939422824434277,-5.790785825917492,1.0975922573677976
62.13086227,2.7581554316047305,-5.484929616949763,1.1202761548039615
62.13561706,2.726649941038385,-5.133329129300959,1.132205800102766
62.1403718,2.700958334088321,-4.741867541862677,1.132787968087861
62.14512654,2.6821779444713636,-4.316876385088148,1.1215966610721153
62.14988128,2.670954987090089,-3.8650152087752487,1.0983836815372623
62.15463602,2.6674792330093715,-3.3931505800021515,1.0630864987726294
62.15939076,2.671489029360728,-2.908236838648038,1.0158332357447049
62.1641455,2.682286240633589,-2.417200749965982,0.956944638855208
62.16890024,2.6987605499105536,-1.9268318896642838,0.8869329322040219
62.17365498,2.7194224417610733,-1.4436802962344881,0.8064974963358229
62.17840972,2.7424440889697927,-0.9739626436078742,0.716517347989758
62.18316446,2.7657072805273324,-0.5234779344072934,0.6180404340589782
62.1879192,2.7868574561527546,-0.09753349266392113,0.5122697940622667
62.19267394,2.803362850614927,0.29911815853847096,0.4005466951499938
62.19742868,2.8125776964088005,0.6623311208993179,0.28433090415449713
62.20218342,2.8118083829651073,0.9886063896703552,0.16517833189775571
62.20693816,2.798381422617241,1.2751204587758873,0.044716363091441544
62.2116929,2.76971202835304,1.5197422971522918,-0.07538273365401942
62.21644764,2.72337206876799,1.7210388732017432,-0.19342984241437405
62.22120238,2.657156136271416,1.8782695460301406,-0.3077479396523558
62.22595712,2.5691444510782087,1.9913697829390784,-0.4167013381990304
62.23071191,2.4577613313664575,2.0609248005025047,-0.518724601239511
62.2354666,2.3218279934287693,2.0881338591087966,-0.612350479562904
62.24022139,2.160608506687917,2.0747660657800986,-0.6962362368656962
62.24497613,1.9738478166532714,2.023108655126761,-0.7691877628838274
62.24973087,1.7618008619592904,1.9359088210320934,-0.8301809306999709
62.25448561,1.5252519464357734,1.81631025945602,-0.8783797293649096
62.25924034,1.2655236810160198,1.6677856528861663,-0.913150791147196
62.26399508,0.9844749818380338,1.4940663769013265,-0.9340740287152475
62.26874982,0.6844878003376399,1.2990707368932923,-0.9409491963807475
62.27350456,0.3684424696515731,1.0868320466102677,-0.9337982876704721
62.2782593,0.039681780215950806,0.8614278387739235,-0.9128637765262689
62.28301404,-0.29803585456061876,0.6269114510262901,-0.8786027990754376
62.28776878,-0.6405935175749784,0.38724715792287046,-0.8316774546732256
62.29252352,-0.9835822936823283,0.14624992244656346,-0.7729414766910246
62.29727826,-1.3223759899284409,-0.09246927969714117,-0.7034235843942731
62.302033,-1.6522126383758822,-0.32555175056110053,-0.6243078777459249
62.30678774,-1.9682811165887595,-0.549932321535457,-0.5369116787240655
62.31154253,-2.265811029275085,-0.7628730860573802,-0.4426612580491491
62.31629722,-2.5401638568918123,-0.9619893183076852,-0.34306591746366966
62.32105196,-2.7869233024623083,-1.1452674735630635,-0.2396909265293572
62.32580675,-3.001982760862295,-1.311075356236216,-0.13412983939201348
62.33056149,-3.181627894124679,-1.458164724327587,-0.02797673948457629
62.33531623,-3.322612415867119,-1.5856667669672773,0.07720102430058225
62.34007097,-3.422225359186971,-1.6930810389730158,0.17988904192353927
62.34482571,-3.47834831608762,-1.7802585585637498,0.2786504303828119
62.34958045,-3.4895013836977484,-1.8473798689131178,0.3721482814563238
62.35433519,-3.4548768245941694,-1.894928929784012,0.45916550136441747
62.35908993,-3.3743597372677376,-1.9236637415401414,0.5386216566910037
62.36384467,-3.2485353307641804,-1.934584610296878,0.6095865455786347
62.36859941,-3.07868269843249,-1.9289009400892165,0.6712903344732415
62.37335415,-2.8667552840465285,-1.907997386584905,0.7231302295350098
62.37810889,-2.6153485240930316,-1.8734001293041176,0.7646737776187709
62.38286363,-2.327655427205361,-1.826743919680511,0.7956590035918194
62.38761837,-2.0074111096569007,-1.769740446519044,0.815991678971591
62.39237311,-1.658827538663628,-1.7041484354159526,0.8257400741555908
62.3971279,-1.2865199378965573,-1.63174577172527,0.8251275692608434
62.40188264,-0.8954264779551148,-1.5543038145916457,0.8145234877763149
62.40663738,-0.4907230047445376,-1.4735639584929145,0.7944324787839342
62.41139212,-0.07773464638897122,-1.3912164034940566,0.7654827174059099
62.41614686,0.33815381988610066,-1.3088810196556129,0.7284131311976347
62.4209016,0.7515869684849373,-1.2280901375477309,0.684059803346505
62.42565633,1.1573252805155856,-1.1502730675106587,0.6333416598970942
62.43041107,1.5503275468849855,-1.0767421455782764,0.577245522605454
62.43516581,1.9258275635450703,-1.0086801220454684,0.5168106030706673
62.43992055,2.279403751207044,-0.9471287455154462,0.453112526170316
62.44467529,2.6070405505823318,-0.8929784454201092,0.3872469975223885
62.44943003,2.9051806847899138,-0.8469590734373005,0.32031326489831535
62.45418477,3.1707676328437597,-0.8096317232779099,0.2533975610532663
62.45893951,3.401277911154021,-0.7813817044650548,0.1875567499180171
62.46369425,3.5947430032436314,-0.7624127960701577,0.12380242510213757
62.46844904,3.749761002910416,-0.7527429495492787,0.06308572569028631
62.47320378,3.865498237660263,-0.7522016453483936,0.006283137165012013
62.47795852,3.9416813159428696,-0.7604291353154027,-0.045816465316215124
62.48271326,3.978580195141665,-0.7768778211195195,-0.09252329632326774
62.487468,3.9769830004051148,-0.8008160260967297,-0.13325645784725998
62.49222274,3.938163439642718,-0.8313344118440461,-0.16755188580664063
62.49697748,3.863841757740592,-0.8673552687963354,-0.19506831141894052
62.50173222,3.756140251560832,-0.9076448695816421,-0.21559113711824213
62.50648696,3.617534423475099,-0.9508290138683443,-0.22903415773143335
62.5112417,3.450800881398696,-0.9954118140536383,-0.23543908736235708
62.51599644,3.2589630942344745,-1.0397976747783102,-0.23497288363211083
62.52075118,3.045236081531149,-1.0823163098723592,-0.22792289676733446
62.52550592,2.812971055855164,-1.1212505230985572,-0.21468991379508667
62.53026066,2.5656009497647996,-1.1548663597396032,-0.19577921788823163
62.53501545,2.3065876529488776,-1.1814451205837782,-0.17178983690781452
62.53977019,2.0393716673421136,-1.1993166239220554,-0.14340220813786858
62.54452493,1.7673247674458346,-1.2068930101422153,-0.1113645319897595
62.54927967,1.4937061371594644,-1.2027023122856535,-0.07647812110081743
62.55403441,1.2216223485181466,-1.1854209686805404,-0.03958207018470161
62.55878915,0.9539914544710961,-1.1539044335849198,-0.0015375762047144033
62.56354389,0.6935113871705957,-1.1072150504753597,0.03678776983922745
62.56829863,0.44263278319057503,-1.0446463905680596,0.0745354151929345
62.57305337,0.20353629503722456,-0.9657433252239168,0.11087071886952814
62.5778081,-0.02188560765581427,-0.8703171925799542,0.14499700658514164
62.58256285,-0.2320423941141458,-0.7584555326357385,0.1761685711603816
62.58731758,-0.42565487598324014,-0.6305259971499315,0.20370240901086922
62.59207232,-0.6017603841857408,-0.4871741867622275,0.22698851574077752
62.59682712,-0.7597138712088667,-0.32931532316853834,0.24549860429428197
62.60158186,-0.8991851092170136,-0.15811982439145256,0.2587931568040964
62.6063366,-1.0201521667468456,0.025006987994044053,0.2665267716628258
62.61109133,-1.1228913561923146,0.2184506633775103,0.26845181345878344
62.61584607,-1.207963853482255,0.42041834211951873,0.264420408424721
62.62060081,-1.2761992016862556,0.6289737465235026,0.2543848477665158
62.62535555,-1.3286759215069928,0.8420756455668569,0.23839646566071104
62.63011029,-1.3666994622494526,1.0576188925989005,0.21660305220058781
62.63486503,-1.3917777351826421,1.2734770538278748,0.18924485182238668
62.63961977,-1.4055944762587782,1.4875455888069913,0.15664919358969057
62.64437451,-1.4099806870850045,1.6977845143524986,0.1192238082886159
62.64912925,-1.4068844028373666,1.9022594821667986,0.077448911529308
62.65388404,-1.3983390348381202,2.0991802293028625,0.03186816948887692
62.65863878,-1.386430535426896,2.2869354199449354,-0.01692129278380604
62.66339352,-1.3732636355812493,2.4641229857255955,-0.06827964127367785
62.66814826,-1.3609274138859209,2.6295751871731663,-0.12153561514619701
62.672903,-1.3514604712202318,2.7823777565596757,-0.17599810499062604
62.67765774,-1.3468160104835283,2.921882636915755,-0.23096779570523138
62.68241248,-1.3488271552531907,3.047713997338128,-0.2857486564505434
62.68716722,-1.359172884777139,3.159767375453587,-0.3396590768314724
62.69192196,-1.379345013286049,3.2582019697477813,-0.3920424638242403
62.6966767,-1.4106166962562028,3.343426274322369,-0.4422771268058348
62.70143144,-1.4540130011968293,3.416077413883544,-0.48978528993735143
62.70618618,-1.5102841319229066,3.476994694491227,-0.5340410854284969
62.71094092,-1.579881939438963,3.5271880323029934,-0.5745774017364144
62.71569571,-1.6629403856487275,3.5678020541692215,-0.6109914903267419
62.72045045,-1.7592606435313398,3.6000767762080383,-0.6429492732910657
62.72520519,-1.8683015136511536,3.625305855506015,-0.6701883381759842
62.72995993,-1.9891758056784854,3.6447934730516156,-0.6925196489899793
62.73471467,-2.1206532689655955,3.6598109419776383,-0.7098280359137414
62.73946941,-2.2611705537767146,3.671554145405119,-0.722071545501326
62.74422415,-2.4088485432423763,3.681102895318702,-0.7292797371451174
62.74897889,-2.5615172181128405,3.6893832705083667,-0.7315510033294608
62.75373363,-2.7167480086317055,3.6971339388578923,-0.7290489762759926
62.75848837,-2.871893360573366,3.7048773968395525,-0.721998068598399
62.7632431,-3.0241330075042523,3.7128969659280586,-0.7106781869573735
62.7679979,-3.170526209506564,3.7212202707732946,-0.6954186603238374
62.77275264,-3.308068998824841,3.7296097869765785,-0.6765914403841025
62.77750738,-3.4337552731230163,3.7375608877960396,-0.6546036594518196
62.78226212,-3.544640405722343,3.7443076410465332,-0.6298896664780956
62.78701686,-3.6379059081484453,3.748836413613333,-0.6029026979941127
62.7917716,-3.7109235911388776,3.749907136949677,-0.5741063715055199
62.79652633,-3.761317630589071,3.74608187950993,-0.5439662087365414
62.80128107,-3.7870229557279984,3.735760168343649,-0.5129414019325935
62.80603581,-3.786338435963863,3.7172203084570423,-0.48147702645155305
62.81079055,-3.7579734461780023,3.6886657705281,-0.44999687638895636
62.81554529,-3.701086532740535,3.648275559933152,-0.41889705805778504
62.82030008,-3.615315079188729,3.5942573471648,-0.3885404234327146
62.82505482,-3.500795077044934,3.524902035495181,-0.3592518710116611
62.82980956,-3.358170339859371,3.4386383694370095,-0.3313144955236116
62.8345643,-3.1885907528412183,3.3340861496822534,-0.3049665383881768
62.83931904,-2.9936994202586633,3.2101066182971327,-0.2803990800144963
62.84407378,-2.7756088502860194,3.0658486124558877,-0.25775442025267187
62.84882852,-2.536866593645452,2.9007891553811644,-0.23712510989517452
62.85358326,-2.2804110200937986,2.7147672582251055,-0.21855361901933937
62.858338,-2.009518167923416,2.5080098445551493,-0.20203265162028036
62.86309274,-1.7277408288181353,2.281148877394624,-0.18750613447165604
62.86784753,-1.438841226753422,2.035228964293272,-0.17487091661573834
62.87260227,-1.1467188094744716,1.7717049352193621,-0.1639792122871768
62.87735701,-0.8553347902548919,1.4924291276143757,-0.1546418057608832
62.88211175,-0.5686351529275083,1.199628368900974,-0.1466320152343622
62.88686649,-0.2904738616824184,0.8958709144506367,-0.1396903881181413
62.89162123,-0.02453799651956802,0.5840238725760936,-0.1335300738545659
62.89637597,0.2257235348061626,0.2672019201987875,-0.1278427926734104
62.90113071,0.45716617389770486,-0.051291624906829515,-0.12230528991344826
62.90588545,0.6670093996233092,-0.3680300656921825,-0.1165861385554488
62.91064019,0.852888736070275,-0.6795333949369544,-0.11035273271853553
62.91539493,1.0128990998891545,-0.9823414637091037,-0.10327830708184504
62.92014972,1.1456287308926665,-1.2730884008992376,-0.09504882276740745
62.92490446,1.2501831815560238,-1.548576342811609,-0.08536957552866804
62.9296592,1.3261990740422818,-1.8058464909113379,-0.07397140119523878
62.93441394,1.3738475621545934,-2.042245530719832,-0.06061637206653216
62.93916868,1.3938276546793171,-2.255485519070474,-0.045102895702054294
62.94392342,1.387349759900296,-2.443695482809155,-0.027270145563191267
62.94867816,1.356109992775762,-2.605463169408429,-0.007001771855471746
62.9534329,1.3022559421348485,-2.7398656455828254,0.015771139824387995
62.95818764,1.2283447237967893,-2.8464877474520134,0.041067875571715456
62.96294238,1.137294248118637,-2.9254277358118603,0.06885666165163812
62.96769717,1.0323287103511845,-2.9772898906792977,0.09905397429477088
62.97245191,0.9169193726569982,-3.0031641763194306,0.13152455933364196
62.97720665,0.794721749482238,-3.0045935060508593,0.16608212554453677
62.98196139,0.6695103325892401,-2.9835295197924134,0.20249067829456044
62.98671613,0.5451119959531221,-2.942278141896113,0.24046646783675732
62.99147087,0.42533920106135104,-2.883436498855734,0.2796805347673568
62.99622561,0.3139240789029407,-2.8098230340680614,0.3197618395250298
63.00098034,0.21445439807790356,-2.724402850370768,0.3603009615756839
63.00573508,0.13031234312870021,-2.6302104344999524,0.40085434788814833
63.01048982,0.06461692818037526,-2.530271968746918,0.44094908202436334
63.01524462,0.02017076352188094,-2.4275294149972537,0.4800881384096006
63.01999936,-0.0005882169567422992,-2.3247684684000745,0.5177560850827325
63.0247541,0.004370435077525357,-2.2245523276806694,0.553425204383233
63.02950883,0.036632743984571184,-2.129163024252722,0.5865620126598234
63.03426357,0.09730956901748536,-2.0405518022366476,0.6166341720743175
63.03901831,0.1870123233878046,-1.9602997567268192,0.6431177947299107
63.04377305,0.30583537113595305,-1.889589628868305,0.6655051393286294
63.04852779,0.4533452912015139,-1.8291893335693636,0.6833126941716954
63.05328253,0.6285771827617509,-1.7794474678765455,0.6960896291804243
63.05803732,0.8300381765554099,-1.7403007229236498,0.7034265836127012
63.06279206,1.0557183051126044,-1.71129280690925,0.7049647331908304
63.0675468,1.3031088620948845,-1.6916041871192053,0.7004050485304066
63.07230154,1.569228340004406,-1.6800916812768039,0.6895176164842733
63.07705628,1.8506559710007378,-1.6753366776019714,0.6721508500037611
63.08181102,2.143572804508861,-1.675700543681737,0.6482403636667535
63.08656576,2.443810137449885,-1.679385600972248,0.617817244016727
63.0913205,2.7469049709806432,-1.6844998982075665,0.5810153996488114
63.09607524,3.048162007236975,-1.6891239162455203,0.5380776406260331
63.10082998,3.3427215287833216,-1.6913772812139798,0.48936011667285545
63.10558472,3.6256323316208747,-1.6894835535839208,0.4353347441309526
63.11033951,3.8919287189102625,-1.681831198936838,0.3765892750398435
63.11509425,4.136710414904636,-1.6670289332615198,0.3138247060702361
63.11984899,4.3552241329293455,-1.6439537739443535,0.24784978614239694
63.12460373,4.542945431591267,-1.611790319145435,0.17957245551751752
63.12935847,4.695659422242869,-1.5700600228121981,0.1099881341489317
63.13411321,4.809538849871925,-1.518639526679927,0.04016487321060599
63.13886795,4.881218060909799,-1.4577674469194744,-0.02877450831277379
63.14362269,4.907861396953439,-1.3880393804741504,-0.0956730605660405
63.14837748,4.887224614525165,-1.3103912801585542,-0.1593627437116194
63.15313222,4.817708027624687,-1.2260717317193643,-0.21868937283540127
63.15788696,4.698400199398478,-1.1366040331041696,-0.27253884382112487
63.1626417,4.52911116650125,-1.0437393098524044,-0.31986391158332644
63.16739644,4.31039435758875,-0.9494021868404444,-0.35971071320650316
63.17215118,4.043556559064623,-0.8556307652522578,-0.3912441831647494
63.17690592,3.73065548218968,-0.7645128186163059,-0.41377149996470436
63.18166066,3.37448469410298,-0.6781202209622471,-0.42676273485365557
63.1864154,2.978545890634749,-0.598443654170995,-0.4298679428561893
63.19117019,2.5470087100012706,-0.5273296124861739,-0.4229300410982775
63.19592493,2.08465851139762,-0.4664216329533593,-0.4059929537220216
63.20067967,1.5968327679950514,-0.4171075351295898,-0.3793046597681296
63.20543441,1.089346945978149,-0.3804742566403451,-0.3433149524365269
63.21018915,0.5684109554828675,-0.3572716293221448,-0.2986678969315987
63.21494389,0.04053746093785498,-0.3478861616569383,-0.246189151709675
63.21969863,-0.4875564769344544,-0.3523255862577637,-0.18686848770585585
63.22445337,-1.0090527912699265,-0.3702146064908136,-0.12183799715408467
63.22920811,-1.5171390562003875,-0.40080194447623774,-0.05234662413501926
63.2339629,-2.0051165065408436,-0.44297846408347297,0.02026823107559489
63.23871764,-2.4665074711693467,-0.4953058268542331,0.09461118744554141
63.24347238,-2.8951602262688945,-0.5560548447686376,0.16926052857711735
63.24822712,-3.2853492822803925,-0.6232524288414233,0.24280007981013
63.25298186,-3.631869170387713,-0.6947358026053323,0.31385038692106904
63.2577366,-3.930119891072681,-0.7682124590176859,0.3810983095088268
63.26249133,-4.176182328327777,-0.8413241913805649,0.4433242167012648
63.26724607,-4.3668821171679495,-0.9117134257416712,0.49942607383608
63.27200081,-4.499840676539762,-0.9770900254614084,0.5484398313321813
63.27675561,-4.573512380204965,-1.0352967289358694,0.5895556665549736
63.28151034,-4.58720712809579,-1.084371418622739,0.6221297818638616
63.28626508,-4.541097891365977,-1.122604502197315,0.6456916227824973
63.29101982,-4.436213126091157,-1.1485898125904914,0.6599465440261311
63.29577456,-4.274414273407788,-1.1612675999909408,0.6647741111758952
63.3005293,-4.058358878473048,-1.1599583925266084,0.6602223739619141
63.30528404,-3.7914501584003375,-1.1443867397774912,0.6464985747591004
63.31003878,-3.477774122583825,-1.1146941200907763,0.6239568550852338
63.31479357,-3.1220255909513623,-1.0714405829563596,0.5930835876059216
63.31954831,-2.7294246614981392,-1.0155950037944463,0.5544809883355734
63.32430305,-2.3056253446976944,-0.9485141411764417,0.5088496540804015
63.32905779,-1.856618207901587,-0.8719109954782183,0.45697062849931624
63.33381253,-1.3886289580567623,-0.787813262706794,0.3996875347746641
63.33856727,-0.908014937119499,-0.6985129477589098,0.3378892337609339
63.34332201,-0.42116151255006357,-0.6065084390098132,0.2724933825763959
63.34807675,0.06561968390407207,-0.5144405441793315,0.20443118557304588
63.35283149,0.5461887815609063,-0.42502414134963,0.13463354901431712
63.35758628,1.014670173828048,-0.3409772062622526,0.06401877126055101
63.36234102,1.465537847313287,-0.26494903654126156,-0.006518179672706392
63.36709576,1.8936920513247482,-0.19944950521618182,-0.07611482846399399
63.3718505,2.294526015186176,-0.14678114047248103,-0.14394889532490043
63.37660524,2.6639816367909805,-0.10897574718976073,-0.2092446995525458
63.38135998,2.998593300475897,-0.08773716071536745,-0.2712784621754723
63.38611472,3.29551923221631,-0.08439155795944527,-0.32938271783486917
63.39086946,3.5525600629217227,-0.09984655013573296,-0.38295003101614045
63.3956242,3.768164544373586,-0.13456005111554123,-0.4314361739484339
63.40037899,3.941422645132702,-0.18851966180831717,-0.4743628704538041
63.40513373,4.072046542821699,-0.2612330413004936,-0.5113201516849106
63.40988847,4.16034031996059,-0.3517294576894067,-0.5419683165283199
63.41464321,4.207159454947569,-0.4585724343845607,-0.5660394498144248
63.41939795,4.213861465207214,-0.5798831397319095,-0.583338429317747
63.42415269,4.182249289311564,-0.7133739168078356,-0.5937433470599244
63.42890743,4.114509171162299,-0.8563911224797757,-0.597205277719502
63.43366217,4.013144917635697,-1.0059662452731544,-0.5937473422992896
63.43841696,3.8809104343671064,-1.1588741036428036,-0.5834630347688904
63.4431717,3.7207424038144987,-1.3116967918628135,-0.5665138007943703
63.44792644,3.5356948624908022,-1.4608919405670746,-0.5431258799950854
63.45268118,3.3288772698154365,-1.6028637926381566,-0.5135864469713909
63.45743592,3.1033974491366,-1.7340355616785077,-0.47823911301973476
63.46219066,2.8623105316739106,-1.850921538480748,-0.4374788807808442
63.4669454,2.6085747565600137,-1.9501974395140347,-0.3917466765760562
63.47170014,2.3450146863286587,-2.0287675492814574,-0.3415236155561209
63.47645488,2.0742921001046195,-2.083827294237158,-0.2873251768618816
63.48120967,1.798884540172023,-2.112919998240603,-0.22969547375667088
63.48596441,1.5210712247708449,-2.113986706006391,-0.16920179328191234
63.49071915,1.242925812147317,-2.0854081182496325,-0.10642955108419916
63.49547389,0.9663153161464324,-2.0260378557215786,-0.04197776288760741
63.50022863,0.692904336163053,-1.9352264542510944,0.023544919838428553
63.50498337,0.42416367423274587,-1.8128356848347258,0.08952361977049302
63.50973811,0.16138236639843875,-1.659242987921523,0.15534015330554457
63.51449285,-0.09431785061592929,-1.4753360059631673,0.2203755698107489
63.51924764,-0.34196658841915417,-1.2624973900735326,0.28401245413195525
63.52400238,-0.5807282661160472,-1.0225802426336617,0.3456371562397992
63.52875712,-0.8098857944246751,-0.7578747356130152,0.40464212054985005
63.53351186,-1.0288252020759907,-0.47106661230583946,0.46042848718068063
63.5382666,-1.2370218115496454,-0.16518843616255288,0.5124091297567769
63.54302133,-1.4340284523859523,0.1564354078731908,0.5600122786418106
63.54777607,-1.6194660759492536,0.49024882926655,0.6026858526456446
63.55253081,-1.7930170071346039,0.8325280296299856,0.6399025845243295
63.55728561,-1.9544209363369653,1.1794480646102212,0.6711659754026489
63.56204035,-2.103473618713302,1.5271505963695118,0.6960170511010361
63.56679508,-2.2400281081030573,1.8718114369426173,0.7140418211050955
63.57154982,-2.363998213232901,2.2097064884613338,0.7248792631819039
63.57630456,-2.475363729783375,2.5372747246073746,0.7282295819123823
63.5810593,-2.5741768805146905,2.8511769281238593,0.7238624287436906
63.58581404,-2.660569294489134,3.1483489998402843,0.7116247344600681
63.59056878,-2.7347587838922096,3.4260487822743304,0.6914477973567609
63.59532357,-2.7970551419201444,3.6818954916627438,0.6633532911415786
63.60007831,-2.8478641950759465,3.9139010223023507,0.6274579001616437
63.60483305,-2.8876894016269445,4.120492572357544,0.5839763475054751
63.60958779,-2.9171303938085065,4.300526236821965,0.5332226445398761
63.61434253,-2.9368780093233466,4.453291417382798,0.4756094504692025
63.61909727,-2.9477055394133167,4.57850610733876,0.411645482261539
63.62385201,-2.9504561259235356,4.676303319799372,0.3419309565403543
63.62860675,-2.946026457196289,4.747209136414359,0.26715107656420406
63.63336154,-2.935347131309356,4.79211305812369,0.1880676032914682
63.63811628,-2.919360264383798,4.8122315334408245,0.10550857721054578
63.64287102,-2.8989951105931784,4.809065716174702,0.02035629651954398
63.64762576,-2.8751426178730273,4.784354654227662,-0.06646628498581726
63.6523805,-2.8486299577501546,4.740025224745648,-0.15401049952947218
63.65713524,-2.82019612851639,4.6781402003902555,-0.2413179177838882
63.66188998,-2.790469730144595,4.600845851554773,-0.3274369016171253
63.66664472,-2.7599499444142754,4.510320458005043,-0.411439287555078
63.67139951,-2.7289916300274455,4.408725022254315,-0.49243670456113986
63.67615425,-2.69779527257966,4.298157351093205,-0.5695960359394188
63.68090899,-2.6664023289282337,4.180610509411478,-0.6421535689900804
63.68566373,-2.6346962892000705,4.057936462343368,-0.7094274305306515
63.69041847,-2.602409557777373,3.9318155193175195,-0.7708279760663518
63.69517321,-2.5691360335087277,3.803731987916028,-0.8258658817379716
63.69992795,-2.5343490532901485,3.674956246438367,-0.8741577781925098
63.70468269,-2.497424155946256,3.546533259690292,-0.9154293596057097
63.70943743,-2.457665930249701,3.419277398096782,-0.9495159918234044
63.71419222,-2.414338039387296,3.2937732781086164,-0.9763609218888595
63.71894696,-2.366695373540387,3.1703822218732265,-0.996011250037824
63.7237017,-2.314017182143363,3.0492538347392433,-1.0086118637789352
63.72845644,-2.2556399855814426,2.9303421185219456,-1.0143975587448728
63.73321118,-2.1909890664328646,2.8134254749769076,-1.0136835937190753
63.73796592,-2.119607391689345,2.6981299064643567,-1.0068549566767695
63.74272066,-2.0411809139829695,2.583954688761747,-0.9943546564969996
63.7474754,-1.955559333316007,2.470299774224583,-0.9766713946093366
63.75223019,-1.8627715624023753,2.356494181698625,-0.9543270006689928
63.75698493,-1.7630353211542913,2.2418246419331793,-0.9278640243848213
63.76173967,-1.6567604838108447,2.12556379262954,-0.897833853480526
63.76649441,-1.544546012012766,2.0069972548804635,-0.8647856744647148
63.77124915,-1.4271705253034304,1.885448972481192,-0.8292565167338023
63.77600389,-1.3055767820280404,1.7603042576026522,-0.7917625364033527
63.78075863,-1.1808505602002843,1.6310300602667234,-0.7527916184526564
63.78551342,-1.0541946280031695,1.497192063555543,-0.7127973114361641
63.79026816,-0.9268986642789205,1.3584682992836457,-0.6721940574374301
63.7950229,-0.8003061200831453,1.2146590773778254,-0.6313536376085873
63.79977764,-0.6757790977533831,1.0656931237750327,-0.5906027200333402
63.80453238,-0.5546623639711156,0.9116299235292491,-0.5502213754159523
63.80928712,-0.4382476112388075,0.7526583652511272,-0.5104424211481412
63.81404186,-0.3277390420423745,0.589091877383235,-0.4714514651851525
63.8187966,-0.22422127515628182,0.4213603339589443,-0.43338754214267433
63.82355139,-0.12863046705722836,0.2499990858554561,-0.39634425734033396
63.82830613,-0.04172940665598349,0.07563554221620337,-0.3603713744136693
63.83306087,0.0359128164400253,-0.10102621486128219,-0.3254767966344642
63.8378156,0.10393614354060571,-0.2792222517447475,-0.29162890223249666
63.84257035,0.16219963079996194,-0.4581464747507571,-0.2587592020861176
63.84732508,0.21078621071795162,-0.6369686043500268,-0.22676529672438678
63.85207982,0.2500022118842259,-0.8148518400749234,-0.1955141212834696
63.85683456,0.28037184683788247,-0.9909696385038919,-0.16484548378253952
63.86158936,0.30262697667740346,-1.1645210620136748,-0.1345759232590461
63.8663441,0.3176925311464568,-1.3347442130939455,-0.1045029357087441
63.87109883,0.3266680116708487,-1.5009273475413256,-0.07440963069067864
63.87585357,0.3308055424643577,-1.6624173578460726,-0.04406988365729933
63.88060831,0.33148497068019284,-1.8186254315174282,-0.013254035344899308
63.88536305,0.33018655570743877,-1.9690298117134921,0.01826483964473908
63.89011779,0.32846182919049227,-2.1131757117789713,0.05070411410518479
63.89487253,0.32790324482130473,-2.2506725537663574,0.08426430580893382
63.89962732,0.3301132610765619,-2.381188807704386,0.1191214051930258
63.90438206,0.3366735021494346,-2.5044447990547445,0.15541898887348451
63.9091368,0.3491146176458951,-2.6202039238864625,0.1932603089309843
63.91389154,0.3688874108773852,-2.7282627634892043,0.23270057498447935
63.91864628,0.3973357338697145,-2.8284406219292024,0.2737396681078695
63.92340102,0.43567156177081523,-2.920569021170787,0.3163155441757342
63.92815576,0.4849525677642145,-3.004481678535738,0.3602985989691263
63.93291055,0.5460624286231517,-3.08000546028104,0.4054872765945728
63.93766529,0.6196940056077614,-3.1469527533907447,0.4516052043152252
63.94242003,0.7063354681318037,-3.2051156269019314,0.4983001282876658
63.94717477,0.8062593593019183,-3.254262067522272,0.5451449019430616
63.95192951,0.9195145434215861,-3.294134477200534,0.5916407358167984
63.95668425,1.0459209271805205,-3.324450519388561,0.6372228489673025
63.96143899,1.1850668114479763,-3.344906302966183,0.6812685674879372
63.96619373,1.3363087135124039,-3.3551818041554586,0.7231078033168961
63.97094852,1.498773504248812,-3.3549483513364002,0.7620357319596336
63.97570326,1.6713627328292473,-3.343877937584696,0.797327387702929
63.980458,1.8527590611010187,-3.3216540815181137,0.8282538215234861
63.98521274,2.041434794175157,-3.2879839283878356,0.8540994238228988
63.98996748,2.2356625632708433,-3.2426112697613867,0.8741799964667469
63.99472222,2.4335282803108114,-3.185330160936587,0.8878611558145489
63.99947696,2.632946530799646,-3.1159988291429173,0.894576648445965
64.00423175,2.831678593663856,-3.034553589905062,0.8938461545890897
64.00898649,3.0273532676625634,-2.941022518453663,0.88529213711018
64.01374123,3.217490639996149,-2.8355386496500588,0.868655270434689
64.01849597,3.3995288537036124,-2.718352493515413,0.8438079652828264
64.02325071,3.5708538204099436,-2.5898436448300037,0.8107655057585468
64.02800545,3.7288316921315814,-2.4505312292585777,0.7696943453342692
64.03276019,3.870843761586165,-2.3010828666103023,0.7209171690867104
64.03751493,3.9943233181268583,-2.14232175279823,0.6649144138681277
64.04226972,4.096793860013367,-1.9752313800307575,0.6023220338779187
64.04702446,4.175907966549949,-1.8009573472256306,0.5339253946038081
64.0517792,4.229486076254324,-1.6208056778538114,0.46064926578298404
64.05653394,4.2555544048742755,-1.4362370764999375,0.3835439624703961
64.06128868,4.252381268130454,-1.2488566291559393,0.30376775759570745
64.06604342,4.218511141499512,-1.0603985889631053,0.22256576976874567
64.07079816,4.152795883727831,-0.8727060841398826,0.14124562807432117
64.07555295,4.054422662044978,-0.6877058260799956,0.06115033844180288
64.08030769,3.922938234055316,-0.5073781642491225,-0.016371077858974924
64.08506243,3.758269350603925,-0.3337231063179462,-0.08999444591122484
64.08981717,3.560739130612056,-0.16872317044923538,-0.15845192210073225
64.09457191,3.3310793099927767,-0.014304138128526427,-0.22056310466964735
64.09932665,3.070438275801086,0.12770508549395035,-0.27526469758932187
64.10408144,2.7803847661680674,0.2556122271351859,-0.32163763930366
64.10883618,2.4629070565669497,0.3678997372725129,-0.3589306572075214
64.11359092,2.120407378631348,0.46325999567957377,-0.38657932491866986
64.11834566,1.755691246037505,0.5406265150900263,-0.4042198774460841
64.1231004,1.3719513090761668,0.5992001748718633,-0.4116972675039955
64.12785514,0.97274533863476,0.6384696936288363,-0.4090672073007807
64.13260988,0.561967960390783,0.6582257458334823,-0.3965922139199792
64.13736467,0.1438158262904121,0.6585683329423405,-0.37473194195227566
64.14211941,-0.2772539750848147,0.6399072248895186,-0.3441283246897865
64.14687415,-0.6965723060275563,0.6029554856868691,-0.3055862388007345
64.15162889,-1.1093129979628422,0.5487162809506752,-0.2600505464915866
64.15638363,-1.5105540960465578,0.4784633311763545,-0.20858045027269032
64.16113837,-1.8953446682179305,0.39371552002628757,-0.15232212173213414
64.16589311,-2.258776256541285,0.2962062908716023,-0.09248054491233745
64.17064784,-2.596057805307936,0.1878485673472605,-0.03029145653881446
64.17540264,-2.9025926920970644,0.07069601529037212,0.03300582115658644
64.18015738,-3.1740563279060185,-0.053098474822804415,0.0961939654762921
64.18491212,-3.40647268760533,-0.1813261625408334,0.1581010848099696
64.18966686,-3.5962880846870564,-0.3117667405345333,0.21762154847941242
64.1944216,-3.740440513786145,-0.4422325670147065,0.2737338886818331
64.19917633,-3.836422947566042,-0.5706118930114157,0.3255155647829421
64.20393113,-3.882339085621836,-0.6949101497814846,0.37215448854773425
64.20868587,-3.8769502039089883,-0.8132883970555731,0.4129573087571014
64.2134406,-3.8197119335421448,-0.9240980848908488,0.44735454689353954
64.21819534,-3.7107999962739795,-1.0259113510852462,0.47490276559100375
64.22295008,-3.5511241302478767,-1.1175461622800562,0.4952840412154427
64.22770482,-3.3423296468861694,-1.1980857092647499,0.5083031007112878
64.23245956,-3.0867862660358782,-1.266891584337437,0.5138825647802112
64.23721436,-2.787564084076251,-1.3236103991396662,0.5120568037831844
64.2419691,-2.44839674344373,-1.3681736431801181,0.5029649464596044
64.24672383,-2.073632097426348,-1.4007907343106323,0.48684357246946974
64.25147857,-1.668170905819342,-1.4219353708455658,0.46401955938390255
64.25623331,-1.237394357796783,-1.4323254588701142,0.43490344103975936
64.26098805,-0.7870814974178649,-1.4328970549951328,0.3999834741629445
64.26574279,-0.3233179192627136,-1.4247729302165901,0.35982042092506916
64.27049758,0.14760260355348587,-1.4092265180382106,0.3150428616294912
64.27525232,0.619281614462758,-1.3876421508910621,0.26634268182756654
64.28000706,1.0853223963326886,-1.3614726038736273,0.2144702563668057
64.2847618,1.5394369287563916,-1.3321950463425347,0.16022879605047466
64.28951654,1.9755508619055573,-1.3012665457531336,0.10446733854261733
64.29427128,2.3879039573093035,-1.2700802743166908,0.04807195306274712
64.29902607,2.7711435219405463,-1.2399235409148883,-0.008045120524488707
64.30378081,3.120408555119061,-1.211938713727413,-0.06295847995475981
64.30853555,3.43140263837012,-1.1870880190817803,-0.11574457729238516
64.31329029,3.7004540145311813,-1.1661231042780158,-0.16549839047022302
64.31804503,3.924561797313737,-1.149560140177804,-0.21135121607634338
64.32279977,4.101427785541775,-1.1376611147990878,-0.25248892796359224
64.32755451,4.229473878777698,-1.1304218318661232,-0.28816999323528986
64.33230925,4.307845557137799,-1.1275669774780517,-0.3177425490753787
64.33706404,4.336402266252172,-1.128552454268815,-0.3406599056817891
64.34181878,4.3156958271863015,-1.1325750086705932,-0.35649393343802865
64.34657352,4.246938176125874,-1.138588998425413,-0.3649459003977245
64.35132826,4.131959842958708,-1.1453299702616413,-0.3658544383130298
64.356083,3.9731606152217984,-1.1513445468405172,-0.35920042519446543
64.36083774,3.7734538159828412,-1.1550259615983904,-0.34510867556618674
64.36559253,3.5362055621905717,-1.154654433031702,-0.323846423561781
64.37034727,3.265170275855936,-1.1484414392709428,-0.2958186680429717
64.37510201,2.9644236072186043,-1.1345768428215128,-0.2615605244295739
64.37985675,2.638293809939698,-1.1112777277365098,-0.2217267974275765
64.38461149,2.2912924948722178,-1.0768377506000524,-0.17707905374711821
64.38936623,1.928045589497376,-1.0296757750371763,-0.12847053283723697
64.39412097,1.5532252491006864,-0.9683825581401846,-0.07682928287167452
64.39887576,1.1714834038018889,-0.8917642857458064,-0.0231399447782469
64.4036305,0.7873875804262772,-0.7988818101470906,0.03157537302044485
64.40838524,0.405359606137717,-0.6890845261902023,0.08627668215029875
64.41313998,0.02961777752332846,-0.5620379276168889,0.13992572703442144
64.41789472,-0.3358769394608748,-0.41774401364066704,0.19150520848413483
64.42264946,-0.6874701297674048,-0.25655386555489595,0.24003723781194702
64.4274042,-1.0218580381543103,-0.0791718841540849,0.2846006847896247
64.43215899,-1.3361260559296142,0.11334863043797436,0.324347133455602
64.43691373,-1.6277811023686597,0.31961866688864765,0.3585152136395022
64.44166847,-1.8947774553683152,0.5379353477115562,0.38644312833539207
64.44642321,-2.135535636262103,0.7663120908322781,0.40757924309816873
64.45117795,-2.3489540176615575,1.002516516336478,0.42149063996246294
64.45593269,-2.534412900446258,1.2441153021044555,0.42786956325250963
64.46068748,-2.691770895957642,1.488524980639039,0.42653769871634395
64.46544222,-2.8213535516762205,1.733067478689863,0.41744823406120907
64.47019696,-2.9239342729889715,1.9750290374633641,0.4006856538894987
64.4749517,-3.0007077195841587,2.2117210195767703,0.3764632323276166
64.47970644,-3.0532559914598942,2.4405410140915387,0.3451182095303658
64.48446118,-3.0835080648767965,2.6590325970442943,0.30710467914250794
64.48921592,-3.0936930903126667,2.864942095467453,0.2629842739913982
64.49397071,-3.0862883182029908,3.0562707410647514,0.21341481257041842
64.49872545,-3.0639625670578883,3.231320687950019,0.15913714999887882
64.50348019,-3.0295162835488965,3.3887335083541346,0.10096055186320989
64.50823493,-2.985819356052169,3.52751996994808,0.03974696561604135
64.51298967,-2.9357479240972633,3.6470801345761816,-0.023605406324914313
64.51774441,-2.882121471912432,3.747213093878529,-0.0881788272422572
64.5224992,-2.8276415056231086,3.8281159629466854,-0.1530526605441315
64.52725394,-2.7748330961765837,3.8903720772437382,-0.21731957880399871
64.53200868,-2.725990530630015,3.934928667562122,-0.2801010560310234
64.53676342,-2.6831282572461013,3.9630646089343347,-0.340561899997144
64.54151816,-2.64793823452092,3.976349138472912,-0.39792362837704987
64.5462729,-2.62175469679866,3.9765927020307292,-0.45147653917818353
64.55102769,-2.60552722426232,3.9657913107379015,-0.5005903716304333
64.55578243,-2.599802849251344,3.946065958945321,-0.5447234921337891
64.56053717,-2.6047177444562446,3.9195987709472937,-0.5834305609807077
64.56529191,-2.619998826328143,3.88856760465855,-0.6163686320062455
64.57004665,-2.644975376224848,3.8550808492435995,-0.6433016110164502
64.57480139,-2.6786005396876895,3.8211141160832796,-0.6641029630194369
64.57955613,-2.719482317283363,3.7884504450254166,-0.6787565332467888
64.58431092,-2.765923414710698,3.758625537026954,-0.6873553517137633
64.58906566,-2.81596908115809,3.7328793854677222,-0.6900983347245512
64.5938204,-2.8674618382833827,3.712115515683709,-0.687284874385593
64.59857514,-2.918101792094185,3.6968688585681466,-0.6793074028551342
64.60332988,-2.9655110313560926,3.6872830818206794,-0.666642112240006
64.60808462,-3.0073004556295633,3.683097984246398,-0.6498380877441222
64.61283941,-3.041137252048802,3.6836473280105477,-0.6295051613183142
64.61759415,-3.0648111613465896,3.6878672456989348,-0.6063008123158692
64.62234889,-3.0762976481304247,3.694315118974819,-0.5809164326818609
64.62710363,-3.073816123610876,3.701198589133476,-0.5540632444512251
64.63185837,-3.0558814637326304,3.7064141317902757,-0.5264581184422973
64.63661311,-3.0213472219094397,3.7075944121241617,-0.49880950756450954
64.6413679,-2.969439150503803,3.702163436503258,-0.47180368528447686
64.64612264,-2.8997779135680686,3.6873983335650693,-0.4460914725392367
64.65087738,-2.812390187790895,3.6604964357252303,-0.42227564164292514
64.65563212,-2.7077076996973477,3.618646193820628,-0.4008991962992908
64.66038686,-2.586554123443087,3.5591003465905957,-0.3824347340709783
64.6651416,-2.4501201513187896,3.479249686639719,-0.3672750938659092
64.66989639,-2.2999274329356285,3.3766957191343274,-0.35572547122567977
64.67465113,-2.1377824431737844,3.2493205018637745,-0.3479971476753831
64.67940587,-1.9657216685344345,3.0953519872175517,-0.34420293129810886
64.6841606,-1.7859497836567333,2.9134232583295203,-0.3443543521958988
64.68891534,-1.6007727140348436,2.702624162012244,-0.3483606079066282
64.69367008,-1.412527640237613,2.4625439879976843,-0.3560292172741972
64.69842488,-1.2235120901636207,2.193304024628368,-0.3670683192774745
64.70317962,-1.035914290287172,1.8955790323761816,-0.38109054334350384
64.70793436,-0.8517469088936993,1.5706069148259805,-0.3976183734599114
64.7126891,-0.6727862297920785,1.2201861276762436,-0.41609092322457925
64.71744383,-0.5005186493757905,0.8466606444911832,-0.4358720292002799
64.72219857,-0.3360961968013675,0.45289258693079143,-0.45625955697171766
64.72695331,-0.180302537396914,0.042222919595698113,-0.4764958033204051
64.73170811,-0.033530632124361325,-0.3815791023614526,-0.4957788744641663
64.73646284,0.10422710943833066,-0.8143767686410412,-0.5132749271850269
64.74121758,0.23337572476095017,-1.251735810913406,-0.528131175906886
64.74597232,0.35470159803018936,-1.6890019090618273,-0.5394895895684921
64.75072706,0.46934374784429683,-2.121384155529987,-0.546501219314703
64.75548186,0.578753308105333,-2.544042668224979,-0.5483411020760942
64.7602366,0.6846423981061787,-2.9521784299824576,-0.5442236688266306
64.76499133,0.7889239207802844,-3.341123370627702,-0.5334185481746432
64.76974607,0.8936441130071002,-3.7064286985707926,-0.5152666007518252
64.77450081,1.000909894088815,-4.043949533194565,-0.48919595653868675
64.77925555,1.1128132157473491,-4.349923985399161,-0.45473776562107077
64.78401034,1.2313547074626305,-4.621044977283006,-0.4115413213796243
64.78876508,1.3583689331850162,-4.854523276402941,-0.359388180126881
64.79351982,1.4954535284710129,-5.048140437370065,-0.2982048867157179
64.79827456,1.643904370810355,-5.200290585369081,-0.22807392276366054
64.8030293,1.80465875142179,-5.310010234237705,-0.1492425206568567
64.80778404,1.9782482671155288,-5.376995597669593,-0.06212902698318049
64.81253883,2.1647628421718697,-5.401607117405351,0.032673454348382876
64.81729357,2.3638269330072976,-5.384861188692416,0.13439636468298513
64.82204831,2.574588576927379,-5.32840930405109,0.24209812805776304
64.82680305,2.7957215368764214,-5.234505057369035,0.35466988553987827
64.83155779,3.025440383750729,-5.105959650216428,0.4708446661535746
64.83631253,3.2615279631203857,-4.946086721873995,0.5892101086610181
64.84106732,3.5013743296539768,-4.758637486507086,0.7082248107899086
64.84582206,3.7420259144181856,-4.547727309203565,0.8262383245304058
64.8505768,3.9802434303476453,-4.317754991773342,0.9415147337800026
64.85533154,4.212566830297833,-4.0733161730715555,1.0522596461909246
64.86008628,4.4353855175571315,-3.8191123789616475,1.156650313243255
64.86484107,4.645011972767925,-3.5598573830492097,1.252868473070341
64.86959581,4.837756999706688,-3.300182657373243,1.339135399123121
64.87435055,5.010004894409181,-3.044543796056006,1.4137485382885813
64.87910529,5.158286991251835,-2.7971298759643717,1.4751190323511743
64.88386003,5.279352216109479,-2.561777766640911,1.5218093313935084
64.88861477,5.370233460698145,-2.341893406176997,1.5525700233062043
64.89336951,5.428308766983813,-2.14038200944994,1.5663749227036412
64.8981243,5.451356465316332,-1.9595890611840234,1.5624533958183653
64.90287904,5.437603540378492,-1.8012537636868804,1.5403188610812193
64.90763378,5.385766605455232,-1.6664763584919964,1.4997924133056693
64.91238852,5.295084950915509,-1.5557004284558682,1.4410205826525502
64.91714326,5.165345202092481,-1.4687109218482726,1.3644863604848523
64.92189805,4.996897182040858,-1.404648234490013,1.2710127980095132
64.92665279,4.790660634948076,-1.3620382532873578,1.1617586991265925
64.93140753,4.5481225358189965,-1.338837819409982,1.0382061714480262
64.93616227,4.271324799580372,-1.3324946279425924,0.9021400545652588
64.94091701,3.9628423131448582,-1.3400201587890128,0.7556195011369272
64.94567175,3.625751348941058,-1.358073844316376,0.6009422363307941
64.95042654,3.263588576719457,-1.3830563334886172,0.4406022575167973
64.95518128,2.880301068828299,-1.4112094196156544,0.27724195000509794
64.95993602,2.4801878879832997,-1.4387199691566779,0.11359977487400472
64.96469076,2.0678340501327783,-1.461825032560815,-0.047545179459380034
64.9694455,1.648037861752274,-1.4769152445974023,-0.20343040560994438
64.97420029,1.225732833327937,-1.4806336384463163,-0.3513675334964472
64.97895503,0.8059055606267371,-1.4699671086690753,-0.4887988258805733
64.98370977,0.39351113388708187,-1.4423279623042846,-0.6133512349440295
64.98846451,-0.006612226239414833,-1.3956232897749652,-0.7228866921881442
64.99321925,-0.3898275062725163,-1.328310259623424,-0.8155473776256235
64.99797404,-0.7517803556547444,-1.2394358817597424,-0.8897948225073441
65.00272878,-1.0884758019094594,-1.1286602778474801,-0.944441855172235
65.00748352,-1.3963484213354886,-0.9962630250488851,-0.978676606844687
65.01223826,-1.672324278754631,-0.8431326761617435,-0.9920780453067524
65.016993,-1.913873130935883,-0.6707400777758258,-0.9846227795637629
65.02174774,-2.1190496301573516,-0.4810965821461739,-0.9566831528354572
65.02650253,-2.2865225589078038,-0.27669865731836046,-0.909016892270756
65.03125727,-2.4155914613493716,-0.06046073135231493,-0.842748798151122
65.03601201,-2.506190396299375,0.16436164337000242,-0.7593451290094876
65.04076675,-2.5588789033840387,0.3942560476424186,-0.6605814745088702
65.04552149,-2.5748206316543407,0.6255425153885569,-0.5485050098743197
65.05027628,-2.5557504116404117,0.8544655180324345,-0.42539209863884025
65.05503102,-2.5039308422950253,1.0772862315011116,-0.29370225793362903
65.05978576,-2.4220997012602488,1.2903727693651297,-0.1560295248455979
65.0645405,-2.313409662230515,1.4902861757935297,-0.015052264338778628
65.06929524,-2.1813619133706568,1.6738601240130566,0.1265175612487633
65.07404998,-2.0297353171917245,1.8382724570664433,0.26598468353753896
65.07880477,-1.8625127410953186,1.9811069348773618,0.4007194642623034
65.08355951,-1.6838061283066048,2.1004038113861245,0.5282046359183202
65.08831425,-1.4977817813408631,2.1946981533166956,0.6460790901881428
65.09306899,-1.3085872038096789,2.263045122489268,0.7521780435958372
65.09782373,-1.1202806995415744,2.305031770627393,0.8445689955010607
65.10257847,-0.9367647687932612,2.320775233816803,0.9215829790317117
65.10733326,-0.7617241783514105,2.3109075581987026,0.9818406938717631
65.112088,-0.5985694242801761,2.2765477341199647,1.0242732041780638
65.11684274,-0.4503861608442863,2.2192618567791276,1.048136985523544
65.12159748,-0.31989104273821595,2.141012659474715,1.053023207150605
65.12635227,-0.20939432331878735,2.0440999707621743,1.0388612319963026
65.13110701,-0.12076946875186953,1.931093917270487,1.005916399496786
65.13586175,-0.05542998331333798,1.8047629169367214,0.9547822225202508
65.14061649,-0.014313588894412812,1.6679986707024825,0.8863671837156625
65.14537123,0.002126144210382926,1.523740453621955,0.8018763659690616
65.15012597,-0.006079336587175354,1.3749010209838748,0.7027882042344968
65.15488076,-0.038420206610313146,1.2242963772653594,0.590826706023854
65.1596355,-0.09392236072851715,1.074581505385341,0.46792955521597
65.16439024,-0.17116885602402337,0.9281939244749072,0.3362125849462681
65.16914498,-0.2683285207867827,0.787306643106658,0.1979311745591824
65.17389972,-0.3831914696479929,0.6537917112008454,0.055439187527552565
65.17865451,-0.5132111691063034,0.5291951597591549,-0.08885388102714588
65.18340925,-0.6555525852461472,0.41472366816543343,-0.2325268361680607
65.18816399,-0.8071458165989377,0.31124283259345403,-0.3731910463948186
65.19291873,-0.9647444732384417,0.21928644840700756,-0.5085342547096972
65.19767347,-1.1249879142452686,0.13907578952389668,-0.6363631172101801
65.20242826,-1.284466307541614,0.07054749435132335,-0.7546436129430559
65.207183,-1.4397873381933202,0.013388374197411646,-0.8615384402927913
65.21193774,-1.5876432736906132,-0.03292473697534796,-0.9554405062395822
65.21669248,-1.7248770069932011,-0.0690820643866598,-1.0350016408991882
65.22144722,-1.8485456482144647,-0.09589686582272004,-1.099155745664673
65.22620201,-1.9559802296826507,-0.11426214734424342,-1.1471357172345396
65.23095675,-2.0448401302546264,-0.12510978134375444,-1.1784836782871997
65.23571149,-2.1131609131786973,-0.12937343299228007,-1.1930542722472581
65.24046623,-2.159394403407529,-0.12795640372040631,-1.1910110199901078
65.24522097,-2.1824399978470232,-0.12170517900174206,-1.1728159653706038
65.24997571,-2.18166639767011,-0.11138913994574323,-1.1392130351700858
65.2547305,-2.1569231692902235,-0.0976865791657272,-1.0912056981027751
65.25948524,-2.1085417763343544,-0.0811768638541531,-1.030029627214446
65.26423998,-2.03732597697721,-0.0623383240428001,-0.9571211571906844
65.26899472,-1.9445317462119154,-0.04155122137911083,-0.8740823913850319
65.27374946,-1.8318371547087176,-0.019104981501429676,-0.782643859020936
65.27850425,-1.7013029050164021,0.004791243103236233,-0.6846256530389345
65.28325899,-1.555324480169507,0.02999567052364216,-0.581897991706316
65.28801373,-1.3965770876363677,0.056419637912823443,-0.47634213856738483
65.29276847,-1.2279547732792284,0.08401293842258012,-0.3698125816816679
65.29752321,-1.0525052287368226,0.11274958421925202,-0.2641013121006532
65.302278,-0.8733619174238499,0.14261469640147806,-0.16090495378464842
65.30703274,-0.6936751976139405,0.173593059585081,-0.061795386759175286
65.31178748,-0.5165441259906112,0.20565970139572018,0.03180562053163246
65.31654222,-0.34495058297201925,0.23877267718381298,0.11864738619472312
65.32129696,-0.18169727443196257,0.2728680696351658,0.19766664471761694
65.32605175,-0.029351036677568856,0.30785706227801396,0.2679991034272942
65.33080649,0.10980729258319472,0.3436248242268344,0.32898621288102536
65.33556123,0.23382536935463444,0.38003085757131055,0.3801772456021655
65.34031597,0.341113355733981,0.4169104123923541,0.4213268767447472
65.34507071,0.4304688372984766,0.4540765679632877,0.45238855097585906
65.3498255,0.5010922799856041,0.49132260957144136,0.4735040005959974
65.35458024,0.5525929105651618,0.5284243931505742,0.4849893489134986
65.35933498,0.5849851500131505,0.5651424770117127,0.48731828895151835
65.36408972,0.5986759627029471,0.6012239022443852,0.4811028704544372
65.36884451,0.5944436994672705,0.6364036104782353,0.4670724582157367
65.37359925,0.5734092035045619,0.6704055887252863,0.446051441963005
65.37835399,0.5370001107729767,0.7029439155121182,0.4189362813600883
65.38310873,0.4869094084196721,0.733723941700958,0.3866724573529027
65.38786347,0.4250494143146315,0.7624438672143771,0.3502318719789289
65.39261826,0.353502407064092,0.7887969684200101,0.3105911938360285
65.397373,0.27446916950096883,0.8124746905396156,0.2687115887700399
65.40212774,0.19021671186446196,0.8331707486687505,0.22552020882165844
65.40688248,0.103026416946717,0.8505862866267917,0.18189374015949078
65.41163727,0.015143801068745919,0.8644360346748804,0.1386442349355228
65.41639201,-0.0712689869695839,0.8744552968093058,0.09650737551582632
65.42114675,-0.1541769015162737,0.8804074977235425,0.056133246561217695
65.42590149,-0.2317110597093504,0.8820919390531541,0.018079625877443536
65.43065623,-0.3022023517436032,0.8793513619792257,-0.017192247598420585
65.43541097,-0.3642089830551994,0.8720788932014165,-0.04931951036796564
65.44016576,-0.41653749877454443,0.8602239648193466,-0.07803722746566907
65.4449205,-0.4582570208963792,0.8437968437867625,-0.10317579898531352
65.44967524,-0.48870661618023903,0.822871478731139,-0.12465638069998045
65.45442998,-0.5074959037948157,0.7975864643551445,-0.14248450440970734
65.45918472,-0.5144992011234927,0.7681440280110828,-0.1567421103527208
65.46393951,-0.5098436871085761,0.7348070501130815,-0.16757823186515966
65.46869425,-0.49389222603215066,0.697894230884826,-0.1751986005560816
65.47344899,-0.4672216305584509,0.6577736033397592,-0.1798544674069336
65.47820373,-0.43059724225197427,0.6148546618774294,-0.18183095963066823
65.48295852,-0.3849447655460566,0.569579425779354,-0.1814353123190671
65.48771326,-0.3313203073708941,0.5224127876900797,-0.17898532486208085
65.492468,-0.27087955384705786,0.4738325105456226,-0.17479839172650455
65.49722274,-0.20484696414397258,0.4243192342100376,-0.16918144268591323
65.50197748,-0.13448578606663864,0.3743468366409509,-0.16242209737435453
65.50673227,-0.061069603145590214,0.32437346451159604,-0.15478129336344365
65.51148701,0.014143987074094314,0.2748335055686577,-0.14648758804895043
65.51624175,0.08993708540258234,0.22613072071564275,-0.13773326574154232
65.52099649,0.16515224445127197,0.17863268977713045,-0.12867230579771227
65.52575123,0.23871004373014343,0.13266665412706385,-0.11942018853458022
65.53050602,0.30962339285209356,0.08851676607484461,-0.11005543649775523
65.53526076,0.3770085854703628,0.04642268415141859,-0.10062271366820597
65.5400155,0.4400932285306798,0.0065793904225118546,-0.09113723943053784
65.54477024,0.4982212552428813,-0.030861944557280283,-0.08159022258204587
65.54952503,0.5508552921510146,-0.0657922576626465,-0.07195498714464696
65.55427977,0.5975766878552382,-0.09814227395875832,-0.062193448035085926
65.55903451,0.6380835224705583,-0.12787979324372442,-0.05226260053653077
65.56378925,0.6721869050518042,-0.15500678451370897,-0.04212071128828169
65.56854399,0.6998058362046078,-0.1795564601333738,-0.0317329372385641
65.57329878,0.7209608721263602,-0.2015904637414657,-0.021076148512787517
65.57805352,0.7357667821763649,-0.221196263820785,-0.01014278643603391
65.58280826,0.7444243518521512,-0.23848480010966708,0.0010563555227644252
65.587563,0.7472114521113359,-0.25358838374561826,0.012490485060438669
65.59231779,0.7444734775245121,-0.26665880608940457,0.02410830290339888
65.59707253,0.7366132508491696,-0.27786556908397064,0.03583858670010205
65.60182727,0.7240804992498668,-0.28739411650836055,0.04759177225226336
65.60658201,0.707361024477063,-0.295443925243529,0.05926239434030212
65.61133675,0.6869657114800093,-0.3022263119215384,0.07073221569654956
65.61609154,0.6634195429606358,-0.30796182439351094,0.08187385296389581
65.62084628,0.6372508083958209,-0.3128771188623816,0.09255470559196394
65.62560102,0.6089807137109731,-0.3172012704776028,0.10264100677823648
65.63035576,0.5791136117682,-0.32116152487969873,0.1120018398175109
65.6351105,0.5481280838882648,-0.3249785667627908,0.12051299092284268
65.63986529,0.5164691071543271,-0.32886145354724206,0.1280605334396682
65.64462003,0.48454153743559386,-0.33300243012721475,0.13454405468383132
65.64937477,0.45270511881436437,-0.33757189490125034,0.1398794468748602
65.65412951,0.4212711922956462,-0.34271381813658125,0.14400119359122562
65.6588843,0.390501219146515,-0.3485419136228785,0.1468640994914683
65.66363904,0.36060715912838187,-0.35513683059995965,0.14844443667444207
65.66839378,0.33175365609428936,-0.36254456798420465,0.1487405125804461
65.67314852,0.304061889749276,-0.3707762254347406,0.14777269335610949
65.67790331,0.2776148614886084,-0.37980910816440916,0.14558293416431098
65.68265805,0.2524638043663669,-0.3895891080757172,0.1422338691766788
65.68741279,0.22863535240162103,-0.4000342040771416,0.13780750088320867
65.69216753,0.20613907914031254,-0.4110388658552789,0.13240350941619194
65.69692227,0.18497502027489363,-0.42247910897823837,0.12613718971866916
65.70167706,0.16514082519060508,-0.43421793182577517,0.11913702738131861
65.7064318,0.1466382294701466,-0.44611086170072867,0.11154194509184893
65.71118654,0.12947859601594294,-0.4580113446110843,0.10349828375071195
65.71594128,0.11368732900079243,-0.4697757287111155,0.09515661230775634
65.72069607,0.09930701715475053,-0.4812676152393032,0.08666847597605598
65.72545081,0.08639920915642946,-0.49236138387182826,0.0781831879984559
65.73020555,0.0750447656648427,-0.5029447423334491,0.06984474836422969
65.73496029,0.06534277322843167,-0.5129202023627728,0.06178894295106084
65.73971508,0.057408048411803025,-0.5222054438351538,0.05414064968486689
65.74446982,0.05136730807263598,-0.530732593059055,0.047011363291657636
65.74922456,0.04735413344681829,-0.5384465064099467,0.04049695101589265
65.7539793,0.045502908409345746,-0.5453022125672164,0.034675667255660646
65.75873404,0.04594196105168242,-0.5512617215236645,0.02960648048078918
65.76348883,0.04878617792084583,-0.5562904525523787,0.025327793339041893
65.76824357,0.05412938919128975,-0.5603535639095203,0.021856657159834262
65.77299831,0.062036840019601434,-0.5634124830316816,0.019188586016299806
65.77775305,0.07253806861086877,-0.5654219370530709,0.017298056959703986
65.78250784,0.08562050512590715,-0.5663277694913668,0.01613974149308681
65.78726258,0.10122408712150446,-0.5660657993954454,0.015650455188964907
65.79201732,0.11923715673656572,-0.5645619330465862,0.015751749578472918
65.79677206,0.1394938634206809,-0.5617336743894161,0.016353016716741872
65.8015268,0.16177324595925538,-0.557493098788261,0.017354942378451692
65.8062816,0.18580011174742786,-0.5517512578396954,0.01865313192725072
65.81103633,0.21124777206435733,-0.5444238762644203,0.020141739986653293
65.81579107,0.23774263055847863,-0.5354380937705029,0.021716953829753517
65.82054581,0.2648705581776244,-0.5247399055368329,0.023280203470762408
65.82530061,0.29218492112874983,-0.5123018748169501,0.024740993689048314
65.83005534,0.319216059836321,-0.4981306381404098,0.026019273063822197
65.83481008,0.34548194853357306,-0.4822737024381133,0.027047274370003385
65.83956482,0.37049970086984296,-0.46482504564128824,0.027770782881992688
65.84431962,0.39379753160499215,-0.4459290768169247,0.02814981642729814
65.84907436,0.41492674334018975,-0.4257825858396759,0.02815873177444262
65.8538291,0.4334732853988412,-0.4046344119314122,0.027785800577665547
65.85858383,0.44906843352285286,-0.3827826800039082,0.027032317943881813
65.86333863,0.4613981658910804,-0.36056958695873037,0.025911313921942663
65.86809337,0.4702108621535933,-0.338373858428014,0.024445934542753428
65.8728481,0.4753230244763418,-0.316601129962943,0.022667551062385875
65.87760284,0.47662280870527174,-0.29567262510189046,0.020613651824290386
65.88235764,0.4740712550934077,-0.2760125966391578,0.01832557615683589
65.88711238,0.4677012165668704,-0.2580350593972046,0.015846164623883267
65.89186712,0.45761409226049204,-0.24213036862073622,0.013217420810635776
65.89662186,0.44397457793885514,-0.22865218724746356,0.010478300065548335
65.9013766,0.42700373506118555,-0.21790534107606607,0.007662753266362073
65.90613139,0.40697074869935074,-0.21013498984456982,0.004798153290578581
65.91088613,0.38418378455440827,-0.20551745326703874,0.0019042160852369352
65.91564087,0.3589803633499074,-0.20415293382644584,-0.0010075014355694467
65.92039566,0.3317176479988393,-0.20606028180348826,-0.003933483376089155
65.9251504,0.30276299092324727,-0.21117386029521146,-0.006877516120166224
65.92990514,0.2724850246626136,-0.21934249413406054,-0.009849370400111029
65.93465988,0.24124550827257293,-0.23033042925263117,-0.012862985129536627
65.93941462,0.20939207362402262,-0.2438201883659793,-0.01593426987532078
65.94416941,0.17725195546478198,-0.2594171833938159,-0.019078674237932445
65.94892415,0.14512673971194123,-0.2766559322700519,-0.022308696863126504
65.95367889,0.11328812611139893,-0.29500772438218714,-0.025631520561925032
65.95843363,0.08197467310520386,-0.3138895810904055,-0.029046958995952332
65.96318842,0.051389473397061965,-0.33267436186204863,-0.032545881692206846
65.96794316,0.021698697786577053,-0.35070186923924007,-0.036109247725819055
65.9726979,-0.006969057740629712,-0.367290804399218,-0.03970782821129486
65.97745264,-0.03452268145511386,-0.38175141722151906,-0.04330264129273603
65.98220743,-0.06090776048791365,-0.3933986790335711,-0.04684606927611894
65.98696217,-0.08610513556592624,-0.4015657823806179,-0.050283582691946646
65.99171691,-0.11012881891473499,-0.40561774190206806,-0.0535559637097684
65.99647165,-0.13302329189353845,-0.4049648372138564,-0.056601901499309194
66.00122639,-0.15486020026299838,-0.39907560744614157,-0.05936082270466229
66.00598118,-0.17573447515471602,-0.38748908304096447,-0.06177581770660458
66.01073592,-0.1957599268761427,-0.369825928494851,-0.06379652389865952
66.01549066,-0.21506438550548596,-0.34579817417292236,-0.06538182791029873
66.0202454,-0.23378449370348886,-0.3152172395360284,-0.06650224939933799
66.02500019,-0.25206028796117813,-0.27799999606893133,-0.06714187293977608
66.02975493,-0.27002972818347604,-0.23417268506722527,-0.06729970686197839
66.03450967,-0.287823346859831,-0.18387258864108408,-0.06699037263698573
66.03926441,-0.3055591860761109,-0.12734744385557406,-0.06624406549346967
66.0440192,-0.32333817476830623,-0.06495268024813153,-0.06510577225352915
66.04877394,-0.34124007376128146,0.0028533590680625202,-0.0636337800361605
66.05352868,-0.35932008695453893,0.07551598991367763,-0.06189755438607584
66.05828342,-0.3776062077251354,0.15239228953130174,-0.05997510338684128
66.06303821,-0.39609734311615563,0.23276044838936444,-0.05794997109680658
66.06779295,-0.41476223594166534,0.315830097351018,-0.05590801475395142
66.07254769,-0.4335391862580259,0.40075336398723904,-0.05393411338780403
66.07730248,-0.4523365570470488,0.4866364542643114,-0.052108933664088225
66.08205722,-0.4710340318964218,0.5725516030371468,-0.05050585056043269
66.08681196,-0.48948457253664085,0.6575492768749424,-0.04918809668016841
66.0915667,-0.5075170001780333,0.7406705356016434,-0.048206201950050924
66.09632144,-0.5249390977208838,0.8209594600138223,-0.04759578448204999
66.10107623,-0.5415411034647487,0.8974755355208506,-0.04737575545817891
66.10583097,-0.5570994459453709,0.9693058541130979,-0.04754699600085912
66.11058571,-0.5713805592355415,1.0355769715417822,-0.048091546830433686
66.11534045,-0.5841446224595648,1.095466242172609,-0.04897232505578604
66.12009524,-0.5951490882160878,1.1482124551070447,-0.05013335631811894
66.12484998,-0.6041519014365647,1.193125611311257,-0.05150049547650342
66.12960472,-0.6109143598510466,1.2295957086698337,-0.0529826107038938
66.13435946,-0.6152036244287893,1.257100434761153,-0.054473221005739106
66.13911425,-0.6167949458746853,1.2752117009710886,-0.05585259465120801
66.14386899,-0.6154737233249229,1.2836009833131543,-0.05699032229468924
66.14862373,-0.6110375456362385,1.2820434638936007,-0.057748364829683235
66.15337852,-0.6032983777309028,1.270420992318759,-0.05798454273837079
66.15813326,-0.5920850417027039,1.2487239082839487,-0.057556390377992976
66.162888,-0.577246106978201,1.217051783832818,-0.05632525924806034
66.16764274,-0.5586532521155858,1.1756131540177315,-0.05416053110651037
66.17239753,-0.5362051013025246,1.124724305413143,-0.05094380042495616
66.17715227,-0.5098314796863824,1.064807181670476,-0.04657290282169401
66.18190701,-0.4794979799461214,0.9963864448201483,-0.04096569133883775
66.18666175,-0.44521069163631505,0.920085703632777,-0.034063483065260906
66.19141654,-0.40702091524082396,0.8366228908423629,-0.02583410575429719
66.19617128,-0.3650296630165011,0.7468047440169816,-0.016274466612820872
66.20092602,-0.31939173697911405,0.6515203238127231,-0.0054125498834182535
66.20568076,-0.2703191704817237,0.5517334908600746,0.006691263499197518
66.21043555,-0.21808382503335683,0.4484742610855419,0.01994366327833623
66.21519029,-0.16301895045035258,0.3428289714860717,0.03421876119531816
66.21994503,-0.10551954575667527,0.23592921630967886,0.049359397909746416
66.22469977,-0.046041400211325474,0.12893955742447785,0.06517944233951273
66.22945456,0.014901254235900292,0.023044069535597452,0.08146707843974266
66.2342093,0.07673949075916119,-0.08056815519928434,0.09798902658438906
66.23896404,0.13885479183479713,-0.18071835582914275,0.1144955935737435
66.24371878,0.20058541868204616,-0.27625406374786216,0.13072638967882108
66.24847357,0.2612339221512926,-0.3660653974083905,0.14641649921336772
66.25322831,0.32007565660713433,-0.4491013912440704,0.1613028519347122
66.25798305,0.37636816177641297,-0.5243860545712117,0.17513052540068647
66.26273779,0.4293612947648622,-0.591033861498179,0.18765871876273507
66.26749258,0.47830801723066546,-0.648264381247747,0.19866617493681427
66.27224732,0.5224757603936858,-0.6954157638044011,0.20795588221290923
66.27700206,0.5611582931778517,-0.7319567955088028,0.2153589457946193
66.2817568,0.5936880003775378,-0.757497234239065,0.220737572916468
66.2865116,0.6194484383189278,-0.7717961285764294,0.22398715518826579
66.29126633,0.6378869806563067,-0.7747678258970336,0.22503745808487832
66.29602107,0.6485273056716812,-0.766485386682528,0.22385294456469038
66.30077581,0.6509814182941183,-0.747181151660571,0.22043227413197547
66.3055306,0.6449608531393355,-0.7172442588316406,0.2148070350940793
66.31028535,0.6302866751749521,-0.6772149820293579,0.20703978716227203
66.31504008,0.6068978863041068,-0.6277758626106985,0.19722151082481884
66.31979482,0.5748578620756668,-0.5697397294933009,0.1854685743295053
66.32454962,0.5343584844112998,-0.5040348442756561,0.1719193351330659
66.32930436,0.4857217032188494,-0.4316875568721115,0.15673048995274855
66.3340591,0.42939834869124416,-0.35380299759306116,0.14007327924662746
66.33881389,0.36596412058774347,-0.27154444622506496,0.12212964340685198
66.34356863,0.29611279232320714,-0.18611209165653028,0.10308842401454797
66.34832337,0.22064677705580965,-0.09872191733873618,0.08314170562909355
66.35307811,0.14046530180551858,-0.010585416917866743,0.06248139867286825
66.3578329,0.056550517517752315,0.07710923352502363,0.04129616601120931
66.36258764,-0.03004806622846736,0.16321403490395042,0.01976878939511697
66.36734238,-0.1182303956399468,0.24663568441253925,-0.0019259447998675938
66.37209712,-0.2068634963706489,0.3263475365552647,-0.023622785871962326
66.37685191,-0.2947994758079012,0.40139894473318677,-0.04516695888805398
66.38160665,-0.38089350283503043,0.470922072662219,-0.06641450675634618
66.38636139,-0.4640214091966242,0.5341364004413137,-0.08723206365194819
66.39111613,-0.5430966120665807,0.5903512635884665,-0.10749611615012442
66.39587092,-0.6170861168572234,0.6389668490062839,-0.12709183667662316
66.40062566,-0.6850254166823351,0.6794741247966616,-0.14591160318519233
66.4053804,-0.7460321553656756,0.7114541971968402,-0.16385334603445847
66.41013514,-0.799318461263028,0.7345775651663489,-0.1808188819645103
66.41488993,-0.8442018873510558,0.7486036812120178,-0.1967123995999816
66.41964467,-0.8801149073395578,0.753381129047761,-0.21143924729398864
66.42439941,-0.9066129168249598,0.748848601514102,-0.22490514308043502
66.42915415,-0.9233806732903892,0.7350367163234607,-0.2370158831478281
66.43390894,-0.9302370828010541,0.7120705558781751,-0.24767757751478303
66.43866368,-0.9271382117948397,0.6801726748347671,-0.25679739785322603
66.44341842,-0.9141783786985335,0.6396661983588133,-0.2642847890718544
66.44817316,-0.8915891708100419,0.5909775454842559,-0.27005307595242245
66.45292795,-0.8597362427869867,0.5346382624910131,-0.27402138726390124
66.45768269,-0.8191137867486478,0.47128544401041833,-0.2761168178194449
66.46243743,-0.7703366203749981,0.4016602546537731,-0.27627674840005434
66.46719222,-0.7141299160259169,0.3266041383555264,-0.27445124014466
66.47194696,-0.651316685461726,0.2470524105271524,-0.2706054127685641
66.4767017,-0.5828032327369373,0.1640250610135196,-0.2647217069916921
66.48145644,-0.509562881658263,0.07861474294011027,-0.25680192467606316
66.48621123,-0.43261836344181054,-0.008027928041617777,-0.2468689389092673
66.49096597,-0.3530233075724593,-0.0947114990443688,-0.2349679729808281
66.49572071,-0.2718433122424518,-0.18022284190505544,-0.2211673631472691
66.50047545,-0.19013708268024845,-0.26334786483181566,-0.20555874548126535
66.50523024,-0.10893812026192722,-0.3428932144006368,-0.1882566407277456
66.50998498,-0.02923742506211658,-0.41770836361414815,-0.16939744972776008
66.51473972,0.04803236008944238,-0.4867074627488881,-0.1491379103203778
66.51949451,0.12201098503997825,-0.5488903337904477,-0.1276530985414469
66.52424925,0.19192249105879844,-0.6033620131065208,-0.1051340777186263
66.52900399,0.25708473146588556,-0.6493502880206773,-0.08178530712688101
66.53375873,0.31691635667105894,-0.6862207296648564,-0.057821918365946995
66.53851352,0.37094119624113836,-0.7134887966146295,-0.03346695491155336
66.54326826,0.4187900638112628,-0.7308286718265612,-0.008948650923304472
66.548023,0.4602001040692153,-0.7380785996398498,0.015502197936032365
66.55277774,0.49501189148713237,-0.7352426091004078,0.03965474312349787
66.55753253,0.5231645737934157,-0.7224886412616897,0.06328046476932056
66.56228727,0.5446894236966648,-0.7001432348909575,0.0861554376150444
66.56704201,0.559702213078226,-0.6686830573897522,0.10806250670394406
66.5717968,0.5683948478721277,-0.6287236840644038,0.12879340902054068
66.57655154,0.5710266949421352,-0.5810061183650309,0.14815088464845472
66.58130628,0.567915994869039,-0.526381601098846,0.16595082182958007
66.58606102,0.5594316914760765,-0.4657952752083961,0.18202447007096725
66.59081581,0.5459859273838187,-0.4002692555791791,0.19622073160312578
66.59557055,0.5280273627483628,-0.3308856040283714,0.20840850611792372
66.60032529,0.5060353790673845,-0.2587696330497358,0.2184790235735244
66.60508003,0.4805151380902859,-0.1850738640321557,0.22634806393264958
66.60983482,0.45199338293562286,-0.11096285387558974,0.23195793882800306
66.61458956,0.42101479933791014,-0.037598987302188865,0.23527910254957007
66.6193443,0.38813870416153795,0.03387077865302992,0.23631126834764685
66.6240991,0.3539358001436409,0.10232732539047114,0.2350839273166777
66.62885383,0.31898473300657804,0.16669111322364874,0.2316561960119529
66.63360857,0.2838682098473708,0.22593345911070034,0.22611595114159241
66.63836331,0.24916848358624233,0.2790875546801519,0.21857824296541048
66.6431181,0.2154620727508526,0.3252593864082856,0.20918301299962996
66.64787285,0.18331366325955206,0.36363864733500356,0.19809217630737908
66.65262758,0.15326922234590093,0.3935096357160075,0.18548616338707366
66.65738238,0.1258484365733224,0.4142620333687993,0.17156004944492612
66.66213712,0.1015366582425102,0.42540135875098933,0.1565194259865804
66.66689186,0.08077660095779872,0.42655880860457057,0.14057618632916388
66.6716466,0.06396006128098693,0.4175001452625778,0.12394439864874333
66.67640133,0.05141995696219942,0.3981332585188379,0.10683642655360631
66.68115613,0.04342296326705803,0.3685140320025818,0.08945943118370661
66.68591087,0.04016300037172844,0.328850172229678,0.0720123565952513
66.6906656,0.041755782762017336,0.2795027096690648,0.05468346766847214
66.6954204,0.048234594573741796,0.22098494919148254,0.03764848002561592
66.70017514,0.05954741172075267,0.15395872487524662,0.021069293587436668
66.70492988,0.07555545891827214,0.07922789405536991,0.005093312209149779
66.70968467,0.09603326946169499,-0.002270918219601117,-0.01014670089430904
66.71443941,0.12067030564188905,-0.08948024430671923,-0.02453231691588901
66.71919415,0.14907419272498898,-0.1812362284844689,-0.03795880035131882
66.72394889,0.18077561296515632,-0.2762854177534368,-0.050334268599462925
66.72870368,0.21523489172817725,-0.37330364627638307,-0.06157879020849776
66.73345842,0.25185028020450523,-0.47091671983569916,-0.07162354329532218
66.73821316,0.28996789535379847,-0.5677225506200404,-0.08041012446543863
66.7429679,0.3288932180107236,-0.6623143311824622,-0.08789006090500294
66.74772269,0.367903978640077,-0.7533042735529459,-0.09402454412990582
66.75247743,0.40626418410661636,-0.8393473828729727,-0.09878438120619237
66.75723217,0.44323896620379644,-0.9191646936853466,-0.10215015129397012
66.76198696,0.4781098710265108,-0.991565379261663,-0.10411255909158662
66.7667417,0.5101901631576594,-1.0554671553254695,-0.10467298374680302
66.77149644,0.538839693706873,-1.1099144410813906,-0.1038442212785412
66.77625118,0.5634788786780143,-1.154093811648325,-0.10165140217735912
66.78100597,0.5836013548707912,-1.1873463741508887,-0.09813303263857895
66.78576071,0.5987849240440513,-1.2091768210558047,-0.09334206643160675
66.79051545,0.6087004602746251,-1.2192590533911112,-0.08734688008375298
66.79527019,0.6131185362454175,-1.2174384147695494,-0.08023201140386704
66.80002498,0.6119136152375877,-1.2037307223581821,-0.07209853588909551
66.80477972,0.6050657490755256,-1.1783184081949545,-0.06306399053481389
66.80953446,0.5926598108436479,-1.1415441792451675,-0.053261795690384826
66.81428925,0.5748823695067928,-1.0939026571443318,-0.04284015991765269
66.81904399,0.5520163783696923,-1.0360304646791585,-0.03196047513326617
66.82379873,0.5244338989978989,-0.9686951880056291,-0.020795222254161392
66.82855347,0.4925871167250781,-0.8927835690452389,-0.009525417275250062
66.83330826,0.4569979247125494,-0.8092891830162482,0.001662360206095856
66.838063,0.41824636348489636,-0.7192997451385691,0.01257929662124759
66.84281774,0.3769582051833735,-0.6239840812849174,0.023037950656138076
66.84757253,0.3337919692090157,-0.5245787008101167,0.032856031277733795
66.85232727,0.289425650075232,-0.42237383476205737,0.041860223687346626
66.85708201,0.24454342964640632,-0.3186987560324242,0.04988992841511165
66.86183675,0.19982263452173152,-0.21490618466928327,0.05680077704381667
66.86659154,0.15592118537008348,-0.11235560402877658,0.062467794244546036
66.87134628,0.11346576914684862,-0.012395371385563918,0.06678808861660898
66.87610102,0.073040947741318,0.08365640291527215,0.06968297418469362
66.88085581,0.035179397120685366,0.17453211613197808,0.07109945082690972
66.88561055,0.0003534477930098741,0.2590358455432811,0.07101100514657178
66.89036529,-0.031031931165583854,0.33606506057838315,0.0694177316509142
66.89512003,-0.05864459609733553,0.40463236515967305,0.06634581408704567
66.89987482,-0.08222906921595234,0.46388664397358365,0.06184644296983091
66.90462956,-0.10160872095162123,0.513132901758284,0.05599427102762498
66.9093843,-0.11668629494800593,0.5518500391385037,0.048885517731339055
66.91413904,-0.12744281046766895,0.5797058045278868,0.04063582506429629
66.91889383,-0.1339349111824868,0.5965681987811904,0.031377942270284724
66.92364857,-0.1362907653072981,0.6025126861013763,0.021259285870482
66.92840331,-0.13470466037903286,0.5978246793282129,0.01043939457485344
66.9331581,-0.12943047589020287,0.5829969175589205,-0.0009127123285692055
66.93791284,-0.12077425605471119,0.5587215345783169,-0.012621255488525596
66.94266758,-0.10908613907706949,0.5258768199951006,-0.024506453317061336
66.94742232,-0.09475192258966865,0.48550888938892567,-0.03638725001484342
66.95217712,-0.07818455099387198,0.4388086901202436,-0.04808393558591751
66.95693186,-0.05981579475903211,0.3870849604120513,-0.059420593730324295
66.9616866,-0.04008835415987956,0.3317339186540799,-0.07022735221993312
66.96644139,-0.0194485653087334,0.2742065806117447,-0.08034246085415828
66.97119613,0.0016601772013104456,0.21597468280609108,-0.08961426432405216
66.97595087,0.022803230443752903,0.1584962333042898,-0.09790315261431962
66.9807056,0.04355975215559354,0.1031817206867532,-0.10508355075902914
66.9854604,0.0635270393983132,0.05136199117968661,-0.11104595740346568
66.99021514,0.08232423820737086,0.004258753274115978,-0.11569897456405502
66.99496988,0.09959552176462405,-0.03704141378388385,-0.11897121172130702
66.99972467,0.11501283829194688,-0.07160879006716638,-0.12081291514537311
67.00447941,0.12827832381629692,-0.09868738301261698,-0.12119717675118362
67.00923415,0.13912646243782967,-0.11770652614718935,-0.12012061112506986
67.01398889,0.14732606092871872,-0.1282870229057505,-0.11760343952070287
67.01874368,0.15268208795524604,-0.13024188551337565,-0.11368896704837106
67.02349842,0.15503741203338775,-0.1235719490410203,-0.10844247020691941
67.02825316,0.15427445571059198,-0.10845684566959662,-0.10194952286328199
67.03300795,0.15031676447223635,-0.08524198857890604,-0.09431378695616743
67.03776269,0.14313046580116304,-0.05442233080351665,-0.08565429279320301
67.04251743,0.13272556644774958,-0.016623730999516202,-0.07610224504676284
67.04727222,0.11915700636346996,0.027417221293040306,-0.06579741967007546
67.05202696,0.10252536039719498,0.0768740892604505,-0.05488425967792167
67.0567817,0.08297705945187087,0.13085140887985006,-0.04350782209524132
67.06153644,0.06070399592958924,0.188404768413078,-0.03180975998944179
67.06629123,0.03594238532652507,0.24855959972500097,-0.019924531841814235
67.07104597,0.008970774457583526,0.31032829286491304,-0.007976013242032613
67.07580071,-0.019892887596546574,0.37272542528293046,0.00392535048247125
67.08055545,-0.05029517155696007,0.43478108402094584,0.015684755388153438
67.08531024,-0.08185211047424369,0.49555243572043817,0.027224556672128877
67.09006498,-0.11415516197349396,0.5541338475177677,0.03848506286509335
67.09481972,-0.14677816034912336,0.6096659670517703,0.049424593958178636
67.09957451,-0.17928519716726915,0.6613442217746472,0.060018807416290045
67.10432925,-0.2112393338031299,0.7084271912425645,0.07025931930812747
67.10908399,-0.24221200921157787,0.7502452405033105,0.08015168016585478
67.11383878,-0.27179296096214683,0.786209682864288,0.08971280143485358
67.11859352,-0.2996004290722247,0.8158225773631539,0.09896795974971014
67.12334826,-0.3252913656240482,0.8386870779861101,0.10794752703541309
67.128103,-0.34857133645942356,0.8545180606118676,0.11668358493401594
67.13285779,-0.3692037822955965,0.8631525824738504,0.12520658591000555
67.13761253,-0.38701830981214297,0.8645595951537931,0.13354222218186743
67.14236727,-0.4019177076319733,0.8588482451783048,0.14170865470605998
67.14712206,-0.41388342176280357,0.8462740582358804,0.14971423356014135
67.1518768,-0.4229792714503379,0.8272423115853808,0.1575558069600218
67.15663154,-0.4293532313696602,0.8023079509578815,0.16521767279729566
67.16138628,-0.43323714480559905,0.7721715003083096,0.1726711817565823
67.16614107,-0.43494426516659584,0.7376705427956526,0.17987496255135438
67.17089581,-0.4348645546268184,0.6997665164793713,0.18677571208298605
67.17565055,-0.4334577058011746,0.659526764159812,0.19330947643265814
67.18040535,-0.43124390132048157,0.6181019975929489,0.19940333929812581
67.18516008,-0.4287923905163321,0.5766995740897658,0.20497742841627287
67.18991482,-0.42670804204841817,0.5365532280669469,0.2099471439441995
67.19466962,-0.4256161221912867,0.49889013839872814,0.21422550349795186
67.19942436,-0.42614564301513325,0.46489642833722356,0.21772548606735856
67.2041791,-0.428911712914645,0.43568237002033666,0.22036224249913738
67.20893383,-0.434497394156722,0.4122486817527957,0.22205502673115365
67.21368863,-0.4434356216234612,0.39545534730871457,0.2227286951445765
67.21844337,-0.4561917611604963,0.38599434080936695,0.22231462991529807
67.22319811,-0.4731473854929946,0.38436750252503105,0.22075097611908534
67.2279529,-0.49458582247945865,0.3908705821817451,0.2179821487380879
67.23270764,-0.5206799863740714,0.4055841583918226,0.21395766316951145
67.23746238,-0.5514829387048429,0.4283717768981048,0.20863045705961922
67.24221717,-0.5869215420244961,0.45888525598134816,0.20195497624414852
67.24697191,-0.6267934699369236,0.49657671914900037,0.19388536367066647
67.25172665,-0.670767727063745,0.5407165676888945,0.18437409640393598
67.25648139,-0.7183887216763848,0.5904163278141646,0.17337135908772644
67.26123618,-0.7690838282526146,0.6446551179075101,0.160825338797551
67.26599092,-0.8221742796946557,0.7023083886968652,0.14668350500404617
67.27074566,-0.8768891390430138,0.7621775919787498,0.13089482987413054
67.27550045,-0.9323820177729467,0.8230195243960086,0.11341282972163466
67.28025519,-0.9877501327574281,0.883574259636076,0.09419927427301578
67.28500993,-1.0420552279296347,0.9425908085989498,0.07322840779303456
67.28976467,-1.0943458306570608,0.9988499113823119,0.050491536679227136
67.29451946,-1.143680267433967,1.0511836423276302,0.026001842117514298
67.2992742,-1.1891498290743587,1.0984917737268303,-0.0002007392603537323
67.30402894,-1.2299014532405697,1.1397550723492846,-0.02804476037896358
67.30878373,-1.2651592843753647,1.1740458805125522,-0.05742287510093574
67.31353847,-1.2942444811063665,1.2005364535541723,-0.08818809663864813
67.31829321,-1.3165926712528042,1.2185055883277467,-0.12015099945267332
67.32304795,-1.3317685051902781,1.2273440854714532,-0.15307814381879856
67.32780274,-1.3394768286675878,1.2265595442132626,-0.18669195435016295
67.33255748,-1.3395700850453107,1.2157808944341681,-0.2206722161601793
67.33731222,-1.3320516631326718,1.1947629305749417,-0.2546592771092968
67.34206701,-1.317075028054215,1.1633909352059808,-0.28825896889128133
67.34682175,-1.2949386042867526,1.1216852839109905,-0.3210491852402361
67.35157649,-1.2660765154660394,1.069805731338612,-0.3525879818509516
67.35633128,-1.2310454176180003,1.0080549161027421,-0.38242299099513294
67.36108602,-1.190507785342186,0.9368805098573056,-0.4101018790027883
67.36584076,-1.1452121207221904,0.8568753842364896,-0.4351835236935075
67.3705955,-1.0959706510936589,0.7687751799866708,-0.4572495569695191
67.37535029,-1.0436351640867016,0.6734527306328338,-0.47591590531708144
67.38010503,-0.9890716959031285,0.5719089104465566,-0.4908439618953733
67.38485977,-0.9331348391012854,0.46525963422536476,-0.5017510294051111
67.38961456,-0.8766424647177491,0.3547189244756441,-0.5084196773601298
67.3943693,-0.8203516550137372,0.24157816847530428,-0.5107056628272706
67.39912404,-0.7649366135190715,0.12718189995937032,-0.5085440797717132
67.40387883,-0.7109692578320289,0.012900643302791833,-0.5019534406176408
67.40863357,-0.6589031115629922,-0.09989846174762229,-0.49103746125874675
67.41338831,-0.6090610019337481,-0.20988239045824875,-0.47598441474357334
67.41814305,-0.5616269471153034,-0.3157833483354208,-0.457064027558667
67.42289785,-0.5166424898591055,-0.4164292370650287,-0.43462200039819116
67.42765258,-0.47400760687112325,-0.5107724137639769,-0.4090723294195689
67.43240732,-0.4334861999742226,-0.59791570108063,-0.38088767726208095
67.43716212,-0.3947160564986803,-0.6771346576707672,-0.3505880956318533
67.44191686,-0.3572230515949144,-0.7478952084436616,-0.31872843904598797
67.4466716,-0.32043925177012156,-0.8098658638978357,-0.2858848412130754
67.45142639,-0.2837244639675785,-0.8629239297854986,-0.25264065811073055
67.45618113,-0.24639065614987787,-0.907155321736363,-0.2195723145442278
67.46093587,-0.20772855442482074,-0.94284784907236,-0.18723551469880378
67.46569066,-0.16703560233086984,-0.9704781067815759,-0.1561522780089363
67.4704454,-0.12364435694662901,-0.9906923985542169,-0.1267992278283525
67.47520014,-0.07695030292868123,-1.00428238835209,-0.09959748836571881
67.47995488,-0.026437999550059578,-1.012156424421419,-0.07490444185916478
67.48470967,0.02829555172151865,-1.0153076812835289,-0.053007477748977294
67.48946441,0.08752140965089386,-1.0147804093968773,-0.034119746897822205
67.49421915,0.15136407603233004,-1.0116356613102173,-0.018377833728896058
67.49897394,0.21979262703613675,-1.0069178747235166,-0.005841189892804913
67.50372868,0.29261826065970936,-1.0016236388477062,0.003506859566443254
67.50848342,0.3694986795052384,-0.9966738561118779,0.009756724399150441
67.51323821,0.4499494471137003,-0.9928903441767313,0.013068930199891811
67.51799295,0.5333621577000638,-0.9909777123635057,0.013669389521438965
67.52274769,0.6190289561405409,-0.9915111020069106,0.011843640348775088
67.52750243,0.7061726479479882,-0.9949301126914837,0.007930102689210596
67.53225722,0.7939813579260475,-1.0015389572258064,0.002312397569076216
67.53701196,0.8816464425694845,-1.011512609449257,-0.004589213551184526
67.5417667,0.9684021475976461,-1.0249084429228683,-0.012327182747690098
67.54652149,1.0535653412951056,-1.0416826177550322,-0.02043670287876225
67.55127623,1.1365735593954758,-1.0617102691648803,-0.028446256020744853
67.55603097,1.2170195795707486,-1.0848083951601082,-0.03588850408353463
67.56078576,1.2946808117163884,-1.110760239567975,-0.042311318613919416
67.5655405,1.369541948016403,-1.139339924902005,-0.04728872139415081
67.57029524,1.4418095620598717,-1.1703361076586711,-0.050431478390291974
67.57504998,1.511917669975101,-1.2035735035342654,-0.05139705954061506
67.57980477,1.5805236522396504,-1.2389312558583445,-0.04989865306346251
67.58455951,1.6484943588163534,-1.2763572891711574,-0.045712914492167356
67.58931425,1.716882652411774,-1.3158779912187222,-0.03868614445620094
67.59406904,1.786895051075111,-1.3576027889571347,-0.028738627197503547
67.59882378,1.8598514801976638,-1.4017234149032223,-0.015866920617443766
67.60357852,1.9371384133255967,-1.4485078870266734,-0.00014396189381147255
67.60833331,2.020156865003504,-1.4982894373888846,0.01828306692979292
67.61308805,2.110266806428912,-1.551450813278002,0.039197088531744785
67.61784279,2.208729623971319,-1.6084045337996125,0.062317595348039254
67.62259758,2.316650249959829,-1.6695698116215176,0.08730906394518409
67.62735232,2.4349205781508294,-1.735346943450429,0.11379109451854896
67.63210706,2.5641657406619984,-1.8060900359063095,0.14134999954140376
67.63686186,2.7046947721258823,-1.8820789691268853,0.16955151886378142
67.6416166,2.856457120665514,-1.9634915118799552,0.19795429767583203
67.64637133,3.0190063816788775,-2.050376491459103,0.22612373132574687
67.65112607,3.191472523822492,-2.142628890651806,0.2536457601100669
67.65588087,3.3725437386351995,-2.2399676936824817,0.28014019008878244
67.66063561,3.560458866822295,-2.3419172344162833,0.3052731232736731
67.6653904,3.753011128626691,-2.447792714991485,0.3287681008679341
67.67014514,3.947563611528216,-2.556690464028578,0.3504155942265319
67.67489988,4.1410766515094934,-2.6674833939524145,0.37008051784604984
67.67965462,4.3301468979167606,-2.778822000121006,0.38770748594271776
67.68440941,4.5110574964790064,-2.88914112306854,0.40332358834921705
67.68916415,4.679838482802013,-2.996672571018515,0.41703852160956084
67.69391889,4.832336170291271,-3.0994635741217844,0.4290419765644664
67.69867368,4.964290058262262,-3.1954009156964847,0.43959825464120567
67.70342842,5.071415589259409,-3.28224046008365,0.44903816225066173
67.70818316,5.14949095543541,-3.3576416725680542,0.4577483160644792
67.71293795,5.194446092483611,-3.4192066056493498,0.46615807974318296
67.71769269,5.202452000129668,-3.464522710250061,0.47472444176346107
67.72244743,5.170008579621729,-3.4912087233483393,0.48391523021617405
67.72720217,5.094029267193049,-3.496962788155291,0.4941911383344887
67.73195696,4.971920853193606,-3.4796118821213713,0.505987096893739
67.7367117,4.8016569947536905,-3.4371615642790343,0.5196935691334241
67.74146644,4.581844042811363,-3.3678450089805816,0.5356383563272779
67.74622123,4.311777904489229,-3.270170269677873,0.5540694892199542
67.75097597,3.991490748774569,-3.14296471462535,0.575139748774954
67.75573071,3.6217864436948877,-2.9854155956421584,0.5988933164502462
67.7604855,3.2042636969618656,-2.7971057500912355,0.6252550040587795
67.76524024,2.741325969877689,-2.5780434939340795,0.6540224566878378
67.76999498,2.236177354635584,-2.3286858393329557,0.6848616570492664
67.77474977,1.6928037541847831,-2.049954263035432,0.7173059837197268
67.77950451,1.1159388864576854,-1.743242360919139,0.7507589886080852
67.78425925,0.5110148554927888,-1.4104148491894675,0.7845009631403788
67.78901399,-0.1159027052035503,-1.053797513811329,0.8176992629499709
67.79376878,-0.7581946046846476,-0.6761578666815425,0.849422262999924
67.79852352,-1.4087825194070482,-0.2806764388783464,0.8786567238841468
67.80327826,-2.0602368198027796,0.12909117397747658,0.9043282682786787
67.80803305,-2.7048963292210075,0.5492612046813294,0.925324594298926
67.81278779,-3.3349981097399235,0.9756770354560478,0.94052098789024
67.81754253,-3.9428149304605196,1.4039722338376852,0.9488076359950918
67.82229732,-4.520797651077265,1.8296403890840416,0.9491181821469333
67.82705206,-5.0617193700847185,2.2481106388781504,0.9404589032666485
67.8318068,-5.558817870752898,2.654827588281007,0.9219378207848061
67.8365616,-6.005932679398267,3.0453341451924167,0.8927929950059197
67.84131633,-6.3976329582699325,3.41535563132484,0.8524191964835439
67.84607107,-6.729332511626116,3.7608833787552993,0.800392111561442
67.85082587,-6.997388399943471,4.078255895804582,0.7364892312994793
67.8555806,-7.199180033590366,4.364235591233909,0.6607066030773006
67.86033535,-7.333166142051331,4.6160789936803726,0.5732706986862951
67.86509014,-7.398917665159718,4.831598406194727,0.4746447736269947
67.86984488,-7.397125355706874,5.009213005567581,0.36552925703178335
67.87459962,-7.329581677428935,5.14798754224737,0.2468559139675642
67.87935441,-7.199137385543554,5.247657024368877,0.1197757529364513
67.88410915,-7.009633949729423,5.308636079210952,-0.014359100099398097
67.88886389,-6.765813691597481,5.332012073035633,-0.15401908792884006
67.89361863,-6.473210140535331,5.3195215270214495,-0.29752575854218744
67.89837342,-6.138021652545971,5.273509879814735,-0.44308424465078217
67.90312816,-5.766971780765234,5.196875198221979,-0.5888186477905696
67.9078829,-5.367160228212,5.092997003426479,-0.732809240261202
67.91263769,-4.945908443351582,4.965651932264588,-0.8731304300333058
67.91739243,-4.510604022248661,4.8189184595833705,-1.0078885213606632
67.92214717,-4.068548040640701,4.657073336220743,-1.1352584118497393
67.92690196,-3.626809245313537,4.484482719127245,-1.2535184648913829
67.9316567,-3.1920886933729338,4.305491165720575,-1.3610828712143312
67.93641144,-2.770597965560877,4.124311726235246,-1.4565308699447057
67.94116623,-2.367953531124836,3.9449202999756583,-1.538632253440686
67.94592097,-1.9890892420113497,3.770957236199018,-1.606368646242939
67.95067571,-1.6381883138900426,3.6056388738921794,-1.6589501348249593
67.9554305,-1.3186355384772401,3.4516813453957202,-1.6958269326768007
67.96018524,-1.0329898909595174,3.311238537959278,-1.7166958913927877
67.96493998,-0.7829771659129721,3.185855639174086,-1.7215018068383408
67.96969477,-0.5695018013161842,3.076439211985507,-1.7104336122425887
67.97444951,-0.39267663007193954,2.9832442746178574,-1.6839156885704094
67.97920425,-0.25186892714033193,2.905878415640266,-1.6425946488648764
67.98395904,-0.1457607976395457,2.843322562806298,-1.5873220615856132
67.98871378,-0.07242168204566948,2.7939676492256424,-1.5191336652369867
67.99346852,-0.02939054649788972,2.7556660822402526,-1.4392256920638153
67.99822331,-0.013765186927520604,2.7257966186958535,-1.348928962742547
68.00297805,-0.022296011992171957,2.7013409850696024,-1.2496814376096117
68.00773279,-0.051481686153407695,2.678970352981644,-1.142999914183112
68.01248753,-0.09766411114881758,2.6551395917252103,-1.0304515473639957
68.01724232,-0.15712039640929656,2.626187071632379,-0.9136258402245251
68.02199706,-0.22614970605513865,2.588437687014444,-0.794107712001023
68.0267518,-0.30115315752887206,2.5383067062050535,-0.6734521965846287
68.0315066,-0.37870526824708994,2.472402039682528,-0.5531612581189257
68.03626133,-0.4556157852592717,2.387622545963167,-0.43466312776411076
68.04101607,-0.5289810740710501,2.2812500694315863,-0.31929446548581125
68.04577087,-0.5962245755424933,2.1510330248533234,-0.20828553361054614
68.0505256,-0.6551261574913765,1.9952595097733141,-0.10274843932345712
68.05528034,-0.703840487117936,1.8128181368125702,-0.0036683697687820136
68.06003514,-0.7409048297813265,1.603245029881996,0.0881023823502633
68.06478988,-0.7652369362751537,1.366755717182165,0.1718479097409331
68.06954462,-0.7761239094903651,1.1042609746249537,0.24699007738460224
68.07429941,-0.7732031345017919,0.8173660207647836,0.313088216330067
68.07905415,-0.7564365041734536,0.5083528327966628,0.3698375254344959
68.08380889,-0.7260792659953856,0.18014573631377345,0.417066536055355
68.08856368,-0.6826448484822497,-0.16373918777620378,0.4547339225007232
68.09331842,-0.6268669957239682,-0.5192599451442274,0.4829248529017161
68.09807316,-0.5596604515697692,-0.8819284023210878,0.5018469798966424
68.10282795,-0.48208130136238503,-1.2469023118755787,0.5118260754560886
68.10758269,-0.39528791440351235,-1.6090875695056812,0.5133012253238755
68.11233743,-0.30050325200464706,-1.9632483852571543,0.5068194205630702
68.11709222,-0.1989791316671965,-2.3041228021718467,0.4930293206126586
68.12184696,-0.09196288299913544,-2.6265408069892002,0.4726739186563428
68.1266017,0.019333293439237318,-2.9255421576998986,0.44658182154831544
68.13135649,0.1337600413458907,-3.1964910081196978,0.41565686868288143
68.13611123,0.2502554668713178,-3.4351844439776906,0.3808658609803651
68.14086597,0.36786650945778054,-3.637952159240335,0.3432242531123023
68.14562076,0.48576691317181336,-3.8017446935234434,0.3037797753379834
68.1503755,0.6032716328453454,-3.9242079168011164,0.26359408756211766
68.15513024,0.719847495770089,-4.00374177940977,0.22372271557801057
68.15988503,0.8351199368910145,-4.0395417351414755,0.18519366437667603
68.16463977,0.9488756412799563,-4.031621683207194,0.14898523302592911
68.16939451,1.0610609658446544,-3.9808177499844453,0.11600365957172767
68.1741493,1.1717760723054993,-3.888772731674744,0.08706129516011843
68.17890404,1.281264781263334,-3.7579015312982884,0.06285603896427855
68.18365878,1.3899002456426572,-3.591338433839409,0.04395275704093486
68.18841357,1.4981666332688928,-3.3928675566600157,0.030767361190949635
68.19316831,1.6066370973046673,-3.1668382723969306,0.02355414716732628
68.19792305,1.7159483975704914,-2.918067811911608,0.02239689898593292
68.20267785,1.826772615495541,-2.6517335992021565,0.027204170523287028
68.20743258,1.939786480499561,-2.3732581336431315,0.03770906278888977
68.21218732,2.055638894065968,-2.0881894058556787,0.05347372192768974
68.21694206,2.174917296265156,-1.8020799056182155,0.07389868015498616
68.22169686,2.2981135650968776,-1.5203672535947048,0.09823704074202137
68.2264516,2.4255901707618137,-1.2482593690897914,0.1256133650560421
68.23120633,2.5575473259951993,-0.9906268832921136,0.15504695693386064
68.23596113,2.693991882351652,-0.7519052337187695,0.18547906451418164
68.24071587,2.834708723426025,-0.5360085445180257,0.2158033418382082
68.24547061,2.9792354012952904,-0.3462570233803134,0.24489874327382016
68.2502254,3.1268407528236573,-0.18531920367915372,0.2716638754242501
68.25498014,3.276508217871793,-0.0551699446045728,0.29505171571796585
68.25973488,3.4269245609854964,0.04293531370490861,0.3141035336421829
68.26448967,3.576474669646651,0.10846994627598563,0.32798082398118444
68.26924441,3.723243061957316,0.1416294768302384,0.33599408117061275
68.27399915,3.8650226798302745,0.14330948181790748,0.3376273081094958
68.27875394,3.9993314653344973,0.11506900368083907,0.332557261936193
68.28350868,4.1234371136188175,0.05908067093639402,0.3206665971413051
68.28826342,4.234390263065812,-0.021931066732002475,0.30205027663514233
68.29301821,4.3290662208573245,-0.12476201532949302,0.2770148823641952
68.29777295,4.404215130551751,-0.24580892741441845,0.24607075840512613
68.30252774,4.456520269947266,-0.3811570160596011,0.2099172419835109
68.30728248,4.482663925913538,-0.5266724300966378,0.16942155624494473
68.31203722,4.479400031166634,-0.6780977694035607,0.1255922254088231
68.31679196,4.443632467994057,-0.8311486624731284,0.07954810312082725
68.32154675,4.372497647375974,-0.981609372568097,0.03248426034912508
68.32630149,4.26344966356627,-1.1254253504109064,-0.014363947484477602
68.33105623,4.114346016157682,-1.2587906263290354,-0.05975731999449372
68.33581102,3.9235316070308115,-1.3782279536814528,-0.10248851709031995
68.34056576,3.689918492088191,-1.4806596984112104,-0.1414159141194768
68.34532055,3.4130587348009143,-1.563467632098352,-0.17549464786830615
68.35007529,3.09320770031119,-1.6245400360016098,-0.20380406199115367
68.35483003,2.7313752589045848,-1.6623048613744686,-0.2255709220493541
68.35958482,2.32936263249631,-1.675748109455593,-0.2401879192591407
68.36433956,1.8897830005184557,-1.6644170786595482,-0.247227121645352
68.3690943,1.416064456386392,-1.6284086554336392,-0.24644816928149865
68.37384904,0.9124344401259996,-1.5683433712281525,-0.23780115197567592
68.37860383,0.38388533009971193,-1.4853264783049245,-0.22142425258301993
68.38335857,-0.16387857930851785,-1.3808977773065347,-0.19763638131884353
68.38811337,-0.7245119859629215,-1.256972328293666,-0.16692515858517287
68.3928681,-1.291116203463383,-1.1157744706184445,-0.12993072107461223
68.39762284,-1.8563419463132533,-0.9597677521053685,-0.08742592812595565
68.40237764,-2.412505392170458,-0.7915834213263737,-0.04029363549359377
68.40713238,-2.951715347899202,-0.6139500731717387,0.010498215644331768
68.41188712,-3.4660090953468967,-0.4296268678859123,0.06392287675959775
68.41664191,-3.947494282247163,-0.24134248124190652,0.11892156662276722
68.42139665,-4.388494060811351,-0.05174160463516415,0.1744298461357561
68.42615139,-4.781692569592239,0.13665958455094007,0.2294027088660435
68.43090613,-5.12027780751984,0.32150800343820357,0.28283756142135313
68.43566092,-5.398078961420796,0.5006377850291535,0.33379437782381455
68.44041566,-5.609695314832616,0.6720839112611385,0.3814124719617189
68.44517045,-5.750613981481849,0.8340858044742516,0.4249235330340549
68.44992519,-5.817313869228249,0.9850817766745161,0.4636607948399726
68.45467993,-5.807353490644793,1.1236956457688414,0.49706444093060625
68.45943472,-5.719440497330551,1.2487171755710533,0.5246835634255066
68.46418946,-5.553481128506535,1.3590782642244066,0.5461751748464003
68.4689442,-5.31060813037107,1.4538269793089575,0.5613009042238812
68.47369899,-4.9931861188473805,1.532101607089966,0.5699220801653471
68.47845373,-4.6047938204320635,1.593106842643853,0.5719939089783765
68.48320847,-4.150183126652149,1.6360940966185473,0.5675593955881943
68.48796326,-3.6352154250861606,1.660347638633851,0.5567435356241054
68.492718,-3.0667762055114554,1.6651779488857419,0.5397481421273956
68.49747274,-2.4526694599750125,1.6499232269538946,0.5168474789866281
68.50222753,-1.8014938765834816,1.6139595335072787,0.4883846780405363
68.50698227,-1.1225032495170573,1.5567195418125817,0.45476874107904314
68.51173701,-0.42545388003031587,1.4777193760472631,0.41647179262771455
68.5164918,0.27955798194072035,1.3765925347693635,0.37402616968432867
68.52124654,0.982265413490396,1.2531294613258779,0.32802091709059483
68.52600128,1.6724034645829118,1.1073209483762143,0.2790972985348368
68.53075607,2.339881812851269,0.9394032692766671,0.2279430213218869
68.53551081,2.974954142311817,0.7499027292247481,0.17528499162635328
68.54026555,3.568381116471285,0.5396772324000094,0.12188054988197981
68.54502034,4.1115840272912365,0.30995247041692087,0.06850726985057774
68.54977508,4.596786432799306,0.062350450420099054,0.015951527504677144
68.55452982,5.017141312941788,-0.201091705872568,-0.03500385702675632
68.55928462,5.366841458924258,-0.4779144529662997,-0.083592545034557
68.56403936,5.641210980478279,-0.765241366804474,-0.12907780773907748
68.5687941,5.836776011810838,-1.0597984343703406,-0.17076553545850673
68.57354889,5.95131297507755,-1.3579474394490376,-0.20801687631806978
68.57830363,5.983873163087981,-1.6557332151895137,-0.24026032641732872
68.58305842,5.934782945784877,-1.9489439368043857,-0.26700314223585375
68.58781316,5.805619569356876,-2.2331830468937888,-0.2878419526332552
68.5925679,5.599163253014071,-2.503950877854423,-0.3024724080733373
68.59732269,5.3193270253105895,-2.756733596059575,-0.3106976330741568
68.60207743,4.97106640408272,-2.9870967698622897,-0.312435173048199
68.60683217,4.560271553088633,-3.1907806766214746,-0.30772207846326405
68.61158696,4.093644916738124,-3.3637944198804495,-0.29671776618548634
68.6163417,3.5785675445151917,-3.502506021886652,-0.2797043433950553
68.62109644,3.022957389459408,-3.603725873737222,-0.2570841645433719
68.62585123,2.4351228257772557,-3.664781242458306,-0.22937449998422993
68.63060597,1.823614501984582,-3.683579922938111,-0.19719930891234802
68.63536071,1.197078446697827,-3.6586615520942845,-0.16127821721195493
68.6401155,0.5641130913249901,-3.5892355432664735,-0.12241289765022415
68.64487024,-0.06686741523799514,-3.4752050256635205,-0.08147113335795879
68.64962498,-0.6877615328947976,-3.317176568947294,-0.03936891264660877
68.65437977,-1.2908985420795298,-3.1164558259543496,0.002949049339601951
68.65913451,-1.8691451880322298,-2.8750295319307657,0.044529938437249374
68.66388925,-2.415999590465948,-2.5955345551522115,0.084434179871265
68.66864404,-2.925671516123976,-2.281214902900558,0.1217570364289325
68.67339878,-3.3931483535936016,-1.9358677523696275,0.15564999827467876
68.67815352,-3.8142463479916406,-1.56377970418797,0.18534147011784283
68.68290831,-4.1856468473391315,-1.169654554088445,0.2101562287318128
68.68766305,-4.504917483844238,-0.7585339530210996,0.22953309119018214
68.69241779,-4.770518366437441,-0.33571238420886623,0.24304021042737334
68.69717258,-4.981793503699817,0.09335206699475078,0.2503874092480549
68.70192732,-5.138947818580027,0.5231296333539274,0.2514349861071206
68.70668206,-5.243010267399609,0.9481119208324243,0.24619848492512866
68.71143686,-5.295783742708089,1.3629045074790473,0.23484902438183508
68.7161916,-5.299782626224318,1.7623174640979438,0.21770893290147028
68.72094639,-5.258159064168037,2.1414521537330633,0.19524263017488308
68.72570113,-5.174619258694516,2.495782663644003,0.16804292207500934
68.73045587,-5.053331298127983,2.8212302467116093,0.13681311288100878
68.73521066,-4.898826274113394,3.1142292085927634,0.1023455620907684
68.7399654,-4.715894642242133,3.3717827810921115,0.06549749858348534
68.74472014,-4.509479960022651,3.5915076772885866,0.02716503379212706
68.74947493,-4.284572268748693,3.7716662324638297,-0.011743621998077923
68.75422967,-4.046103461675313,3.911185295423025,-0.05033474005034492
68.75898441,-3.7988469895840224,4.009661342067216,-0.08775451161521688
68.7637392,-3.5473241886591267,4.067351627827085,-0.12321251026175682
68.76849394,-3.2957193710933272,4.085151565035928,-0.15600247534191392
68.77324868,-3.0478055981187615,4.064558890332853,-0.18551985788776035
68.77800347,-2.8068827666306158,4.007625559523512,-0.2112757160007787
68.78275821,-2.5757292975911272,3.91689865700394,-0.23290668614413065
68.78751295,-2.3565683321760416,3.795351919408978,-0.2501808841056886
68.79226774,-2.1510489344943102,3.646309736571262,-0.2629997021888625
68.79702248,-1.9602423806680147,3.4733656977686422,-0.27139556854579777
68.80177722,-1.7846531959859668,3.28029789037075,-0.2755258251635404
68.80653201,-1.6242441987667662,3.0709832259521597,-0.2756629694570959
68.81128675,-1.4784744367681852,2.8493130622131164,-0.2721815963522755
68.81604154,-1.3463485746097057,2.61911230661003,-0.2655424746139303
68.82079628,-1.226476021438031,2.3840640316926582,-0.25627428873352864
68.82555102,-1.117137885414683,2.1476414088164195,-0.24495366736395258
68.83030576,-1.0163597093058787,1.9130484857940033,-0.23218419136995208
68.83506055,-0.9219878789366388,1.6831710076710686,-0.21857512080747002
68.83981529,-0.8317675988850013,1.460538122719053,-0.2047205948983554
68.84457008,-0.7434203890656903,1.2472954439068222,-0.19118003966377506
68.84932482,-0.6547191603877555,1.0451895662186337,-0.17846046513776534
68.85407956,-0.5635590648325324,0.8555637886682154,-0.16700125258179982
68.85883436,-0.46802247331257274,0.6793644716824428,-0.15716192923079192
68.8635891,-0.3664366049449026,0.517157187651781,-0.1492133114321164
68.86834383,-0.2574225108001353,0.36915160211351705,-0.14333227165432313
68.87309863,-0.13993430724622113,0.23523385642900957,-0.13960025219716252
68.87785337,-0.013287766981752458,0.11500510519291571,-0.13800550774024478
68.8826081,0.12282238154561517,0.007824784733109378,-0.13844890980466593
68.8873629,0.26831681877760516,-0.08714285495799282,-0.14075299164935076
68.89211764,0.42273772563509454,-0.17088043813274598,-0.14467376017806785
68.89687238,0.5852663301231706,-0.24446884181415562,-0.14991466580465168
68.90162717,0.7547512885865983,-0.30903969270406495,-0.1561420188192716
68.90638191,0.9297469337873402,-0.365730333945591,-0.16300108668561383
68.9111367,1.1085600920440326,-0.41564250234888905,-0.17013210886698385
68.91589144,1.2893038770505663,-0.4598058122289232,-0.1771855225375729
68.92064618,1.4699566262514416,-0.49914696709369377,-0.18383579347860868
68.92540097,1.6484239718396994,-0.5344654197716919,-0.18979337573402666
68.93015571,1.8226019424326458,-0.5664159805367214,-0.19481446364142643
68.93491045,1.9904389764949209,-0.5954986368046356,-0.19870833470440075
68.93966524,2.1499947920585396,-0.6220556028844545,-0.20134219986312724
68.94441998,2.299494193415761,-0.6462753711387047,-0.20264357357126694
68.94917472,2.4373740971752826,-0.6682032953680903,-0.20260025006649926
68.95392951,2.5623223193463183,-0.6877580130644277,-0.20125802866161865
68.95868425,2.673306972245392,-0.7047528154507,-0.19871637591697286
68.96343899,2.769595663429534,-0.7189209121252346,-0.19512225226565905
68.96819378,2.8507640558345493,-0.729943417822947,-0.1906623691278257
68.97294852,2.9166937260009957,-0.7374788170708064,-0.18555418009726962
68.97770326,2.9675596333996626,-0.7411926408714334,-0.18003594283681396
68.98245805,3.0038078770397596,-0.7407861183228611,-0.17435621144598418
68.98721279,3.026124755559104,-0.7360226431954686,-0.16876312796028584
68.99196758,3.0353984545192643,-0.7267510164744526,-0.16349387513590138
68.99672232,3.0326749499961116,-0.7129245843590905,-0.15876463273789093
69.00147706,3.0191099297981108,-0.6946155794880147,-0.15476134964814964
69.00623186,2.995918681212304,-0.6720241826318095,-0.15163160732572636
69.0109866,2.9643259672593962,-0.6454820435843638,-0.14947780844937403
69.01574133,2.9255179060858616,-0.6154502240812517,-0.14835187926137816
69.02049613,2.880597778804997,-0.582511743042501,-0.1482516267594994
69.02525087,2.8305475220595926,-0.5473591067172529,-0.14911884487401436
69.0300056,2.77619641819309,-0.5107773858830521,-0.15083922025049945
69.0347604,2.7181981867158185,-0.4736235527717756,-0.15324405079217165
69.03951514,2.65701731772321,-0.43680290680808587,-0.15611375903951358
69.04426988,2.5929250862892,-0.40124349714431023,-0.15918315523956925
69.04902467,2.526005263988949,-0.36786948985443996,-0.16214837696361725
69.05377941,2.456169117716633,-0.3375744288742452,-0.16467539836927148
69.05853415,2.383178874912318,-0.31119530435204346,-0.16640995900408198
69.06328894,2.3066784560852596,-0.2894882733293109,-0.16698870824105685
69.06804368,2.2262299478935703,-0.2731067797605262,-0.16605129895923512
69.07279842,2.141354030402185,-0.2625826984254251,-0.16325309825666162
69.07755321,2.051572396577073,-0.2583109854894842,-0.15827812212853762
69.08230795,1.9564501235028564,-0.26053816352170234,-0.1508517546460539
69.08706274,1.8556359802702402,-0.269354807863978,-0.14075278753478862
69.09181748,1.7488987854717877,-0.2846920420474495,-0.1278243150470313
69.09657222,1.636158146635226,-0.3063219001812553,-0.11198303767697632
69.10132701,1.5175082054624676,-0.3338612813152122,-0.09322656037958016
69.10608175,1.3932333531300325,-0.366779111300539,-0.07163831318433933
69.11083649,1.2638152468451256,-0.4044062467698109,-0.0473897762313799
69.11559128,1.129930834533963,-0.4459476068145469,-0.020739762101072392
69.12034602,0.9924414659280612,-0.4904960020193323,0.00796940028983121
69.12510076,0.8523735250285319,-0.53704714663319,0.03831882358403852
69.12985555,0.7108913510228522,-0.5845153842795655,0.06982307491589239
69.13461029,0.5692635119302699,-0.6317497252825451,0.10194301543690752
69.13936508,0.4288237475455271,-0.6775498779619447,0.13410109347021443
69.14411982,0.2909280968956968,-0.7206820502580966,0.16569858184804562
69.14887456,0.15690986389092787,-0.7598943948119835,0.19613413335982272
69.15362936,0.028034149453826047,-0.7939320633835416,0.2248229423644978
69.1583841,-0.0945463118177189,-0.8215519191694416,0.2512157535665451
69.16313883,-0.20983232664537693,-0.841537023276905,0.2748169545923906
69.16789363,-0.31701486230388126,-0.8527110607773598,0.2952010268602341
69.17264837,-0.41550571811544584,-0.8539529000387966,0.31202670561648355
69.17740311,-0.5049610867277623,-0.8442114849768283,0.3250483091425215
69.1821579,-0.5852971188454047,-0.8225212429750091,0.334123831219961
69.18691264,-0.6566969177713735,-0.7880181521521469,0.33921953992683707
69.19166738,-0.7196087262086146,-0.7399565521782655,0.3404109782670551
69.19642217,-0.774735410742476,-0.6777267055766001,0.3378804069653905
69.20117691,-0.8230156795295769,-0.6008730245321818,0.33191085808516985
69.20593165,-0.8655977643870165,-0.5091127751887985,0.32287707436821467
69.21068644,-0.9038065392439139,-0.4023549611485067,0.3112336915871791
69.21544118,-0.9391052175864154,-0.28071897455851896,0.2975010812725365
69.22019597,-0.973052866152952,-0.14455249123876082,0.2822493125132269
69.22495071,-1.007258995830041,0.005552019071483977,0.26608071863358773
69.22970545,-1.043336458310577,0.16874288858721112,0.24961157220591898
69.23446024,-1.0828538095114792,0.34389774587332333,0.2334533843893886
69.23921498,-1.1272882201502368,0.5296157421530601,0.2181943546889325
69.24396972,-1.1779799386656504,0.7242143454270861,0.20438150506486338
69.24872451,-1.2360892526458738,0.9257314966810534,0.19250403519323647
69.25347925,-1.3025568539336163,1.1319338350651653,0.18297842792474686
69.25823399,-1.378068483950932,1.3403315682156818,0.17613580760753741
69.26298878,-1.463024709438116,1.5482003954423116,0.172212000892402
69.26774352,-1.557516643312702,1.7526106926965865,0.1713406654178016
69.27249831,-1.6613083702738685,1.9504639471484049,0.17354973791491657
69.27725305,-1.7738267541357435,2.1385361941195122,0.1787613173692896
69.28200779,-1.8941591891190153,2.313527968548069,0.18679495267853824
69.28676258,-2.0210597096326732,2.4721200460010104,0.19737416129753282
69.29151732,-2.1529636948471884,2.611034023753229,0.2101358788341415
69.29627206,-2.2880112002932735,2.7270965894802917,0.22464244019563268
69.30102686,-2.424078724973715,2.8173061511909108,0.24039562663299793
69.3057816,-2.558818986196665,2.878900362769052,0.25685227867900196
69.31053633,-2.6897080333025603,2.9094229785250083,0.27344096390449063
69.31529113,-2.814098793626283,2.906788409243535,0.2895791883260162
69.32004587,-2.929279917099705,2.8693423316763487,0.3046906414566468
69.32480066,-3.032538576968451,2.795916722827496,0.3182219649724703
69.3295554,-3.1212256998238876,2.685877749206923,0.3296585392241815
69.33431014,-3.1928219453304165,2.5391650389302978,0.33853880036921935
69.33906493,-3.2450026421970506,2.356321000137106,0.3444666428527312
69.34381967,-3.2756998204307264,2.1385090210859268,0.34712153053250033
69.34857441,-3.2831594692330555,1.887519593535892,0.34626603036358905
69.3533292,-3.265992202759352,1.6057636395719872,0.3417505851324231
69.35808394,-3.22321563814724,1.2962525904320825,0.3335154452140912
69.36283868,-3.154286984668275,0.9625650610289551,0.32158977597125954
69.36759347,-3.0591246085630472,0.6088002818968786,0.30608804457403904
69.37234821,-2.9381176688276165,0.23951878638923224,0.28720386869846243
69.377103,-2.792123302211137,-0.14032880165369227,0.2652015805323687
69.38185774,-2.6224512518132803,-0.5254836854856564,0.24040581972170566
69.38661248,-2.430836259386983,-0.9104699856294688,0.2131895113094877
69.39136727,-2.2193989522981057,-1.289693155980044,0.18396060319781113
69.39612201,-1.9905963298088536,-1.657543602892212,0.1531479343067428
69.40087675,-1.7471632714696634,-2.008503158185394,0.12118659399372843
69.40563154,-1.492046739602065,-2.3372518926845207,0.08850313833214674
69.41038628,-1.2283345229176146,-2.638772665164568,0.05550106845428304
69.41514107,-0.9591804753598979,-2.9084507911976902,0.022547051593741173
69.41989581,-0.6877282597822171,-3.1421662932375796,-0.010041545823446652
69.42465055,-0.4170356300637382,-3.3363763596376628,-0.0420071816452327
69.42940534,-0.15000129272118692,-3.4881858944365733,-0.0731600926228518
69.43416008,0.11070361417256508,-3.5954043744011073,-0.10338315454568683
69.43891482,0.3626974036919144,-3.6565876306638727,-0.13263331545175414
69.44366962,0.6039411036145449,-3.6710636180090366,-0.16093952911591553
69.44842436,0.8327812011963988,-3.638941700003347,-0.18839739438327394
69.4531791,1.04798011525135,-3.5611054381382767,-0.21516094583107934
69.45793389,1.2487328779472293,-3.439189308861869,-0.24143219162378848
69.46268863,1.4346688565273213,-3.2755401722749395,-0.26744902808212917
69.46744337,1.6058378130800115,-3.073164675198071,-0.29347208627084626
69.47219816,1.7626801815753286,-2.8356640879438335,-0.31977092703748855
69.4769529,1.905982113016484,-2.5671583484043787,-0.3466098589299335
69.48170769,2.0368165631418,-2.272201318056266,-0.37423356489804877
69.48646243,2.1564724174532954,-1.9556894383197045,-0.4028527194184681
69.49121717,2.266374298070783,-1.62276610441201,-0.43262985259382636
69.49597196,2.367996211005341,-1.2787241366268751,-0.46366583699753766
69.5007267,2.4627725268712743,-0.9289087161235109,-0.4959874902219604
69.50548144,2.5520099288573967,-0.5786230589849298,-0.5295368620293415
69.51023623,2.6368039191863906,-0.2330389297089865,-0.5641627870650343
69.51499097,2.717963271017098,0.10288615061831397,-0.5996152269245615
69.51974571,2.795945471307151,0.4244834560832248,-0.6355428081823183
69.5245005,2.870805747117013,0.727438183213068,-0.67149380600267
69.52925524,2.942161731182583,1.00784436441714,-0.7069206523219134
69.53401003,3.0091752328610286,1.2622491867512844,-0.7411878884867046
69.53876477,3.0705519682493816,1.487686733952922,-0.773583351910864
69.54351951,3.124559494651927,1.6817015349723496,-0.8033322902144783
69.5482743,3.169063008549769,1.8423626110445106,-0.8296140292414306
69.55302904,3.201578114327661,1.9682689457692162,-0.8515807729616387
69.55778378,3.219339160490692,2.0585474446028904,-0.8683780745833057
69.56253857,3.2193812782679876,2.112844496004806,-0.8791664854190943
69.56729331,3.1986338543583854,2.131312200243642,-0.8831438619772474
69.57204811,3.1540228368509786,2.1145902064779394,-0.879567794657603
69.57680284,3.0825790209612727,2.063783914266754,-0.8677776143017296
69.58155758,2.9815492944723245,1.9804395771790844,-0.8472154347347084
69.58631238,2.848507742191324,1.866516620631422,-0.8174456986650492
69.59106712,2.681463511182068,1.724357278771747,-0.7781727099469254
69.59582186,2.47896241757454,1.5566534864539499,-0.7292556575222668
69.60057665,2.2401794206814127,1.366410845649245,-0.6707206659449619
69.60533139,1.9649992845690447,1.1569094280136243,-0.6027694439238496
69.61008613,1.654082969844174,0.9316611790281653,-0.5257841447558077
69.61484092,1.3089175288588737,0.6943637536246952,-0.4403281019284302
69.61959566,0.9318475058320754,0.4488507358736607,-0.34714216691284316
69.62435045,0.526086077494876,0.1990383707166492,-0.24713646940508885
69.62910519,0.09570443679171743,-0.05113084544281722,-0.14137756109700733
69.63385993,-0.3544017385652715,-0.2977471201495904,-0.031071102164283035
69.63861472,-0.8185694410074813,-0.536994012035837,0.08245950567023315
69.64336946,-1.2904492390825482,-0.765209668196676,0.1977978790605952
69.6481242,-1.7631093583137276,-0.9789473397806778,0.31346192563274106
69.65287899,-2.2291615658121953,-1.1750337136090152,0.42793261009247513
69.65763373,-2.680906644699874,-1.3506235264449742,0.5396831615597175
69.66238852,-3.110496398933965,-1.5032489459328335,0.6472077422461896
69.66714326,-3.5101083262689,-1.6308623064378496,0.7490487551875604
69.671898,-3.872128383745861,-1.7318709664473342,0.8438221802273328
69.67665279,-4.189336693323852,-1.8051632873075556,0.9302405586832206
69.68140753,-4.455090636762085,-1.8501250001865646,1.007133466020264
69.68616227,-4.6634995998580395,-1.8666455122146126,1.0734654913877204
69.69091706,-4.809585666250552,-1.8551139919137398,1.1283518635960013
69.6956718,-4.88942483951564,-1.8164053602917776,1.1710719148759146
69.7004266,-4.900263888852534,-1.7518565911247632,1.2010805559976032
69.70518133,-4.840608657686209,-1.6632339864086134,1.218017856720703
69.70993607,-4.710280623726814,-1.5526923353858366,1.2217166981686591
69.71469087,-4.510439616361096,-1.4227270821931657,1.2122083082094426
69.7194456,-4.243571826873603,-1.276120810889165,1.1897253335754843
69.72420034,-3.9134435143066266,-1.1158854984785143,1.154701976724894
69.72895514,-3.5250220309569857,-0.9452020767139591,1.107770666972266
69.73370988,-3.0843668913279925,-0.7673588729736877,1.049754770418937
69.73846467,-2.598494535582228,-0.5856904632384544,0.9816569771450682
69.74321941,-2.0752211690806837,-0.4035183646848117,0.9046432191479685
69.74797415,-1.522988588218903,-0.224094826680609,0.8200222346785699
69.75272894,-0.9506782325348155,-0.050550759179799974,0.7292211645653809
69.75748368,-0.36741883934444525,0.11415141528249305,0.6337578073626171
69.76223842,0.21760697262847384,0.26725946441612247,0.5352103441822136
69.76699321,0.7953520875543562,0.40626733741298715,0.43518545394206926
69.77174795,1.3570855180146533,0.5289454051032081,0.33528577324832765
69.77650274,1.894560045187206,0.6333650939349096,0.23707762472127292
69.78125748,2.4001632369454233,0.7179181922319348,0.14205986511154944
69.78601222,2.86704885328575,0.7813311880426013,0.051634612178333456
69.79076701,3.289246324095618,0.8226750300319494,-0.032919488113249545
69.79552175,3.6617466704376045,0.841370694371369,-0.11047088939645568
69.80027649,3.9805639242830058,0.8371909016198277,-0.18005519958498672
69.80503128,4.242771772080916,0.8102582687245552,-0.2408912911109973
69.80978602,4.4465157929020505,0.7610401120293977,-0.2923931901946862
69.81454081,4.591002267902369,0.6903400450935095,-0.33417755706503177
69.81929555,4.676465087619608,0.5992864456862448,-0.3660666477847945
69.82405029,4.704112759452191,0.489317804008512,-0.38808671759409336
69.82880508,4.676057904834548,0.36216491354775804,-0.400461889761962
69.83355982,4.595231925864381,0.21982983188310906,-0.40360357973850697
69.83831456,4.465287713664559,0.06456152587389367,-0.39809563928928904
69.84306936,4.2904933704026,-0.10117187238019572,-0.38467547498320104
69.8478241,4.075619931055663,-0.2747142337611325,-0.36421150241401773
69.85257889,3.8258260072682435,-0.45325599456374804,-0.3376774203209931
69.85733363,3.5465421408506526,-0.6338719947628998,-0.3061239215773436
69.86208837,3.243357455212001,-0.8135623665517868,-0.2706485913896725
69.86684316,2.9219109365965545,-0.9892961274355924,-0.2323648649246397
69.8715979,2.5877893719953544,-1.158057005316374,-0.19237101368382345
69.87635264,2.2464336272076753,-1.316890895638996,-0.15172018949047192
69.88110743,1.9030545786421922,-1.46295422885896,-0.11139256630622982
69.88586217,1.5625596298742512,-1.593562416569123,-0.07227057622810364
69.89061696,1.229490364197226,-1.70623745307217,-0.03511813457423056
69.8953717,0.9079715237735346,-1.7987536816903191,-0.0005645931155934424
69.90012644,0.6016711803604047,-1.8691806955635692,0.030906040600893796
69.90488123,0.3137716857046788,-1.915922333186881,0.058960311480087055
69.90963597,0.04695077187269351,-1.9377507502392608,0.08341488981460557
69.91439071,-0.1966279807800867,-1.9338346010070566,0.10423068291041183
69.9191455,-0.4153161758242184,-1.9037604435205147,0.1215018751380524
69.92390024,-0.6079740229390134,-1.8475465906189337,0.13544047300735604
69.92865503,-0.7739570077386182,-1.765648763308859,0.14635708722037524
69.93340977,-0.9130965959707024,-1.6589570628897214,0.15463880653225204
69.93816451,-1.025675667945887,-1.5287839650035981,0.16072510655308528
69.9429193,-1.1123992875415318,-1.3768432519137197,0.16508278693774847
69.94767404,-1.1743613340392858,-1.2052200364037287,0.16818093976650458
69.95242883,-1.2130074748341235,-1.016332285609388,0.17046691990595506
69.95718357,-1.2300949369616667,-0.8128845159592667,0.17234421781459508
69.96193831,-1.2276495442311681,-0.5978145884347447,0.17415303248958328
69.9666931,-1.2079205187460567,-0.3742347727515839,0.1761542143194571
69.97144784,-1.173333591631193,-0.14536845714181978,0.17851710191479925
69.97620258,-1.1264430175702267,0.08551595285103816,0.18131162017592015
69.98095738,-1.0698831322000515,0.3151722848509882,0.18450484431614814
69.98571212,-1.0063201240166528,0.5404432726193419,0.18796207027538342
69.99046691,-0.9384047095004869,0.7583249161161175,0.1914522687655187
69.99522165,-0.8687264004863501,0.9660268428655565,0.19465764087495335
69.99997639,-0.799770037526739,1.1610270924029396,0.19718684211616208
70.00473118,-0.7338752351985008,1.3411199079311595,0.19859130567829628
70.00948592,-0.6731993488223147,1.504455329858334,0.19838398209974006
70.01424066,-0.6196845294982183,1.6495696348902493,0.19605972830055246
70.01899545,-0.5750293851953036,1.775405940342194,0.19111652858785916
70.02375019,-0.5406657060147628,1.8813245850393374,0.1830767161115451
70.02850498,-0.5177406360953741,1.9671031958373424,0.1715073842358084
70.03325972,-0.5071045780150012,2.0329266443239353,0.15603922846117788
70.03801446,-0.5093049957918431,2.079367384564325,0.13638313403557503
70.04276925,-0.5245861418539308,2.107356932834952,0.1123439176252877
70.04752399,-0.5528945786317612,2.1181494965304384,0.08383074328972578
70.05227873,-0.5938902074716276,2.1132789732179353,0.050863865549012004
70.05703352,-0.6469623683041167,2.0945107126247495,0.013577504874116138
70.06178826,-0.7112504435868705,2.063789554603644,-0.027781172765821056
70.06654305,-0.7856682974067143,2.0231857171713954,-0.07285683166247808
70.07129779,-0.8689318101066933,1.974840107058328,-0.12119419830093871
70.07605253,-0.9595887326951965,1.9209105624632363,-0.17224931474412306
70.08080732,-1.0560500843127112,1.8635204198671478,-0.22540327514115951
70.08556206,-1.1566223493768546,1.804710632524108,-0.2799778395261248
70.0903168,-1.2595397953296847,1.7463964676312307,-0.3352522867575805
70.0950716,-1.3629963201957074,1.6903295830510485,-0.3904808670307262
70.09982633,-1.4651763405809803,1.6380660449525524,-0.4449102387924285
70.10458113,-1.564284331975608,1.5909406086634093,-0.4977963214050762
70.10933587,-1.6585727226713847,1.550047361230352,-0.548420061765576
70.1140906,-1.7463679155157368,1.5162266295942401,-0.5961016990654018
70.1188454,-1.8260942707642653,1.4900579034203265,-0.6402132138802418
70.12360014,-1.8962959330093814,1.4718584115878806,-0.6801887590880354
70.12835493,-1.9556564261241425,1.4616869247808437,-0.7155329805908376
70.13310967,-2.0030159691577207,1.4593523259437187,-0.7458272339726596
70.13786441,-2.0373864812301843,1.4644264836918863,-0.7707337793914752
70.1426192,-2.057964247581997,1.4762609684338128,-0.7899980865212712
70.14737394,-2.0641402179431627,1.4940071573888385,-0.8034494062244196
70.15212873,-2.055507906489701,1.5166392787359653,-0.8109997731131718
70.15688347,-2.031868859358389,1.542979947838573,-0.8126416019492175
70.16163821,-1.9932356470092047,1.5717277533071674,-0.8084440376290757
70.166393,-1.9398323214071602,1.6014864597663243,-0.7985482172367415
70.17114774,-1.8720922534420523,1.6307954060040355,-0.7831616052472917
70.17590248,-1.7906532409498161,1.658160686671793,-0.7625515693268266
70.18065727,-1.6963497616998342,1.6820867071832124,-0.7370383716715958
70.18541201,-1.590202247800749,1.701107691689385,-0.706987755721992
70.1901668,-1.4734032842249862,1.7138187035902008,-0.6728033084068591
70.19492154,-1.347300686478738,1.7189057108172892,-0.6349187746182744
70.19967628,-1.213377488675127,1.71517419967772,-0.5937904945834731
70.20443107,-1.0732289684885903,1.7015758173152153,-0.5498901250367876
70.20918581,-0.9285369440894645,1.6772325092390723,-0.5036977884454145
70.2139406,-0.7810416951897974,1.641457619245647,-0.4556957686264608
70.21869534,-0.6325119806942806,1.5937734373145647,-0.4063628360309624
70.22345008,-0.48471374220888647,1.5339247179168378,-0.35616924382940585
70.22820488,-0.33937818650534746,1.461887746271586,-0.3055723899699953
70.23295962,-0.19817002114166646,1.3778746020352133,-0.25501309534044947
70.23771441,-0.06265666830392631,1.282332356959536,-0.2049124100056442
70.24246915,0.06572070117435841,1.17593704359719,-0.15566883359427663
70.24722389,0.18567348973846132,1.0595823446617971,-0.10765582539048771
70.25197868,0.29608858032136937,0.9343630753879453,-0.061219485024025536
70.25673342,0.39604714632877375,0.8015536617622129,-0.016676303644357755
70.26148816,0.48483880312977123,0.6625819527337968,0.025689086742945483
70.26624295,0.5619706893151336,0.5189988409005019,0.06562620756953674
70.27099769,0.6271712364232347,0.37244429963032916,0.10292108432791762
70.27575248,0.6803885684734238,0.22461057031929962,0.13739863867653296
70.28050722,0.7217836582719411,0.07720334601905976,0.16892507841766422
70.28526196,0.7517185464368791,-0.06809810860791925,0.19741020966286532
70.29001675,0.77074009176639,-0.20968089103334828,0.22280956087723472
70.29477149,0.779559859515421,-0.34603739554963164,0.24512617431015812
70.29952628,0.779030861696228,-0.4758021824203364,0.2644118901723859
70.30428102,0.770121938427361,-0.597785730816904,0.2807679267192701
70.30903576,0.7538906118280794,-0.7110040700141645,0.29434454988005887
70.31379055,0.7314552549506735,-0.8147033576766812,0.3053396342303611
70.31854529,0.7039673985621256,-0.9083785774977793,0.31399594637421535
70.32330008,0.672584949316966,-0.9917856601971883,0.3205970324376596
70.32805482,0.6384470166083154,-1.0649464898830046,0.3254616602034646
70.33280956,0.6026509472330862,-1.1281464384377635,0.32893684777351717
70.33756436,0.5662320543742596,-1.181924269033157,0.33138959750257924
70.3423191,0.5301464087047348,-1.227054460430121,0.3331975385676403
70.34707389,0.49525694245695745,-1.2645222202880273,0.33473875601022574
70.35182863,0.46232300809219506,-1.2954916722863596,0.33638114150443915
70.35658337,0.4319934352114326,-1.3212679129897913,0.338471637166088
70.36133816,0.40480304302530823,-1.3432538351907528,0.34132575725379405
70.3660929,0.38117248854311553,-1.3629028004350994,0.3452177640014164
70.37084769,0.36141125832261567,-1.381668410242904,0.3503718431201101
70.37560243,0.34572354022928153,-1.400952768719696,0.35695457207507403
70.38035717,0.3342166399566603,-1.4220547436352202,0.36506890355114835
70.38511196,0.3269115372041849,-1.4461198123445775,0.37474980569959576
70.3898667,0.3237551129833203,-1.4740931161658708,0.3859616209179928
70.39462144,0.32463352854521266,-1.5066773352492409,0.39859713694974913
70.39937623,0.3293862047125417,-1.5442969297937459,0.412478315920246
70.40413097,0.3378198442383391,-1.587070168517634,0.42735860151505006
70.40888576,0.34972196262489424,-1.6347901799445406,0.44292671900365405
70.4136405,0.364873443258893,-1.686916018543413,0.4588118897167218
70.41839524,0.38305970464338124,-1.7425744429216465,0.4745903914096975
70.42315003,0.40408015209225806,-1.800572768264266,0.48979339957958495
70.42790477,0.4277556744987986,-1.859422794054276,0.5039160348235636
70.43265956,0.4539340312823101,-1.9173754360196766,0.5164275134509949
70.4374143,0.4824930504757252,-1.9724653232066625,0.526782253916788
70.44216904,0.5133416244810753,-2.022564270743751,0.5344317381169846
70.44692383,0.546418546839545,-2.0654422180311838,0.5388368766469278
70.45167857,0.5816892846803996,-2.0988339407230985,0.5394805925998163
70.45643337,0.6191408298252363,-2.1205096116506628,0.5358803259798356
70.4611881,0.6587748170343312,-2.128347108822409,0.5276001705394943
70.46594284,0.7005991388238497,-2.1204038554080107,0.5142623819937142
70.47069764,0.7446183205602376,-2.094985933524198,0.4955580327166921
70.47545238,0.790822946502838,-2.0507122446774644,0.4712566227970935
70.48020717,0.8391784485596219,-1.9865715959010253,0.4412144813024169
70.48496191,0.8896135871319205,-1.9019707703011954,0.40538180009518243
70.48971665,0.94200896902361,-1.7967718898926983,0.3638081376231218
70.49447144,0.9961859609107362,-1.6713176907989478,0.3166462199422871
70.49922618,1.0518963676915292,-1.526443697077708,0.2641538625797614
70.50398097,1.1088132528800332,-1.3634766878851257,0.20669385130224693
70.50873571,1.1665232824874763,-1.1842192888880392,0.1447316595201221
70.51349045,1.2245209721779184,-0.9909209655551652,0.07883094438751227
70.51824524,1.2822052049746944,-0.7862361339289525,0.00964684453877711
70.52299998,1.3388783568227356,-0.573170513645478,-0.06208281263713951
70.52775477,1.3937483137053435,-0.3550172094645718,-0.13554820945987145
70.53250951,1.445933583517813,-0.1352843060588192,-0.2098798970367631
70.53726425,1.4944715999267735,0.08238401374968563,-0.2841625289887437
70.54201904,1.5383301902848834,0.29429066891827915,-0.35744966170336256
70.54677378,1.5764220451700979,0.4967709678674836,-0.4287793068382713
70.55152857,1.6076218947137966,0.6862777525448498,-0.4971899285982545
70.55628331,1.6307859780096134,0.8594642298419582,-0.5617365951994058
70.56103805,1.644773296878743,1.0132624378864201,-0.6215070178745342
70.56579284,1.6484680821495106,1.1449554561074,-0.6756372376144991
70.57054758,1.6408028738032552,1.2522416654017927,-0.7233267437778532
70.57530238,1.6207816255415852,1.3332895903581563,-0.7638528233628684
70.58005712,1.5875022842219526,1.386782102346691,-0.796583940518216
70.58481186,1.5401783559645428,1.411949024405296,-0.8209919317427342
70.58956665,1.478159042999278,1.4085874516300678,-0.8366627762566069
70.59432139,1.4009476092726203,1.3770693807731478,-0.8433056703742451
70.59907618,1.3082177016973469,1.3183365270331895,-0.8407601101963231
70.60383092,1.1998274130467663,1.2338824914235658,-0.8290006810740548
70.60858566,1.075830918917007,1.125722724512839,-0.8081392755209105
70.61334045,0.9364875540178403,0.9963530062150614,-0.7784245180895238
70.61809519,0.7822682141310309,0.848697419706648,-0.7402382630965372
70.62284998,0.613858983866759,0.6860470326342907,-0.694089139435244
70.62760472,0.4321619027149128,0.5119907027859505,-0.6406032332099819
70.63235946,0.2382927982346459,0.3303395917480074,-0.5805121107522934
70.63711425,0.03357613902853668,0.1450470943400604,-0.5146384817699593
70.64186899,-0.1804631076766398,-0.0398740281986816,-0.4438798796263839
70.64662378,-0.4021105899915944,-0.22043548723275624,-0.36919079249206677
70.65137852,-0.6294765905495483,-0.3927564606557948,-0.2915637175879859
70.65613331,-0.8605128432647203,-0.5531439715831181,-0.2120096332627899
70.66088805,-1.0930320045500324,-0.6981689660303078,-0.1315383911704376
70.66564279,-1.3247296099240438,-0.824736521328068,-0.05113952350913257
70.67039758,-1.5532083320397385,-0.9301487631833484,0.028236061156250034
70.67515232,-1.7760043512777421,-1.0121592392479515,0.1056930537699078
70.67990706,-1.990615651384982,-1.069017686228277,0.18040699648974298
70.68466186,-2.1945320540132607,-1.0995043323215001,0.25163746613842003
70.6894166,-2.3852667998416464,-1.1029530945376944,0.3187389035601354
70.69417139,-2.5603894630653583,-1.0792632591867939,0.3811688669770876
70.69892613,-2.7175599456366917,-1.02889947091793,0.4384935568449255
70.70368092,-2.854563236762604,-0.9528800974728804,0.4903905342356182
70.70843566,-2.969344544578467,-0.8527542788121948,0.5366486328500338
70.7131904,-3.060044316044767,-0.7305682048938038,0.5771651426488418
70.71794519,-3.1250325648057298,-0.58882139069059,0.6119404150587661
70.72269993,-3.1629418327499783,-0.43041392528688055,0.6410700995855623
70.72745472,-3.172698027640749,-0.2585858600428009,0.6647352651816654
70.73220946,-3.153548314550757,-0.07685006514227874,0.6831906867068717
70.7369642,-3.105085199916614,0.11107997936835917,0.6967515922548349
70.74171899,-3.027265939163051,0.3013658865496154,0.7057791800439541
70.74647373,-2.9204264256161467,0.49012191792901877,0.7106652336208332
70.75122852,-2.785288781694282,0.6734927181492321,0.7118161970023852
70.75598326,-2.6229619738176044,0.8477295649004037,0.709637116023304
70.76073805,-2.434934910475326,1.009263519785315,0.704515901269011
70.76549279,-2.223061658875858,1.1547739540623907,0.6968084112172175
70.77024753,-1.9895386293606425,1.2812510469724765,0.6868248816630033
70.77500232,-1.7368738255545926,1.3860510096966567,0.6748182317229554
70.77975706,-1.4678485345713588,1.4669429705735428,0.6609747533712652
70.7845118,-1.1854721221718743,1.5221466621490252,0.6454076393143363
70.7892666,-0.892930884775751,1.550360272398009,0.6281537245320064
70.79402133,-0.5935321746189038,1.550778055118433,0.6091737132286774
70.79877613,-0.2906452390465389,1.523097532479209,0.5883560388845741
70.80353087,0.012359613849027961,1.467516361373398,0.5655243638308882
70.80828566,0.31217180390187754,1.3847191707146442,0.5404485697316068
70.8130404,0.6055994670764506,1.2758549051213492,0.512858926760811
70.81779514,0.8896249286404057,1.142505426520155,0.4824629654838613
70.82254993,1.1614550619895163,0.9866463227815083,0.4489644229835428
70.82730467,1.4185651185269401,0.8106010446954708,0.41208350657999704
70.83205946,1.6587348583750863,0.6169896329018715,0.37157762643830833
70.8368142,1.8800761030739934,0.40867339941498076,0.3272617010357038
70.84156894,2.0810511557076423,0.188696990279575,0.2790271411497822
70.84632373,2.260481875976639,-0.0397707254315653,0.2268586685936545
70.85107847,2.417549540796422,-0.2734955199388631,0.17084822135055794
70.85583326,2.5517859462859396,-0.5092350711622574,0.1112053300488576
70.860588,2.663056495427894,-0.7437933806286013,0.04826351252174518
70.86534274,2.7515362513237647,-0.9740712406752082,-0.01751758804038227
70.87009753,2.8176801100270494,-1.1971118200966298,-0.08555441338366404
70.87485227,2.862188359623076,-1.4101406359836315,-0.1551459680023934
70.87960706,2.88596895100904,-1.610599396451824,-0.22548433047842917
70.8843618,2.890097820917001,-1.796173425915388,-0.29566883695583096
70.88911654,2.8757785875057857,-1.9648126117003255,-0.3647234745407846
70.89387133,2.8443028875349077,-2.1147460272466714,-0.43161694545586615
70.89862607,2.7970125421002208,-2.2444905820941816,-0.4952848051303999
70.90338087,2.7352646241101564,-2.3528542128369883,-0.5546530351140432
70.9081356,2.660400355523333,-2.4389342553428155,-0.6086623837316779
70.9128904,2.5737185893546295,-2.5021117229992824,-0.6562927963583847
70.91764514,2.476454437067243,-2.542042257940353,-0.6965872674242526
70.92239988,2.3697633944562706,-2.5586445239275397,-0.728674480633436
70.92715467,2.2547111069544705,-2.5520867742463733,-0.7517896617488884
70.93190941,2.132268705756071,-2.5227722603154112,-0.7652931456341808
70.9366642,2.003313444878099,-2.471324052555029,-0.7686862499840206
70.94141894,1.8686341807232867,-2.398569731118715,-0.7616241454433769
70.94617368,1.7289410642537897,-2.3055262772632936,-0.7439255090701361
70.95092847,1.5848786667222539,-2.1933853632168963,-0.7155788401159209
70.95568321,1.4370416392860144,-2.0634991060882073,-0.6767454002916256
70.960438,1.2859919214654758,-1.9173662262325315,-0.627758812864528
70.96519274,1.132276469275869,-1.7566184388243822,-0.5691214153485671
70.96994748,0.9764444750861387,-1.5830068148933136,-0.5014975100132255
70.97470227,0.8190630996184984,-1.3983877796042758,-0.4257036967890518
70.97945701,0.6607308313718657,-1.2047083747952179,-0.34269650617664527
70.9842118,0.5020877269572801,-1.0039904022251054,-0.25355757672631735
70.98896654,0.3438219613452259,-0.7983130850884319,-0.15947664393680488
70.99372128,0.18667232083093768,-0.5897939384080624,-0.06173262744296132
70.99847607,0.031426491851488644,-0.3805676226587669,0.038326875667777247
71.00323081,-0.12108477834399771,-0.17276266633543963,0.13930735915210193
71.0079856,-0.2699973629024468,0.03152392262502713,0.23979007711068365
71.01274034,-0.4144268089097476,0.23025398599423386,0.3383552247575428
71.01749508,-0.5534841484932104,0.421477154945243,0.4336052139662916
71.02224988,-0.6862937510192884,0.603360910441931,0.5241876086039918
71.02700462,-0.8120124411884156,0.7742211228660938,0.6088172787870516
71.03175941,-0.9298490869642652,0.93255229438831,0.6862973426574026
71.03651415,-1.0390838715294055,1.0770566171030123,0.75553848890054
71.04126894,-1.1390864989061829,1.2066708812266602,0.8155763099258023
71.04602368,-1.229332639588435,1.3205902268743872,0.8655863199942876
71.05077842,-1.3094179985832248,1.418287735173075,0.9048963811207256
71.05553321,-1.3790694830797727,1.4995289035505364,0.9329963108892154
71.06028795,-1.43815305998897,1.564380147902593,0.9495445002860264
71.06504274,-1.4866780227951213,1.6132106203311631,0.9543714255644166
71.06979748,-1.5247975282074573,1.64668682157028,0.9474799939120321
71.07455222,-1.55280540954009,1.6657597153837977,0.9290427160522083
71.07930701,-1.5711294176594595,1.6716443089674429,0.8993957496953452
71.08406175,-1.5803211733098486,1.665791937611685,0.8590299091754278
71.08881654,-1.5810432291274683,1.6498557708141839,0.8085787950572675
71.09357128,-1.5740537303118745,1.6256503269074392,0.7488042705359649
71.09832602,-1.5601892272407303,1.5951060309049467,0.6805796033681779
71.10308081,-1.5403462315142396,1.5602200647828024,0.6048706982596193
71.10783555,-1.5154621208614805,1.5230049327397215,0.5227159490557636
71.11259034,-1.4864959900334305,1.485436289982801,0.43520532006308255
71.11734508,-1.4544100154411759,1.4494016566470447,0.3434593021418717
71.12209988,-1.4201518512444633,1.4166516525312893,0.24860837438322006
71.12685462,-1.384638503954457,1.3887553374167954,0.15177354191246176
71.13160936,-1.3487420421553986,1.3670611219880948,0.05404842906426277
71.13636415,-1.3132773904808632,1.3526645267420951,-0.04351669855419113
71.14111889,-1.278992338494145,1.346383817812952,-0.13992871662862824
71.14587368,-1.2465597746669503,1.3487442519645068,-0.2342630644633214
71.15062842,-1.2165720436416971,1.359971334443158,-0.32567273742601116
71.15538316,-1.1895372306698593,1.3799931509314483,-0.4133948701185567
71.16013795,-1.1658771065292017,1.4084514965403367,-0.4967550160322383
71.16489269,-1.1459264214726848,1.4447212076754592,-0.5751693056821371
71.16964748,-1.1299332174436838,1.4879368217551556,-0.6481447258273284
71.17440222,-1.1180598327737314,1.5370254569072945,-0.7152778010154109
71.17915696,-1.1103843013805657,1.5907446262661993,-0.7762519725568364
71.18391175,-1.1069018960704793,1.647723582003254,-0.8308339611077462
71.18866649,-1.1075266273736433,1.7065067218126393,-0.8788693731667353
71.19342128,-1.1120925779069684,1.7655975824266388,-0.9202777767479564
71.19817602,-1.120355019856657,1.823501987260485,-0.9550474346851086
71.20293081,-1.1319913242265935,1.878769003922772,-0.98322985036462
71.20768555,-1.1466017237767068,1.9300284960553158,-1.004934251389578
71.21244034,-1.1637100405827798,1.9760242156463506,-1.0203221096820534
71.21719508,-1.1827645396445046,2.015641569242354,-1.0296017688886767
71.22194982,-1.2031391259423345,2.0479293973785575,-1.0330232208730874
71.22670462,-1.224135162953079,2.072115324436601,-1.030873045161117
71.23145936,-1.2449842494509082,2.087614459551058,-1.0234695025456657
71.2362141,-1.2648523378959498,2.094031451648579,-1.01115775906222
71.24096889,-1.28284560001597,2.0911561167631803,-0.9943052085666474
71.24572363,-1.2980184332469613,2.078953057257689,-0.9732968587699784
71.25047842,-1.3093839495680692,2.0575458750281523,-0.9485307447393648
71.25523316,-1.3159271954892346,2.0271967398702015,-0.9204133350873847
71.25998795,-1.3166212237310606,1.9882822069443973,-0.8893549004997384
71.26474269,-1.3104459832221027,1.9412662815752393,-0.855764823543821
71.26949743,-1.2964098267692266,1.8866718036278238,-0.8200468433032488
71.27425222,-1.2735732679780312,1.8250512657208768,-0.782594246833895
71.27900696,-1.2410744622706065,1.756958188163947,-0.7437850394910507
71.28376175,-1.1981557502715316,1.6829201477966722,-0.7039771464281172
71.28851649,-1.1441904917602657,1.6034144974099098,-0.663503717754275
71.29327123,-1.0787093387908646,1.5188477174850745,-0.6226686299693142
71.29802602,-1.0014250496513786,1.4295392142434962,-0.5817422960018452
71.30278076,-0.9122549320195686,1.3357102208178602,-0.5409579147378409
71.30753555,-0.8113400240303584,1.2374782768299437,-0.5005083070337799
71.31229029,-0.6990601753341904,1.1348575621576076,-0.4605434962324434
71.31704508,-0.5760442750555528,1.027765150322452,-0.42116919310310263
71.32179982,-0.443174987025906,0.9160330331693868,-0.38244633383496984
71.32655456,-0.30158749029091814,0.7994255586744569,-0.3443917929567993
71.33130936,-0.15266187885731664,0.6776617245823806,-0.30698035140439806
71.3360641,0.001990957233215233,0.5504415881135066,-0.2701479468001284
71.34081889,0.160549972666484,0.4174758914502348,-0.23379617381417128
71.34557363,0.3210109556090115,0.27851786886153457,-0.19779794345828183
71.35032837,0.4812195144717791,0.13339609837010138,-0.16200415668235463
71.35508316,0.6389095395762581,-0.017952807865835235,-0.1262512032080067
71.3598379,0.7917464483664459,-0.1754529128272391,-0.09036906287924551
71.36459269,0.9373743623388331,-0.33886029774035065,-0.05418976459265325
71.36934743,1.0734662162335882,-0.5077382326411005,-0.017555946955377866
71.37410222,1.1977756725480757,-0.6814372918353375,0.019670736113019758
71.37885696,1.308189615233582,-0.8590814205597799,0.05760161537329491
71.3836117,1.402779932127589,-1.0395608138045538,0.0963136524079811
71.38836649,1.4798532693318471,-1.2215322898316991,0.13584296093454357
71.39312123,1.53799745161744,-1.403427631586117,0.17617941871051507
71.39787602,1.5761233080067738,-1.583470132950435,0.21726256683238315
71.40263076,1.5935007178006937,-1.7596993299986148,0.2589789661331518
71.4073855,1.5897877976872137,-1.9300036284529982,0.3011611429963894
71.41214029,1.5650522852523865,-2.092160266706154,0.34358821031658443
71.41689503,1.5197843394531576,-2.243881787924798,0.38598819731013484
71.42164982,1.4549001749576567,-2.382867943119976,0.4280420691779167
71.42640456,1.371736172731406,-2.5068617177244525,0.46938936783291785
71.43115936,1.272033358670857,-2.613707975550482,0.509635359283986
71.4359141,1.1579124073538853,-2.7014130545481643,0.5483595309417224
71.44066883,1.0318395986581574,-2.7682035369146516,0.5851252408941063
71.44542363,0.8965844192398318,-2.812582359665707,0.6194902785887225
71.45017837,0.7551697465745724,-2.833380437256311,0.651018051393942
71.45493316,0.6108157691138479,-2.8298020390108474,0.6792890670282128
71.4596879,0.466878971977804,-2.8014623010384323,0.7039123451556789
71.46444264,0.3267876446131752,-2.748415451142305,0.7245363722596259
71.46919743,0.1939754376931749,-2.6711725790370093,0.7408592206313014
71.47395217,0.07181450654533085,-2.570708083955004,0.7526374886258044
71.47870696,-0.036450273176374746,-2.448454267230783,0.75969378210039
71.4834617,-0.12776464085789754,-2.306283897711454,0.7619225361432497
71.48821649,-0.19932461775139124,-2.1464809512206315,0.7592940576185278
71.49297123,-0.2486314771055858,-1.9717000993456013,0.7518567392770072
71.49772597,-0.2735411981724938,-1.7849158840607788,0.7397374471587779
71.50248076,-0.27230779270630634,-1.5893628487204867,0.723140113701871
71.5072355,-0.24362008352937106,-1.3884681879016763,0.7023425842050545
71.51199029,-0.18663167659574806,-1.185778714295758,0.6776917726338034
71.51674503,-0.10098399510137233,-0.9848841084589265,0.6495971940774993
71.52149982,0.013177662732903838,-0.789338508983623,0.6185229636974178
71.52625456,0.1551950167460869,-0.6025825147182324,0.5849783891571914
71.5310093,0.32389458288589823,-0.4278676118856637,0.5495073319038327
71.5357641,0.5175922486221358,-0.26818491771253633,0.512676562981005
71.54051883,0.7341045524093115,-0.12619996173477144,0.4750633803294803
71.54527363,0.9707665822292019,-0.004195019493265144,0.43724277961183283
71.55002837,1.2244564274890883,0.09597971821679221,0.3997744794423083
71.5547831,1.4916261423786352,0.1729451062369875,0.3631901004255248
71.5595379,1.7683391975214893,0.2258213623856254,0.3279807932605574
71.56429264,2.0503143993651802,0.2542452348451361,0.2945856096775916
71.56904743,2.332976233667382,0.25837578139109096,0.26338091235556466
71.57380217,2.611511534391762,0.23888878512748532,0.23467112358869946
71.57855691,2.88093228988141,0.19696008318689448,0.2086811117795176
71.5833117,3.136144275531303,0.1342383207021593,0.18555050232402986
71.58806644,3.37202105062004,0.052807857838969824,0.16533016744161236
71.59282123,3.583482683222174,-0.04485725160524412,0.1479810932244135
71.59757597,3.765578379940766,-0.15594712970300278,0.13337574269864455
71.60233076,3.9135720067332147,-0.27737658181298247,0.12130193863545771
71.6070855,4.02302930377049,-0.4058509351646619,0.11146919138765794
71.61184024,4.0899054302052615,-0.5379358376881759,0.10351730790296926
71.61659503,4.11063133060258,-0.6701296112041357,0.09702704758502358
71.62134977,4.08219729760741,-0.798936742491859,0.09153254247215144
71.62610456,4.00223201717489,-0.9209411040202208,0.08653517132938866
71.6308593,3.8690753243245917,-1.0328775181526826,0.08151856383506882
71.6356141,3.68184286979271,-1.1317003106254473,0.07596440428725074
71.64036883,3.440480902963068,-1.2146475392962088,0.06936869593026758
71.64512357,3.1458094176259968,-1.279299633307921,0.06125812994413667
71.64987837,2.7995519900408556,-1.3236312389689757,0.05120617353209381
71.6546331,2.4043507703571687,-1.3460551464829165,0.03884845150273872
71.6593879,1.9637652749055157,-1.3454572714311621,0.023896954372337305
71.66414264,1.4822538713225595,-1.3212217914415592,0.0061525771769820456
71.66889743,0.9651371496177816,-1.2732456954152753,-0.014484510066814936
71.67365217,0.41854272510630824,-1.201942192491736,-0.038007131129323676
71.67840691,-0.15066858302728633,-1.1082326522644457,-0.0642964267326303
71.6831617,-0.7349948174414985,-0.9935270073053877,-0.0931205735860045
71.68791644,-1.3264023440112516,-0.8596928422021802,-0.12413715589647518
71.69267123,-1.9164513671523962,-0.7090137142622709,-0.15689934847832118
71.69742597,-2.496435651189863,-0.5441375883859109,-0.19086595288252423
71.70218076,-3.0575340979910206,-0.3680166050057925,-0.22541518372877606
71.7069355,-3.5909713567598835,-0.1838397132963589,-0.25986193286427234
71.71169024,-4.08818422074661,0.005040031806586233,-0.29347805412138395
71.71644503,-4.54099022109176,0.1951815119840919,-0.325515027657058
71.72119977,-4.941754578416314,0.3831328146350312,-0.35522819915549053
71.72595456,-5.283551531013702,0.5655075882210076,-0.3819016636642482
71.7307093,-5.560316033024032,0.7390584016970325,-0.40487279064224435
71.73546404,-5.766981911355608,0.9007451629057125,-0.4235553741511047
71.74021883,-5.899602787056469,1.0477968558225643,-0.4374604417424593
71.74497357,-5.955452401549648,1.1777651170305639,-0.4462138629248323
71.74972837,-5.93310143168842,1.2885684746259927,-0.44957005278946666
71.7544831,-5.832468415349313,1.378526404672382,-0.44742125321776605
71.7592379,-5.654843020938113,1.4463827079720692,-0.4398020749364539
71.76399264,-5.40288055503709,1.4913180595899418,-0.4268891805339374
71.76874738,-5.080567286978777,1.5129519212080564,-0.40899616694425883
71.77350217,-4.69315685583143,1.511334318445994,-0.38656385738397114
71.77825691,-4.247078699292024,1.4869282599058216,-0.3601463356165558
71.7830117,-3.749820096237418,1.4405838028545683,-0.3303931539356746
71.78776644,-3.2097840385034067,1.3735049463876694,-0.29802822852564614
71.79252118,-2.636125735512436,1.2872106540544868,-0.2638260115949508
71.79727597,-2.038571098453518,1.1834913744500828,-0.2285856079056126
71.80203071,-1.427221038001887,1.0643624426408638,-0.19310358985533768
71.8067855,-0.8123458292448331,0.9320157119580608,-0.15814636011051109
71.81154024,-0.2041741374130335,0.7887706910390486,-0.12442300630622555
71.81629503,0.3873184534635269,0.6370263531624977,-0.09255967342038815
71.82104977,0.9526164199873453,0.4792146534006127,-0.06307652629551232
71.82580456,1.4828617608927626,0.3177566439243337,-0.03636836787265997
71.8305593,1.9700369937304674,0.15502192825182767,-0.012689903913467105
71.83531404,2.407128940778,-0.006707951413917633,0.007853503208633747
71.84006883,2.7882688874654624,-0.16527173890445407,0.025308967507855492
71.84482357,3.108845162948347,-0.3186559760745358,0.03987275378883493
71.84957837,3.3655848067672354,-0.46501759787827807,0.05188047238446811
71.85433311,3.556601758039999,-0.6027015181386624,0.061791123584052574
71.8590879,3.681409938013333,-0.7302532180434219,0.07016567114198384
71.86384264,3.7409006820155204,-0.8464264487287602,0.07764113849810868
71.86859738,3.7372851788983477,-0.9501862556834016,0.08490145974788174
71.87335217,3.6740038324077986,-1.0407076263766746,0.09264644841708088
71.87810691,3.5556056800202236,-1.1173701504664082,0.10156026310317177
71.8828617,3.3876020881651017,-1.1797491584471602,0.11228067173799584
71.88761644,3.176299799405653,-1.2276038643842706,0.1253702855825682
71.89237118,2.9286189862369443,-1.2608630804056429,0.14129078788979457
71.89712597,2.6519022604983835,-1.2796090987476338,0.1603810401908806
71.90188071,2.3537206180859735,-1.284060356544064,0.1828398105428865
71.9066355,2.041682095749465,-1.2745535112974482,0.20871372062268048
71.91139024,1.7232485107315347,-1.2515255586698446,0.23789084100721644
71.91614503,1.4055650772305566,-1.2154966135796035,0.27010017358503
71.92089977,1.0953069832892721,-1.1670539448583965,0.3049170531500903
71.92565451,0.7985462089137256,-1.106837798636255,0.34177428845528873
71.9304093,0.5206410129428873,-1.0355294643979789,0.37997865829635974
71.93516404,0.26614965169409116,-0.9538419313001826,0.41873218908387383
71.93991883,0.03876905097801617,-0.8625133544676103,0.4571574709448728
71.94467357,-0.15870163705122656,-0.762303407249844,0.49432612132209053
71.94942837,-0.3243733771662941,-0.6539924426447493,0.5292893806009477
71.9541831,-0.4572569046229923,-0.5383832325393904,0.5611097284008099
71.95893785,-0.5572316197828927,-0.4163049043898682,0.5888923492726645
71.96369264,-0.6249960613408154,-0.2886185586495921,0.6118152609166264
71.96844738,-0.6620025841304062,-0.15622393363277728,0.629156953203565
71.97320217,-0.6703790385120433,-0.020066394282166628,0.6403204747964881
71.97795691,-0.6528403082289667,0.11885653622604662,0.6448530435192459
71.98271165,-0.6125925233115871,0.2594899026306543,0.6424604397824671
71.98746644,-0.5532326391671879,0.400718079824093,0.6330156594977833
71.99222118,-0.4786458811448808,0.5413642837691741,0.6165615431601479
71.99697597,-0.3929033170473619,0.6801934351350046,0.5933073501185959
72.00173071,-0.30016156004227224,0.8159188318095926,0.5636194998263998
72.0064855,-0.20456634021983874,0.9472129056738221,0.5280069423492573
72.01124024,-0.11016142869605686,1.072722134606836,0.48710183564166326
72.01599498,-0.02080416222516647,1.1910859639199456,0.4416363857799547
72.02074977,0.05991139735630754,1.3009593745063248,0.3924168405668557
72.02550451,0.1287228251903131,1.4010385300496717,0.34029571258490526
72.0302593,0.18275854208947445,1.4900887537345975,0.28614334407407704
72.03501404,0.2195873441123252,1.56697393533434,0.2308199150526418
72.03976883,0.23725785997924734,1.6306863593134586,0.17514894229376674
72.04452357,0.23432766395136456,1.680375878168767,0.11989322548022406
72.04927831,0.2098818857279488,1.7153773346018573,0.06573407325054209
72.0540331,0.16354127192660706,1.7352351607900283,0.013254490907254408
72.05878784,0.09545977147858951,1.7397241503290697,-0.03707316115965831
72.06354264,0.006311844329728129,1.7288655039672165,-0.08489471727687808
72.06829738,-0.10273016871596773,1.7029373886119719,-0.1299768396565051
72.07305217,-0.23002812828680858,1.6624794144993056,-0.17220480736821586
72.07780691,-0.3735189881923733,1.608290622060291,-0.21157572505040015
72.08256165,-0.53076369557256,1.541420772077653,-0.24818759390823159
72.08731644,-0.6990031427574276,1.4631549443458216,-0.28222484562687505
72.09207118,-0.8752200666533188,1.3749916652894771,-0.31394106947726785
72.09682597,-1.0562056572148304,1.278614997658309,-0.34363975713443534
72.10158071,-1.238629520044224,1.175861229023544,-0.371653943805216
72.10633545,-1.4191115435659851,1.0686809836746967,-0.39832563637295354
72.11109024,-1.5942941529244332,0.9590977476817638,-0.4239858906414194
72.11584498,-1.7609133953795817,0.8491639320328525,-0.4489363341822707
72.12059977,-1.9158673000953592,0.7409156966282674,-0.47343283441323375
72.12535451,-2.056279992825748,0.6363278121212353,-0.49767189036423193
72.1301093,-2.1795601258874133,0.5372698425040691,-0.5217801890178018
72.13486404,-2.2834523066859163,0.4454648869759078,-0.5458076212008268
72.13961883,-2.3660803718882866,0.36245202645309116,-0.5697239051088805
72.14437357,-2.425981554141475,0.2895534830936895,-0.5934188235748524
72.14912831,-2.462130816818553,0.227847328183016,-0.6167059483196073
72.1538831,-2.473954881475846,0.17814637404664604,-0.6393296033329084
72.15863784,-2.46133573459336,0.14098366943926932,-0.6609747120857238
72.16339264,-2.4246036673558833,0.11660479568976491,-0.6812790810635074
72.16814738,-2.364520167357687,0.10496694372523563,-0.699847596641382
72.17290212,-2.282251236461596,0.105744550844547,-0.7162677549939707
72.17765691,-2.1793319469105863,0.11834110065646179,-0.730125906973291
72.18241165,-2.0576232612545824,0.14190654741094005,-0.7410235834849097
72.18716644,-1.9192623249718483,0.17535972050245668,-0.7485932740076628
72.19192118,-1.7666075892124502,0.21741499481984666,-0.7525130631779147
72.19667597,-1.6021802313084208,0.26661247248497877,-0.7525195873459058
72.20143071,-1.4286034101583696,0.32135090441874953,-0.748418851232983
72.20618545,-1.248540921036257,0.37992257996010304,-0.740094538525659
72.21094024,-1.0646367996336834,0.4405494252315716,-0.7275135533383874
72.21569498,-0.8794573692832999,0.5014195738328078,-0.7107286371310185
72.22044977,-0.6954371307995517,0.5607237059232589,-0.6898780147135227
72.22520451,-0.5148297649311642,0.6166904935802625,-0.6651821312617917
72.2299593,-0.3396653573699692,0.6676205409417659,-0.6369376476856278
72.23471404,-0.17171476986495543,0.7119182657171539,-0.6055089614668288
72.23946878,-0.012461872479607294,0.7481212320390952,-0.5713176106682379
72.24422357,0.1369158733141542,0.7749265108108931,-0.5348299960116398
72.24897831,0.2755582253879921,0.7912137103391582,-0.49654391506384343
72.25373311,0.4029243432712096,0.7960643854042736,-0.4569744388183714
72.25848784,0.5187865410328516,0.7887775960915386,-0.4166396701591272
72.26324264,0.6232160123070222,0.7688814486301062,-0.37604690388678325
72.26799738,0.7165611105684583,0.7361405098178802,-0.3356796609688718
72.27275212,0.7994189289271769,0.6905590452962411,-0.295986001340074
72.27750691,0.8726010657660616,0.632380090811411,-0.2573684385161814
72.28226165,0.9370945861100519,0.5620804251000009,-0.22017569429172698
72.28701644,0.9940192933646048,0.48036157295381865,-0.18469644960224085
72.29177118,1.0445825104389745,0.3881370263585506,-0.15115517166347675
72.29652597,1.0900326300697227,0.28651592884784266,-0.11971002802467713
72.30128071,1.1316127268542158,0.1767835218412388,-0.09045283387853888
72.30603545,1.1705155239046106,0.060378700489151824,-0.06341091901165047
72.31079024,1.20784097302882,-0.06113093059182654,-0.038550746021807435
72.31554498,1.2445576389036384,-0.1860760751936993,-0.015783064202331266
72.32029977,1.2814689755556512,-0.31271438160708614,0.005030653675643707
72.32505451,1.3191854485555354,-0.43926021968593765,0.02407076994546245
72.32980925,1.3581032906489368,-0.5639151061506915,0.04155132758634112
72.33456404,1.3983904859727603,-0.6848982756069263,0.05771147580346804
72.33931878,1.4399803642634776,-0.8004768906073498,0.0728067591601621
72.34407357,1.4825729584922842,-0.9089953861481002,0.08710053429569363
72.34882831,1.5256440447730706,-1.0089034532737071,0.10085575038514015
72.3535831,1.56846155034964,-1.0987821840084735,0.11432729515240952
72.35833785,1.610108792607258,-1.1773679262059156,0.12775506957262636
72.36309258,1.6495138076382805,-1.2435734320468042,0.14135791359559513
72.36784738,1.6854838474783527,-1.296505927525333,0.1553284648846438
72.37260212,1.7167439749999784,-1.3354817822288747,0.16982899594862874
72.37735691,1.7419785674951116,-1.3600375188374787,0.18498824524723237
72.38211165,1.7598744570648968,-1.369936969008261,0.20089923615903352
72.38686644,1.7691643913700958,-1.3651744543730426,0.2176180626990396
72.39162118,1.7686694950881114,-1.345973945011519,0.23516360940812442
72.39637597,1.757339452231154,-1.312784219596677,0.2535181620032681
72.40113071,1.7342892121625781,-1.2662701189829468,0.27262885362480094
72.40588545,1.6988311456765763,-1.2073000475843771,0.2924098785241515
72.41064024,1.6505017375749782,-1.136929935704011,0.31274539146387265
72.41539498,1.5890820919923843,-1.0563839337293577,0.3334929985962509
72.42014977,1.5146117379515356,-0.9670321687356906,0.35448773623981494
72.42490451,1.4273954469116132,-0.8703659569324617,0.3755464290675229
72.42965925,1.328003003564564,-0.7679709297920343,0.39647231809686184
72.43441404,1.2172620977418698,-0.6614985924391494,0.41705984873238466
72.43916878,1.096244719586435,-0.5526368831625486,0.4370995061585901
72.44392357,0.9662476313501588,-0.44308033734637037,0.45638257720231346
72.44867831,0.8287676469320603,-0.3345004758262403,0.47470570576359955
72.4534331,0.6854725672105577,-0.22851703800945852,0.491875098649738
72.45818784,0.538168692418149,-0.12667066659657622,0.5077102376104194
72.46294258,0.3887658632019586,-0.03039762513193717,0.5220469675704082
72.46769738,0.239240973079096,0.05899290791970217,0.5347398629539756
72.47245212,0.09160085201290616,0.14033847546770556,0.5456638219589773
72.47720691,-0.0521546491687588,0.21263948101443506,0.5547148969286309
72.48196165,-0.19006863236602095,0.2750714861416146,0.5618104283188073
72.48671644,-0.32026154098868104,0.32699342244279106,0.5668885994060467
72.49147118,-0.44096342135511385,0.3679515915688992,0.5699075598074469
72.49622597,-0.5505436102476059,0.3976794571090674,0.5708442736064888
72.50098071,-0.6475374897739677,0.4160933682589927,0.5696932334535992
72.50573545,-0.7306700269929716,0.42328448971932225,0.5664651512267983
72.51049024,-0.7988758801807868,0.419507336526573,0.5611856972617907
72.51524498,-0.8513159087081442,0.40516541861769184,0.5538943225416526
72.51999977,-0.88738997449391,0.3807945816976058,0.5446431679803363
72.52475451,-0.9067459752167517,0.347044684858885,0.5334960446753162
72.52950925,-0.909285104980765,0.3046602805606309,0.5205274578704232
72.53426404,-0.8951633939929942,0.2544609602019974,0.5058216425600193
72.53901878,-0.8647896282854142,0.19732200051890572,0.48947157749776143
72.54377357,-0.8188197867324276,0.13415589384683005,0.47157794602009956
72.54852831,-0.7581481519829805,0.06589527015096715,0.4522480179921502
72.5532831,-0.6838952553185,-0.006522376909807152,0.43159443935665137
72.55803784,-0.59739280772683,-0.08216785890809002,0.4097339342803041
72.56279258,-0.500165758169164,-0.16013117552220177,0.3867859468214095
72.56754738,-0.39391161277623804,-0.2395300506970511,0.36287126941605863
72.57230212,-0.2804771507082907,-0.31951617385614856,0.3381107187805286
72.57705691,-0.16183268611223467,-0.39927929503164544,0.31262392156427404
72.58181165,-0.04004405274572628,-0.47804939969703825,0.2865282605733829
72.58656644,0.08275746970467367,-0.5550972445896576,0.25993800966505126
72.59132118,0.20440701013273205,-0.629733572204017,0.2329636563969105
72.59607592,0.32273939116055944,-0.7013073435019139,0.2057113822915093
72.60083071,0.43562341146599803,-0.7692033407657028,0.17828264744423813
72.60558545,0.5409966029746337,-0.8328394989385443,0.15077381508391904
72.61034024,0.6368998525713186,-0.8916643244739455,0.1232757565656725
72.61509498,0.7215111986475479,-0.9451547521213677,0.09587339784569279
72.61984977,0.7931780508220574,-0.9928147665036493,0.06864519923553263
72.62460451,0.8504470455688496,-1.0341750716330158,0.041662592141397586
72.6293593,0.8920907503455435,-1.068794025248778,0.014989420548563928
72.63411404,0.9171304718688643,-1.0962599675014773,-0.011318554347498835
72.63886878,0.9248545141806304,-1.1161949704924428,-0.03721403073725811
72.64362357,0.9148313666807711,-1.1282599248712823,-0.06265837928274755
72.64837831,0.8869174723124525,-1.132160771665767,-0.08762165937162614
72.65313311,0.8412594168558567,-1.127655591280213,-0.11208241164976417
72.65788784,0.778290573818274,-1.114562186133442,-0.1360272007489021
72.66264264,0.698722418394533,-1.0927657465653577,-0.1594498810928543
72.66739738,0.6035308763865332,-1.0622261766713472,-0.18235056113483805
72.67215212,0.49393819540325085,-1.0229846784675225,-0.2047342511004013
72.67690691,0.37139091771748295,-0.9751692447461826,-0.22660919658827
72.68166165,0.23753460063773046,-0.9189987840428383,-0.2479849220472267
72.68641644,0.09418597410100997,-0.8547856839425118,-0.26887002925962766
72.69117118,-0.05669675293695008,-0.7829367010821646,-0.28926981228804427
72.69592597,-0.21304472784339248,-0.7039521408121698,-0.3091837600606044
72.70068071,-0.3727097519073821,-0.6184233539122407,-0.3286030216345588
72.70543545,-0.5334954221991279,-0.5270286319951012,-0.3475079096472623
72.71019024,-0.6931875930490671,-0.4305276276056537,-0.365865517513211
72.71494498,-0.8495837529273981,-0.3297544588242287,-0.38362752784805404
72.71969977,-1.000521049546775,-0.22560967958987063,-0.4007282942479663
72.72445451,-1.1439028345093842,-0.11905130394766547,-0.4170832852883757
72.7292093,-1.2777237206791874,-0.01108506410455904,-0.4325879866243802
72.73396404,-1.4000932325632938,0.0972459401033232,-0.4471173617855925
72.73871883,-1.5092581687183682,0.20487207517198905,-0.46052597197015366
72.74347357,-1.6036237814052028,0.31070840327368876,-0.47264884802612767
72.74822831,-1.681773820095189,0.41366625485867664,-0.483303193378
72.7529831,-1.742489399239813,0.5126651220933741,-0.4922909752973377
72.75773785,-1.7847665575915919,0.6066448706478877,-0.4994024339240245
72.76249264,-1.807832293469881,0.694578275476984,-0.5044205033713801
72.76724738,-1.8111587972086267,0.7754838816810524,-0.5071260960226617
72.77200217,-1.7944755603018174,0.848439173814854,-0.5073041489616676
72.77675691,-1.7577790166138085,0.912594005579678,-0.5047502713692007
72.78151165,-1.7013393575757223,0.9671841967647857,-0.49927776805038515
72.78626644,-1.6257041530457568,1.011545147950755,-0.49072475562472206
72.79102118,-1.5316983971353366,1.0451252614761102,-0.47896104600252476
72.79577597,-1.4204205839109498,1.067498897521404,-0.46389445834947
72.80053071,-1.2932344097124493,1.0783785446855334,-0.4454762438548003
72.8052855,-1.1517557130695888,1.077625849609024,-0.4237053682720992
72.81004024,-0.9978343193245558,1.0652611294986691,-0.39863148736941145
72.81479498,-0.8335305704666198,1.0414709802886408,-0.37035655365251813
72.81954977,-0.6610864968760684,1.0066135866771968,-0.3390350881973759
72.82430451,-0.48289182012104087,0.9612213371878825,-0.30487322050844917
72.8290593,-0.3014452461976801,0.9060003522425019,-0.2681266317015708
72.83381404,-0.11931178847749778,0.8418265548288737,-0.22909753294309892
72.83856883,0.06092288325787788,0.7697379614913723,-0.1881307828056565
72.84332357,0.23669986583978117,0.6909229537255335,-0.14560921026858173
72.84807831,0.4055348812595958,0.6067044093986699,-0.10194818085862553
72.8528331,0.5650651776244632,0.5185197268017979,-0.05758943407773421
72.85758784,0.7130940982470989,0.42789694987279087,-0.012994236057896373
72.86234264,0.8476320301506073,0.3364273877428267,0.03136407038207686
72.86709738,0.9669325844511637,0.24573530098310964,0.07500798495121314
72.87185217,1.0695230463330894,0.15744538898327423,0.11746405393308146
72.87660691,1.154228350082092,0.07314894793130589,0.1582711353484423
72.8813617,1.220188073476339,-0.005630331918642988,0.19698848089069668
72.88611644,1.266866194609468,-0.07746990525699644,0.23320338883357875
72.89087118,1.2940536015815143,-0.14108021552056552,0.26653819588173533
72.89562597,1.301863579405667,-0.19533385481026905,0.2966564004181115
72.90038071,1.2907207072895976,-0.23929114020235231,0.3232677428382533
72.9051355,1.2613437740961109,-0.2722213338909406,0.3461321111793194
72.90989024,1.2147234548140897,-0.293618889783848,0.36506219241098875
72.91464503,1.1520955835630615,-0.3032142820833562,0.37992484941401833
72.91939977,1.0749109080268213,-0.30097915286350047,0.39064126594704174
72.92415451,0.9848022172669941,-0.2871256978088245,0.39718596045851606
72.9289093,0.8835497037192441,-0.26210038504223004,0.39958481819660596
72.93366404,0.7730453587623902,-0.22657226482608994,0.39791232478111743
72.93841883,0.6552571207734224,-0.181416272004024,0.3922882004778749
72.94317357,0.5321934076106489,-0.12769204366856302,0.3828736326202295
72.94792837,0.40586858335745807,-0.06661886916340688,0.3698672859042838
72.9526831,0.27826983963615554,0.00045254129132768256,0.3535012401515803
72.9574379,0.1513259176690768,0.0720707360666013,0.3340369672706718
72.96219264,0.02687805686767228,0.1467158876433547,0.3117614190915483
72.96694738,-0.09334647519951249,0.22283306904457792,0.2869832609449477
72.97170217,-0.2077579429961331,0.29886566767290956,0.26002925631342694
72.97645691,-0.314924491175346,0.3732881789427428,0.23124078732875106
72.9812117,-0.41358900834156326,0.4446376511253825,0.20097048395177305
72.98596644,-0.5026822708666357,0.5115430927781965,0.16957892957369008
72.99072123,-0.5813321791782191,0.5727522022483559,0.13743141043760498
72.99547597,-0.6488689628252817,0.6271548333511767,0.10489467955533695
73.00023071,-0.7048263135239473,0.6738026736759704,0.07233371292600947
73.0049855,-0.7489385057782807,0.7119246865863731,0.040108447368979214
73.00974024,-0.7811336754356754,0.740937960746707,0.008570504254184602
73.01449503,-0.8015235368788289,0.7604537263314645,-0.021940081141797352
73.01924977,-0.8103899187476222,0.7702784358949979,-0.05109809300735242
73.02400456,-0.8081685789669907,0.7704099668762789,-0.0785962940342739
73.0287593,-0.7954308203402389,0.761029173797984,-0.10414847453240564
73.03351404,-0.7728634700546901,0.7424871882427345,-0.1274923619185506
73.03826883,-0.7412478136338032,0.7152890173171796,-0.14839236683570436
73.04302357,-0.7014380885466626,0.680074111958686,-0.16664214387995377
73.04777837,-0.6543401451466985,0.6375946574362371,-0.1820669404861626
73.05253311,-0.600890871528482,0.5886923804464941,-0.1945256985870999
73.0572879,-0.542038951484486,0.5342746764864862,-0.20391286421504176
73.06204264,-0.4787274765666155,0.4752908447174214,-0.2101598543342537
73.06679743,-0.41187885978172234,0.41270917929034007,-0.2132361304288919
73.07155217,-0.3423823986078166,0.34749560546706737,-0.21314983488039083
73.07630691,-0.27108471330679745,0.2805944624221811,-0.20994795625324777
73.0810617,-0.1987831513991663,0.21291192031156173,-0.20371599864861994
73.08581644,-0.126222109940618,0.14530237994177514,-0.194577134401601
73.09057123,-0.054092092473663506,0.0785580475358013,-0.1826908180097976
73.09532597,0.016968804899735845,0.013401716360910051,-0.1682508355184185
73.10008076,0.08637138736446717,-0.049517366096446906,-0.15148276316747752
73.1048355,0.1535703248209406,-0.10962480034488033,-0.13264081744209308
73.10959024,0.21805813127209575,-0.166419866009177,-0.1120040991655978
73.11434503,0.2793587395550225,-0.21947231182564214,-0.08987226664314502
73.11909977,0.33702126024521606,-0.2684175718999996,-0.06656071250670996
73.12385456,0.39061449940944964,-0.31295088648277297,-0.04239535824909976
73.1286093,0.4397227713491982,-0.35282079838003627,-0.017707211911332888
73.1333641,0.4839434766050012,-0.3878224779860404,0.007173146809958194
73.13811883,0.5228868176679675,-0.4177913043782879,0.031920985014024954
73.14287363,0.5561778923669264,-0.4425970972980131,0.05622257779990482
73.14762837,0.5834612411718425,-0.4621393533178072,0.07977997040437525
73.1523831,0.6044077410338818,-0.47634378584838577,0.10231522661432674
73.1571379,0.6187235525203769,-0.4851603990595549,0.12357408102041943
73.16189264,0.6261606584530932,-0.4885632376996612,0.14332894619073708
73.16664743,0.6265283979365454,-0.4865518491251796,0.16138125674115286
73.17140217,0.6197053114583241,-0.47915437617914214,0.17756315750937252
73.17615696,0.6056505767915653,-0.46643207911813606,0.19173856067664666
73.1809117,0.5844143313282072,-0.4484849720499749,0.20380360559863736
73.18566649,0.5561462368496115,-0.425458163797868,0.21368655527264016
73.19042123,0.5211017351931656,-0.39754842245940325,0.2213471570735611
73.19517597,0.4796455549577451,-0.36501044325753756,0.22677548801608885
73.19993076,0.4322521517581477,-0.3281622945871336,0.22999030357054448
73.2046855,0.37950289498391093,-0.2873895478808129,0.23103691979869928
73.20944029,0.32207995339173,-0.24314765886678724,0.2299846823192272
73.21419503,0.2607569796767697,-0.19596225315184043,0.2269241074691145
73.21894982,0.1963868447023208,-0.1464270692952019,0.22196381211508553
73.22370456,0.12988681375050587,-0.09519942113494012,0.2152273695931982
73.22845936,0.06222167558366949,-0.0429931539652265,0.20685023361297505
73.2332141,-0.005614582100795477,0.009430817348755826,0.1969768574154404
73.23796883,-0.07261791649158487,0.0612761906828277,0.1857581045315354
73.24272363,-0.13779355914722544,0.11172488136617412,0.173349006563049
73.24747837,-0.20017493380454607,0.15995216451510105,0.15990688056678934
73.25223316,-0.2588416285014213,0.20514290006079028,0.14558978061183203
73.2569879,-0.3129359697860402,0.24650833377256018,0.13055522847932757
73.26174269,-0.3616778397909063,0.28330293578258775,0.1149591481931429
73.26649743,-0.4043774751404581,0.3148407285524796,0.09895491823806264
73.27125222,-0.4404460841018806,0.3405105716247643,0.08269245447968585
73.27600696,-0.4694042089083456,0.3597899128950652,0.06631724644715845
73.2807617,-0.4908878381979674,0.3722565853203311,0.04996928894168355
73.28551649,-0.5046523358542259,0.3775983202307362,0.033781876938385504
73.29027123,-0.5105742949060378,0.37561975568574846,0.017880260062538667
73.29502602,-0.5086514489162139,0.36624682876429776,0.002380179588940245
73.29978076,-0.49900078210226767,0.3495285416350565,-0.012613666102531307
73.30453555,-0.4818549789975029,0.3256361735800983,-0.027009162856278184
73.30929029,-0.45755734976088597,0.29486007203049985,-0.04072824995625554
73.31404508,-0.42655536053837834,0.2576041980835353,-0.0537082304138963
73.31879982,-0.38939288931933896,0.21437863168086943,-0.06590283572382465
73.32355456,-0.34670131568547247,0.16579026372830066,-0.07728296752114641
73.32830936,-0.2991895381899723,0.11253191899453022,-0.08783705480764226
73.3330641,-0.24763299808267752,0.05537016357568157,-0.09757098501978886
73.33781889,-0.1928617759834731,-0.00486794815506341,-0.1065075857685695
73.34257363,-0.13574782250223438,-0.0673089408877437,-0.11468564863174671
73.34732842,-0.07719138864360439,-0.13104757113512458,-0.12215849659790581
73.35208316,-0.018106741190787756,-0.19516185954266388,-0.1289921046990522
73.35683795,0.04059271536304388,-0.2587283210282998,-0.1352627922439693
73.36159269,0.09800973711028041,-0.32083723043307766,-0.1410545178647974
73.36634743,0.15327872583064334,-0.38060776965420623,-0.1464558270402211
73.37110222,0.20558110779715907,-0.4372028946397191,-0.15155652587387788
73.37585696,0.2541602616896541,-0.4898437359624067,-0.15644418292380008
73.38061175,0.2983356126578235,-0.5378233082330188,-0.161200589276813
73.38536649,0.3375154875278181,-0.5805192588700365,-0.16589833068538143
73.39012128,0.3712083228804707,-0.6174053462328658,-0.17059763834470013
73.39487602,0.399031835148653,-0.6480613118230645,-0.17534368150566335
73.39963081,0.42071980108556356,-0.6721808091232113,-0.18016444352630634
73.40438555,0.436126158179941,-0.6895770750180682,-0.18506928588838215
73.40914029,0.4452262172981528,-0.7001860755544287,-0.19004825907667497
73.41389508,0.4481148825310792,-0.7040669203695565,-0.19507217350638661
73.41864982,0.44500189263186096,-0.7013994142910778,-0.20009340472037632
73.42340462,0.4362042281882896,-0.6924786972235765,-0.20504737812581775
73.42815936,0.42213595883161376,-0.6777070131413265,-0.20985465922146293
73.43291415,0.4032959230792588,-0.6575827452314211,-0.21442356265759308
73.43766889,0.3802537277937507,-0.6326869559018207,-0.21865318360501823
73.44242363,0.3536346150749415,-0.6036677746662829,-0.22243674451535347
73.44717842,0.32410376573484434,-0.5712230783536323,-0.2256651383923731
73.45193316,0.2923505891835321,-0.5360819983761133,-0.22823053777689975
73.45668795,0.25907349423567005,-0.49898585896091113,-0.23002993002606736
73.46144269,0.2249655539997981,-0.46066918879312846,-0.2309684374303265
73.46619748,0.19070138318047214,-0.42184144978344673,-0.2309622874945468
73.47095222,0.1569254492169483,-0.38317008868133606,-0.22994131518682676
73.47570701,0.12424194744062146,-0.34526544333914294,-0.22785090464738725
73.48046175,0.09320628886700216,-0.30866793335199466,-0.22465331087915458
73.48521654,0.06431817971854954,-0.2738378446688197,-0.22032833923090894
73.48997128,0.03801621719783997,-0.24114789000216466,-0.2148733984259721
73.49472602,0.014673889579770909,-0.21087860122936847,-0.20830297806393025
73.49948081,-0.005403148975488204,-0.18321649558554942,-0.2006476307700307
73.50423555,-0.02197866155493174,-0.15825486228909075,-0.19195255941416375
73.50899034,-0.034886398208708806,-0.13599694551325556,-0.18227591872055426
73.51374508,-0.04402977593372059,-0.11636125391277782,-0.17168693792765352
73.51849988,-0.04938078830025047,-0.09918870210665617,-0.1602639595221331
73.52325462,-0.05097825827648142,-0.08425127883730292,-0.14809247269191614
73.52800941,-0.04892553740849571,-0.07126193326861632,-0.13526320300365147
73.53276415,-0.04338773717942642,-0.05988537024295532,-0.12187030481872253
73.53751889,-0.03458855315004889,-0.04974944525807979,-0.10800969201453658
73.54227368,-0.0228067111787581,-0.04045685138885931,-0.09377753606384923
73.54702842,-0.008372032846797262,-0.03159679642206852,-0.07926895648116888
73.55178321,0.00833890917214327,-0.02275638259865972,-0.06457692318013444
73.55653795,0.026907590591022282,-0.013531425940794498,-0.049791379647781527
73.56129274,0.0468788372122154,-0.0035364872087573396,-0.034998578754932785
73.56604748,0.06776666651778307,0.007586070950648282,-0.020280601678285468
73.57080222,0.08906068779885597,0.02015814164546978,-0.005715009478857393
73.57555701,0.11023305641879817,0.034459146744089925,0.008625438493270689
73.58031175,0.1307459577011355,0.05072059353378317,0.022673070769239592
73.58506654,0.15005958488031293,0.06912195924958946,0.036365658986523226
73.58982128,0.16764057431437313,0.08978792721175834,0.04964688714234296
73.59457607,0.18297086308105565,0.11278697419669943,0.06246695110497965
73.59933081,0.1955569286438515,0.13813127546791204,0.0747832723074101
73.60408561,0.20493934937737343,0.16577785104583861,0.08656127909108209
73.60884034,0.21070258594214963,0.19563082805341078,0.09777518432274024
73.61359514,0.21248482895700022,0.22754464489970044,0.1084086717284863
73.61834988,0.2099876931585301,0.2613279795939411,0.11845539935229744
73.62310462,0.2029854704673103,0.29674815306691044,0.1279192394773834
73.62785941,0.19133359603356256,0.3335357459520861,0.13681419969213393
73.63261415,0.17497594555606227,0.37138917965826546,0.14516400407804922
73.63736894,0.15395057832538245,0.40997905181945793,0.15300134800289508
73.64212368,0.12839357081373923,0.4489520789971916,0.16036686638664568
73.64687847,0.09854064585849032,0.48793457763297227,0.1673078687920465
73.65163321,0.06472638430960082,0.5265354969444674,0.17387689524349628
73.656388,0.02738090039532856,0.5643490940808138,0.180130138457503
73.66114274,-0.012976038553900523,0.6009574035765292,0.18612576767859185
73.66589753,-0.055743368669371844,0.6359326933590453,0.19192218269035022
73.67065227,-0.10024938995841351,0.6688401140343649,0.1975762270056956
73.67540701,-0.14576447583463975,0.6992407361172719,0.20314139588913993
73.6801618,-0.19151551010516166,0.7266951352783179,0.2086660838126754
73.68491654,-0.23670168028851363,0.7507676368804255,0.21419192248400057
73.68967133,-0.2805112224842919,0.7710312777556879,0.21975226140171786
73.69442607,-0.322138690836951,0.7870734924641698,0.22537083727712073
73.69918087,-0.3608023099327337,0.7985024855741214,0.23106066828098604
73.7039356,-0.39576096080696693,0.8049542091239895,0.23682319649128347
73.7086904,-0.4263303550901275,0.806099822220661,0.24264768909272935
73.71344514,-0.4518979749340173,0.8016534658312833,0.24851089692878306
73.71819988,-0.4719364058355303,0.7913801413521778,0.25437695906094254
73.72295467,-0.486014767269048,0.7751034410387787,0.26019753575438465
73.72770941,-0.4938080455607462,0.7527128490988184,0.26591215133313406
73.7324642,-0.49510423920067004,0.7241703219190712,0.27144873250551343
73.73721894,-0.4898093185357394,0.68951586948208,0.27672433462661705
73.74197373,-0.47795006179853367,0.6488718970598998,0.2816460544848069
73.74672847,-0.4596748492928042,0.6024461203182176,0.28611213122336093
73.75148321,-0.4352524811654391,0.550532927622071,0.2900132367287706
73.756238,-0.4050690457251936,0.4935131197859859,0.29323395431904
73.76099274,-0.369622823482026,0.43185200197533385,0.295654440664289
73.76574753,-0.3295171841966763,0.3660958318940009,0.29715226065078504
73.77050227,-0.2854514321077124,0.2968666442681918,0.2976043785669755
73.77525706,-0.2382095832478428,0.22485547916429457,0.2968892824736207
73.7800118,-0.18864711666195555,0.1508140488683132,0.29488921288380504
73.7847666,-0.13767582074135462,0.0755448937082159,0.2914924620611122
73.78952133,-0.08624694487377635,-0.00010989227790352129,0.2865957059837292
73.79427613,-0.03533295147269648,-0.07528123829246061,0.28010632740647784
73.79903087,0.014091767510333714,-0.14908679080111928,0.2719446862146021
73.8037856,0.06107079771649214,-0.22064547883933128,0.2620462931342077
73.8085404,0.1046857925336734,-0.28909265236692144,0.2503638448208783
73.81329514,0.14407628935456865,-0.35359545776507617,0.23686908112647342
73.81804993,0.17845878556286254,-0.4133680937924833,0.22155442659741723
73.82280467,0.2071446031408217,-0.46768658595796725,0.20443437578025486
73.82755946,0.22955607095023406,-0.5159027248480912,0.18554657541691305
73.8323142,0.24524055952996912,-0.5574568322604826,0.16495254864360145
73.83706899,0.2538819166320228,-0.5918890455766926,0.14273800142650334
73.84182373,0.2553088780741644,-0.6188488423229194,0.11901265437997256
73.84657852,0.249500077270765,-0.6381025597284962,0.09390955682202985
73.85133326,0.23658535841731843,-0.6495386961324923,0.06758386439281142
73.856088,0.21684321855936717,-0.6531708131695975,0.04021109318361006
73.86084279,0.19069435945691413,-0.6491378941606294,0.01198489583199561
73.86559753,0.1586915083603504,-0.6377020616574248,-0.0168855679947161
73.87035232,0.12150584782225489,-0.6192436217839243,-0.046178576772130525
73.87510706,0.07991055629233819,-0.5942534872773495,-0.07566301025433705
73.87986186,0.03476208373736596,-0.5633231309634232,-0.10510163295571479
73.8846166,-0.013020141996916606,-0.5271323258019226,-0.13425440585086743
73.88937139,-0.06247486222564939,-0.4864350213900388,-0.16288174326245405
73.89412613,-0.11262029327764014,-0.44204377596963845,-0.1907476433734858
73.89888092,-0.16247494534610796,-0.3948132002846487,-0.21762263359546724
73.90363566,-0.21107737380007105,-0.3456228766461744,-0.24328648502604167
73.9083904,-0.2575043593807751,-0.29536020161264104,-0.2675306622739997
73.91314519,-0.3008871027425007,-0.24490357413065653,-0.290160485400019
73.91789993,-0.34042512221177557,-0.1951063205477577,-0.31099699024344957
73.92265472,-0.3753976621541226,-0.14678171621854913,-0.32987848357297456
73.92740946,-0.40517254946206716,-0.10068942792307582,-0.346661801587745
73.93216425,-0.42921256864088686,-0.057523656093313266,-0.3612232943891976
73.93691899,-0.44707954882514,-0.017903194929797372,-0.3734595743752095
73.94167378,-0.45843645453574894,0.01763645034755252,-0.3832880818140831
73.94642852,-0.4630478337922634,0.04864884269325482,-0.39064753368508626
73.95118331,-0.46077899534624067,0.07478033934573158,-0.3954983280211708
73.95593805,-0.4515942625473541,0.09577190301447011,-0.39782297064100974
73.96069279,-0.43555459445006145,0.11145920227146655,-0.3976265712137972
73.96544758,-0.41281478959789986,0.12177124177394262,-0.3949374215593396
73.97020232,-0.3836204080178693,0.12672776905514796,-0.38980762562675236
73.97495712,-0.34830447175179846,0.1264356853265705,-0.38231370559913624
73.97971186,-0.3072839385347004,0.12108465125642454,-0.3725570705451019
73.98446665,-0.26105588766026083,0.11094203396568715,-0.3606642091969378
73.98922139,-0.2101933094237336,0.09634729661293868,-0.3467864595469084
73.99397618,-0.15534034744397315,0.07770589291017921,-0.33109921528457964
73.99873092,-0.09720680763669778,0.05548269842521552,-0.31380045159386816
74.00348566,-0.03656172425503882,0.03019498818212808,-0.2951084883198044
74.00824045,0.025774230294542646,0.002404954502405391,-0.27525895389632526
74.01299519,0.08893768402067978,-0.027288249962316498,-0.25450096539969824
74.01774998,0.1520329970979597,-0.05825696044133968,-0.23309259534549473
74.02250472,0.21414425940971213,-0.08985394875044231,-0.21129575026177205
74.02725951,0.27434883298793517,-0.12142186582350185,-0.18937063446183738
74.03201425,0.3317323094805157,-0.15230314734771896,-0.16757000971833175
74.03676904,0.38540463627653765,-0.1818503208308737,-0.14613348410576338
74.04152378,0.43451705027094634,-0.20943661634874888,-0.12528206937293843
74.04627857,0.47827935581667697,-0.23446674412436286,-0.10521323574976744
74.05103331,0.5159770034679947,-0.2563876624930434,-0.08609666792683292
74.05578805,0.5469873763775013,-0.27469912279713155,-0.06807088983094112
74.06054284,0.5707946749683982,-0.28896374668239444,-0.05124088314528608
74.06529758,0.5870028077349191,-0.298816368839967,-0.035676778719473605
74.07005238,0.5953457461576503,-0.3039723658400349,-0.021413653469837368
74.07480712,0.5956948845757135,-0.30423468978344953,-0.008452420346013623
74.07956191,0.5880630597693141,-0.2994993346898069,0.0032382425819357068
74.08431665,0.5726050248154654,-0.2897589853659348,0.013719015279863363
74.08907144,0.5496143289306247,-0.2751046348902904,0.023076236331653587
74.09382618,0.519516718937864,-0.2557250090290269,0.03141753603192087
74.09858097,0.48286033708641685,-0.23190370356058532,0.03886698102268768
74.10333571,0.4403031320082589,-0.2040140214495925,0.04555992501754835
74.10809045,0.39259801245855397,-0.17251158690022483,0.0516377657257837
74.11284524,0.340576346168311,-0.13792490653422515,0.05724280333115328
74.11759998,0.2851304307572725,-0.10084413706444915,0.06251338133998628
74.12235477,0.22719553829111702,-0.06190839635197182,0.0675794680240698
74.12710951,0.16773206614157582,-0.021792013997332667,0.07255880892944189
74.1318643,0.10770822847465318,0.018809845993287576,0.07755375112914341
74.13661904,0.04808361262271261,0.059195746532812586,0.08264881016088957
74.14137383,-0.010206181125539095,0.0986722923493083,0.08790902118541306
74.14612857,-0.06626368750409321,0.1365678044694324,0.0933790856025691
74.15088331,-0.11924245003547353,0.17224501576411405,0.09908329187665356
74.15563811,-0.1683586002042281,0.20511251774276348,0.10502615499811536
74.16039284,-0.21290114021103887,0.23463476369172181,0.11119368563061087
74.16514764,-0.25224092872196385,0.26034050715139706,0.11755517205990819
74.16990238,-0.28583836025057174,0.2818296214549246,0.12406534003265385
74.17465717,-0.3132497169451778,0.29877830128767147,0.13066675016608922
74.17941191,-0.33413216178318517,0.31094268870121144,0.1372922998754637
74.1841667,-0.3482473371852691,0.3181609933391593,0.14386771403352225
74.18892144,-0.35546353372425893,0.32035419104107016,0.15031393133954457
74.19367623,-0.3557564007858346,0.31752538909839056,0.15654931705136946
74.19843097,-0.34920818623704364,0.3097579439016225,0.16249165437297547
74.20318571,-0.3360055157641231,0.29721241161960393,0.16805988555115575
74.2079405,-0.3164357518516482,0.2801224084663739,0.17317559014990125
74.21269524,-0.2908820018947631,0.2587894564147769,0.17776420296784687
74.21745003,-0.25981686860603476,0.23357689410471574,0.1817559882067462
74.22220477,-0.2237950493031751,0.20490294158066374,0.18508679937532893
74.22695956,-0.18344489251766258,0.1732330211817622,0.1876986644025479
74.2317143,-0.1394590129167488,0.13907145454305758,0.18954024028340793
74.2364691,-0.09258405389853977,0.10295267573633506,0.1905671796726623
74.24122383,-0.04360967746083,0.06543212097465823,0.19074244337383245
74.24597863,0.006643141894912094,0.027076973297929602,0.19003657998342532
74.25073337,0.057334435477859005,-0.011543047083981092,0.18842798087839283
74.25548816,0.1076180700331367,-0.04986465303596887,0.18590310917714623
74.2602429,0.15665496260784317,-0.08733953621682816,0.18245669738180317
74.26499764,0.2036265250938379,-0.12344232442877213,0.17809190930450297
74.26975243,0.24774815192773628,-0.1576778201258556,0.17282046459017442
74.27450717,0.28828253240958673,-0.18958743331280709,0.1666627257217749
74.27926196,0.3245525354103182,-0.2187547721256321,0.15964774644259203
74.2840167,0.35595338111554514,-0.24481040338580992,0.1518132766470013
74.28877149,0.3819637894543329,-0.2674358332121763,0.14320571133860155
74.29352623,0.40215578922078,-0.28636677503189706,0.13387995981248108
74.29828102,0.4162028954258178,-0.30139576521352307,0.12389919750749213
74.30303576,0.42388641774972957,-0.31237415947024444,0.11333445171999236
74.30779055,0.4250997427307436,-0.31921350769868906,0.10226396954302061
74.31254529,0.41985052173234666,-0.32188627508030426,0.09077232616767077
74.31730003,0.40826077986941717,-0.32042586406737705,0.07894925458316171
74.32205482,0.39056502593211295,-0.31492589938155263,0.0668882107658244
74.32680956,0.367106483475516,-0.3055387624920839,0.05468472613642815
74.33156436,0.3383315782685798,-0.29247339305990516,0.042434634087126395
74.3363191,0.3047828132440156,-0.27599240007968756,0.030232281815980293
74.34107389,0.2670901495331625,-0.2564085352501679,0.018168846326918744
74.34582863,0.22596100199485564,-0.23408057247346983,0.006330862096675763
74.35058342,0.18216895713158077,-0.20940861481299808,-0.005200959860768565
74.35533816,0.1365413321683181,-0.18282882315956567,-0.01635258004893398
74.3600929,0.08994571248241212,-0.15480753958691523,-0.02705714555874642
74.36484769,0.043275623003791536,-0.1258347706876769,-0.03725520936019359
74.36960243,-0.0025644997009584645,-0.09641700556188182,-0.046894718395901785
74.37435722,-0.04667486753745086,-0.06706936860788391,-0.055930848958350717
74.37911196,-0.08817627347886958,-0.038307144077741336,-0.06432576767776997
74.38386675,-0.1262262435054427,-0.010636750425299258,-0.07204838470020207
74.38862149,-0.16003524981749628,0.015453718990373481,-0.07907414703674802
74.39337628,-0.18888280416019682,0.039504239864677264,-0.08538489966166476
74.39813102,-0.21213320937495786,0.06109270976056447,-0.090968823011924
74.40288581,-0.22925069455513725,0.07984471011801933,-0.09582043934318724
74.40764055,-0.23981360115746442,0.09544295507843124,-0.09994066743962676
74.41239535,-0.24352723060995396,0.10763618317975544,-0.10333689593086906
74.41715008,-0.24023491545768924,0.11624722898712972,-0.10602303984335812
74.42190482,-0.22992684360606377,0.12117999732466586,-0.10801954221018248
74.42665962,-0.21274615604491148,0.12242505519048898,-0.10935328207156668
74.43141436,-0.18899185866575074,0.1200635579557534,-0.11005735248892744
74.43616915,-0.15911814254250414,0.11426923963022088,-0.11017067809693527
74.44092389,-0.1237297950746079,0.10530822486919658,-0.10973745130669725
74.44567868,-0.08357350309079208,0.09353646596430464,-0.10880637855343472
74.45043342,-0.03952499118029893,0.07939467275090774,-0.10742974154124374
74.45518821,0.0074279045010554445,0.06340068560246173,-0.1056622921960418
74.45994295,0.05620596260293212,0.04613933626701166,-0.10356001312925488
74.46469774,0.10566267290483698,0.028249940388601735,-0.10117878644464039
74.46945248,0.15461110845423395,0.010411661031597786,-0.09857302079786814
74.47420722,0.20185282218771455,-0.00667293145669645,-0.09579428860003802
74.47896201,0.24620787472294903,-0.02229570356863412,-0.09289002284525245
74.48371675,0.28654498669842704,-0.03576174345658714,-0.0899023186239418
74.48847154,0.32181074148331923,-0.04640856822695043,-0.0868668809882867
74.49322628,0.35105675870466835,-0.05362518858906562,-0.08381216092179872
74.49798107,0.37346382595202093,-0.056870429268632706,-0.08075872536759773
74.50273581,0.3883621150081458,-0.055689882867017336,-0.07771891338422628
74.5074906,0.3952468088687154,-0.0497308767362991,-0.07469683356027425
74.51224535,0.3937887067203593,-0.03875486362755443,-0.07168875189189153
74.51700014,0.38383963122236336,-0.0226467123954393,-0.06868390019880506
74.52175488,0.3654327117141384,-0.0014204770019525326,-0.06566570243424237
74.52650967,0.33877783926379534,0.024778641707452552,-0.06261337400217801
74.53126441,0.3042527718349409,0.05567626390047451,-0.05950380493217348
74.53601915,0.26239050222105154,0.09087467368200407,-0.05631359996131662
74.54077394,0.21386358461627533,0.12986230821789888,-0.05302112403907747
74.54552868,0.1594661507854557,0.17202651041589156,-0.04960839413031746
74.55028347,0.10009434223276195,0.21666904222550443,-0.04606266774836923
74.55503821,0.03672585065230119,0.26302377426798956,-0.0423776029827548
74.559793,-0.029600796885057967,0.31027592304080637,-0.03855389973553466
74.56454774,-0.0978066445817122,0.35758219306963024,-0.03459937282011792
74.56930253,-0.1667919302937103,0.4040911911689804,-0.030528450587641007
74.57405727,-0.23545454562492607,0.4489635077749893,-0.026361135110512225
74.57881206,-0.3027070598861664,0.49139090210614267,-0.02212149973894354
74.5835668,-0.36749213993943347,0.5306140810790047,-0.017835835095444497
74.58832154,-0.42879630303969035,0.565938625193993,-0.01353058289031819
74.59307633,-0.4856620427494003,0.5967486880731835,-0.009230215855160128
74.59783107,-0.5371984656180165,0.6225181808994202,-0.004955229880244787
74.60258587,-0.5825906613888302,0.6428192492605238,-0.0007204106251776151
74.6073406,-0.6211080916008227,0.6573279565027564,0.003466478342766355
74.6120954,-0.652112309374018,0.6658272002262025,0.007605465489245201
74.61685014,-0.6750643076871885,0.6682069994583875,0.011704517114362984
74.62160493,-0.6895317307851248,0.664462389655274,0.01577902507601503
74.62635967,-0.6951960779540945,0.6546892410203076,0.01985065695786086
74.63111446,-0.6918598933228288,0.6390783648096963,0.023945643852571866
74.6358692,-0.679453787051786,0.6179082890174009,0.028092628804339395
74.64062399,-0.6580429906408708,0.5915370716984477,0.032320233240022776
74.64537873,-0.6278330277859618,0.5603934845137544,0.03665451424728033
74.65013347,-0.5891739926921468,0.5249678498580252,0.04111648072607149
74.65488826,-0.5425628750664454,0.48580275966767195,0.045719814400539724
74.659643,-0.48864335744441156,0.44348384693753373,0.05046890968962205
74.66439779,-0.42820253878057907,0.3986307233160543,0.05535731344898341
74.66915253,-0.3621641124163047,0.3518881378784829,0.06036661906282801
74.67390732,-0.29157764997390295,0.3039173541100117,0.06546585250392763
74.67866206,-0.2176038148265908,0.2553876872676736,0.07061137904042125
74.68341686,-0.14149554250093668,0.20696809825778337,0.0757473533653063
74.6881716,-0.06457546628488962,0.15931871072031595,0.0808067279113465
74.69292639,0.01178988605641026,0.11308211364864333,0.0857128202753563
74.69768113,0.08621836804795881,0.06887433970847524,0.09038141895011283
74.70243587,0.1573420171098976,0.027275472461662127,0.0947233764057276
74.70719066,0.2238373119410755,-0.011180069938264068,0.09864760124878055
74.7119454,0.2844547643901139,-0.046013413366896454,0.10206432053963672
74.71670019,0.3380467604705779,-0.07681099274201797,0.10488844614683349
74.72145493,0.3835926757870017,-0.10323383115818985,0.10704285388096926
74.72620972,0.4202204591838991,-0.12502589810972028,0.10846137848424928
74.73096446,0.44722408245759954,-0.1420210904996238,0.1090913440321331
74.73571925,0.4640764715560094,-0.15414840104739633,0.10889548441533325
74.74047399,0.4704377479734646,-0.1614348972651784,0.10785315444711872
74.74522878,0.4661588063204632,-0.16400622272087603,0.10596078043045223
74.74998352,0.4512804298666922,-0.16208444182617582,0.10323154431091956
74.75473831,0.42602829821963933,-0.15598317120698077,0.09969433667132102
74.75949305,0.3908043671364688,-0.14610006799269032,0.09539205268795824
74.76424779,0.3461751930765069,-0.132906873143054,0.09037934382124396
74.76900258,0.2928578261982309,-0.11693733127992556,0.08471997569016604
74.77375732,0.2317039000985268,-0.0987734202163414,0.07848397431117987
74.77851212,0.1636825063464776,-0.07903041372293794,0.07174476081066038
74.78326686,0.08986236477696502,-0.05834136000299323,0.06457647201870377
74.78802165,0.011393698652649645,-0.037341578620509,0.05705163933695349
74.79277639,-0.0705098886375911,-0.016653757561738827,0.049239355415117335
74.79753118,-0.15458934706540212,0.003125828306331385,0.0412040054263082
74.80228592,-0.23955782664310513,0.021439549781492918,0.03300458485709003
74.80704066,-0.32411800488858605,0.03777879652482585,0.02469457417458681
74.81179545,-0.40697909569247714,0.051692309027341926,0.016322295610381576
74.81655019,-0.48687354272375727,0.06279241356343919,0.007931640542009406
74.82130498,-0.5625733800457323,0.07075921531294878,-0.00043697048511443805
74.82605972,-0.6329062116916419,0.0753428908310555,-0.008745546740510588
74.83081451,-0.6967707341908875,0.07636427703138807,-0.016957555472749918
74.83556925,-0.7531517109769237,0.07371398061009389,-0.02503715169923342
74.84032404,-0.8011343061808471,0.06735023566985364,-0.03294870979650746
74.84507878,-0.8399176889650739,0.057295727855246434,-0.04065671549425587
74.84983357,-0.8688278145155082,0.043633590211425724,-0.048126033665137624
74.85458831,-0.8873292618105747,0.026502765570748515,-0.05532253003061627
74.85934311,-0.8950359557498214,0.0060929236740759705,-0.06221399830152087
74.86409784,-0.8917205262528074,-0.017360885574101478,-0.06877132844763667
74.86885258,-0.8773219740755118,-0.04358367507264559,-0.07496984243544064
74.87360738,-0.8519512443807814,-0.07226591820840826,-0.08079071467504143
74.87836212,-0.8158942769912082,-0.10306879884500518,-0.08622238131533859
74.88311691,-0.7696121211305764,-0.1356292580678723,-0.0912618262062967
74.88787165,-0.7137377731976178,-0.16956482817701496,-0.09591561772048969
74.89262644,-0.649069506907697,-0.20447828126968493,-0.1002005673119663
74.89738118,-0.5765605979963847,-0.23996214192671111,-0.10414389257630537
74.90213597,-0.4973054840870447,-0.2756031192184309,-0.10778279470425094
74.90689071,-0.4125225334634474,-0.31098650418028806,-0.11116339877943453
74.9116455,-0.32353371901522887,-0.34570055970710994,-0.11433904989912866
74.91640024,-0.2317416033230162,-0.3793409069729193,-0.11736800324565144
74.92115503,-0.13860413673382657,-0.4115148924940712,-0.12031058779304687
74.92590977,-0.04560785148981159,-0.4418459072318617,-0.12322595867623355
74.93066456,0.04575990052657175,-0.46997762484549027,-0.12616858129608402
74.9354193,0.13403897559880973,-0.4955781284737254,-0.12918461100524878
74.94017404,0.21782402541090623,-0.5183439003362873,-0.13230834605194206
74.94492883,0.29579095701300934,-0.5380036514877815,-0.13555893812859995
74.94968357,0.36672163644205436,-0.5543219668791624,-0.13893754326509958
74.95443837,0.4295262997848893,-0.5671027329798483,-0.14242508433140944
74.95919311,0.48326325269536596,-0.5761923042972488,-0.1459807737056773
74.9639479,0.5271555644431212,-0.5814823553260616,-0.14954151032624557
74.96870264,0.5606045789702543,-0.5829123583402,-0.15302222084291678
74.97345743,0.5832001615955552,-0.580471624400395,-0.15631716375336122
74.97821217,0.5947276705294036,-0.5742008423116471,-0.15930216365013333
74.98296696,0.5951716868629634,-0.5641930458548716,-0.16183769490473246
74.9877217,0.584716558814066,-0.550593933706946,-0.16377269293291766
74.99247644,0.5637438228920926,-0.5336014620491741,-0.16494893698961935
74.99723123,0.5328265659665729,-0.5134646313634811,-0.16520582090336508
75.00198597,0.49272079821004877,-0.49048139992531925,-0.1643853083094957
75.00674076,0.44435392550269115,-0.464995677866648,-0.16233686006994955
75.0114955,0.3888104443699708,-0.4373933852590231,-0.15892212796483826
75.01625029,0.32731503032884846,-0.40809759199312706,-0.15401923294677214
75.02100503,0.26121324428569,-0.37756279344195276,-0.14752648673735966
75.02575982,0.1919501323126303,-0.34626841201906094,-0.13936546640653596
75.03051456,0.12104703511916963,-0.3147116485457827,-0.1294834042580077
75.03526936,0.050076953414356015,-0.2833998355636195,-0.11785490135084609
75.0400241,-0.019361162376743336,-0.25284246393746324,-0.10448300635990725
75.04477889,-0.08566880951967137,-0.22354306259976003,-0.08939972023008769
75.04953363,-0.14727460804550435,-0.1959911104693237,-0.0726659929619314
75.05428837,-0.20266082453819634,-0.17065415318606095,-0.0543712756380929
75.05904316,-0.2503893046351206,-0.14797028887114397,-0.03463268222043745
75.0637979,-0.28912637859457824,-0.12834117766603256,-0.013593804376043373
75.06855269,-0.3176663254687775,-0.11212571767953212,0.00857678983218907
75.07330743,-0.33495301386497983,-0.0996345127077082,0.03168735526240571
75.07806222,-0.3400993716462267,-0.09112523355572288,0.055525061273722504
75.08281696,-0.3324043652267614,-0.08679894629108822,0.07985838104964835
75.08757175,-0.3113671885116624,-0.08679745049108344,0.1044397924860581
75.09232649,-0.2766983754096655,-0.09120164184460092,0.12900880703370643
75.09708128,-0.22832756635352247,-0.10003088808646998,0.15329533658701322
75.10183602,-0.16640768792714197,-0.11324338477270103,0.17702339201993317
75.10659076,-0.09131535248274958,-0.13073743603074411,0.19991508225407886
75.11134555,-0.0036473533212966086,-0.15235358349125414,0.22169485473457773
75.11610029,0.09578678258937316,-0.17787748413827126,0.24209389273229184
75.12085508,0.20597612415145103,-0.2070434170691071,0.2608545665214628
75.12560982,0.3257233838354511,-0.23953828412991063,0.2777348263496929
75.13036462,0.45366341509223684,-0.2750059644270611,0.2925124250779227
75.13511936,0.5882847900267106,-0.31305189068283773,0.30498886552455334
75.13987415,0.7279539929356185,-0.3532477361907782,0.3149929789190968
75.14462889,0.8709416791106724,-0.39513613119731394,0.3223840532276234
75.14938368,1.0154503751405852,-0.43823536086736625,0.3270544409755979
75.15413842,1.1596429438101994,-0.48204402677074315,0.32893158483323276
75.15889321,1.3016711127438105,-0.5260456741541131,0.3279794071196206
75.16364795,1.4397033799588328,-0.5697133946253443,0.3241990194283919
75.16840269,1.5719516662974107,-0.6125144084140686,0.31762872328307384
75.17315748,1.6966961821302904,-0.6539146163577613,0.3083432926424402
75.17791222,1.8123081040553246,-0.6933830963336254,0.2964525526383125
75.18266701,1.9172698015539351,-0.730396509232954,0.2820992935031535
75.18742175,2.0101924968722376,-0.7644433805511067,0.2654565817328034
75.19217654,2.0898313671862008,-0.795028236743851,0.2467245506599843
75.19693128,2.1550981910707425,-0.8216755990096086,0.22612676976176915
75.20168607,2.205071689427765,-0.8439338660994842,0.20390630710833224
75.20644081,2.2390057095980285,-0.8613791438151471,0.180321612554771
75.2111956,2.256335356170827,-0.8736190921355533,0.15564235821376493
75.21595035,2.2566810988375923,-0.8802968534227285,0.1301453726049303
75.22070508,2.239850807719637,-0.881095093956164,0.10411079109891137
75.22545988,2.20583960028711,-0.8757401393166012,0.0778185172425903
75.23021462,2.1548273461023904,-0.8640061200797811,0.051545052480333524
75.23496941,2.087173673667426,-0.8457189787894497,0.025560715136317986
75.23972415,2.0034103582923235,-0.8207601334187951,0.00012724263540640405
75.24447894,1.9042310369083526,-0.7890695560243367,-0.024504241513877527
75.24923368,1.790478288813134,-0.7506480145483819,-0.048094914666896284
75.25398847,1.6631282342496199,-0.705558243191971,-0.07041961065085581
75.25874321,1.5232729289332283,-0.6539248506034508,-0.09126786092040953
75.263498,1.3721009625252414,-0.5959328399095205,-0.11044465391261891
75.26825274,1.2108767885971239,-0.5318246926679447,-0.12777097494164308
75.27300753,1.0409194073226042,-0.46189605150352414,-0.1430842247030756
75.27776227,0.8635810778282136,-0.3864901157395126,-0.15623864303322013
75.28251701,0.6802267489179143,-0.30599093594776355,-0.16710587231323074
75.2872718,0.492214864985212,-0.22081585581813107,-0.17557577279572648
75.2920266,0.300880133288446,-0.1314074038282885,-0.18155755045355343
75.29678133,0.10751873746068787,-0.03822498287141864,-0.18498118805550046
75.30153607,-0.08662364025398962,0.05826325927985289,-0.18579910050558568
75.30629087,-0.28036075914056663,0.15758797746964212,-0.1839878836810669
75.3110456,-0.47257162914087414,0.2592851988136852,-0.17955000264975482
75.3158004,-0.6622032249817265,0.3629015546910809,-0.17251527226478558
75.32055514,-0.8482702587034484,0.4679978848051896,-0.1629420158829038
75.32530993,-1.0298522665944965,0.5741510223076758,-0.15091783678345427
75.33006467,-1.206088355545722,0.6809536865107215,-0.13655998931100463
75.33481946,-1.3761700338862586,0.7880125292766447,-0.12001537977792766
75.3395742,-1.53933262867391,0.8949444868867545,-0.10146025078319172
75.34432894,-1.6948458693378776,1.0013716702974444,-0.08109960341965791
75.34908373,-1.842004296606522,1.106915080224131,-0.059166393600105165
75.35383847,-1.9801182296948465,1.2111874647332967,-0.035920509859790596
75.35859326,-2.108506080067239,1.3137856575720082,-0.01164751035782097
75.363348,-2.2264888167661514,1.4142827584803372,0.013342924967483436
75.36810279,-2.3333873452517873,1.5122205505866795,0.03871888017738833
75.37285753,-2.428523444010782,1.6071025937691206,0.06412847731680667
75.37761232,-2.511224708007869,1.698388476669715,0.08920258016158181
75.38236706,-2.5808336867177055,1.7854897394502451,0.11355796195149905
75.38712186,-2.636721100469528,1.8677679805286502,0.13680096940476208
75.3918766,-2.6783027030418913,1.9445356231690183,0.15853171755791956
75.39663139,-2.7050590640254577,2.015059736614296,0.17834885152011418
75.40138613,-2.7165573026146026,2.078569182302548,0.1958549071234316
75.40614092,-2.7124736399674374,2.1342651963742374,0.2106622903146461
75.41089566,-2.6926155633513047,2.1813353388531906,0.2223998751054924
75.4156504,-2.65694241053084,2.2189705539776154,0.2307201927304627
75.42040519,-2.6055832725827117,2.2463849103926656,0.2353071502868935
75.42515993,-2.538851254797333,2.2628374359088568,0.2358841748202705
75.42991472,-2.457253304220824,2.267655336975161,0.23222262826806134
75.43466946,-2.3614949895370296,2.26025780205034,0.22415028127188186
75.43942425,-2.2524797957503275,2.2401795313659525,0.21155957369808387
75.44417899,-2.1313026751033672,2.207093111071499,0.19441533362785293
75.44893378,-1.9992377860739563,2.1608293543383423,0.1727615828128091
75.45368852,-1.857720563272939,2.101394763389635,0.14672703277406107
75.45844331,-1.7083244960419122,2.0289853241335742,0.11652887783173509
75.46319805,-1.5527332464753145,1.9439959305584749,0.08247452351971939
75.46795284,-1.3927089907138732,1.8470248518949577,0.04496095271582606
75.47270758,-1.2300580916842063,1.7388728036948706,0.00447152492300903
75.47746232,-1.066595372096881,1.6205363636287653,-0.03842988158237608
75.48221712,-0.9041083228256162,1.4931956792454077,-0.08310735235821748
75.48697186,-0.744322538391152,1.358196639351717,-0.12886389429006778
75.49172665,-0.58886952503787,1.2170279104048816,-0.1749546149339394
75.49648139,-0.4392578070588188,1.07129345858208,-0.22060178397393032
75.50123618,-0.2968480069099758,0.9226813701680526,-0.26501136400416925
75.50599092,-0.16283233660167634,0.7729299330509309,-0.3073905360812212
75.51074571,-0.0382187389329037,0.6237920411433177,-0.34696569788261394
75.51550045,0.07618023612358886,0.476999028227548,-0.38300038668585024
75.52025524,0.17975385139186345,0.33422502992538705,-0.4148125828570321
75.52500998,0.27209502631531557,0.19705291754561693,-0.4417908820922997
75.52976477,0.352997820571387,0.0669427529351178,-0.46340907795297565
75.53451951,0.42245085986679287,-0.054796412065219166,-0.4792387585866055
75.53927425,0.4806270879503694,-0.16703071494055,-0.48895958440359977
75.54402904,0.527870298264553,-0.2688211232447045,-0.4923669746018674
75.54878378,0.5646789488350081,-0.35943818305396763,-0.4893769925099573
75.55353857,0.5916877919442914,-0.43837168339576393,-0.4800282872932474
75.55829331,0.6096478569596727,-0.5053352010421103,-0.4644810263101455
75.56304811,0.6194053139280691,-0.5602656374521443,-0.44301283970368727
75.56780284,0.6218797216299319,-0.6033179956702608,-0.41601189550525747
75.57255764,0.6180421312503002,-0.6348557661521194,-0.3839673259965569
75.57731238,0.6088934797978743,-0.6554373922989521,-0.34745732779990796
75.58206712,0.5954436689042193,-0.6657993644755378,-0.3071353493624597
75.58682191,0.5786916862703861,-0.666836542433402,-0.2637148489258676
75.5915767,0.5596070892093193,-0.659580329437046,-0.21795314513448047
75.59633144,0.5391131320004566,-0.6451753182525031,-0.17063488858430018
75.60108618,0.5180717798646084,-0.624855002798158,-0.12255565924907239
75.60584097,0.497270810349807,-0.599917104639579,-0.0745061481791211
75.61059571,0.4774131557716863,-0.5716990065317049,-0.027257318571784053
75.6153505,0.45910858675977506,-0.5415537217976852,0.018453132960024606
75.62010524,0.4428677769465127,-0.5108267635810405,0.06193277376496047
75.62486003,0.42909872421163786,-0.48083421553738326,0.10254473030940098
75.62961477,0.41810543847966714,-0.45284224725412464,0.13971619862876902
75.63436956,0.41008874537988393,-0.4280482642005849,0.1729451636323242
75.6391243,0.4051490054066277,-0.4075638334636128,0.20180539366984837
75.6438791,0.4032905152758758,-0.39239948328509705,0.22594984273026852
75.64863383,0.40442734555159643,-0.38345143714287855,0.24511264495863447
75.65338857,0.40839037640393894,-0.381490312412643,0.25910991678017115
75.65814337,0.4149353176629029,-0.3871517897683058,0.2678395842662391
75.66289811,0.42375153317784037,-0.4009292422069709,0.2712804256908836
75.6676529,0.43447152481374796,-0.4231683012097571,0.26949046641385405
75.67240764,0.44668096102173255,-0.4540633308351268,0.262604795571089
75.67716243,0.4599291538068516,-0.49365577689124956,0.2508328034141275
75.68191717,0.473739893898195,-0.541834356254823,0.23445477487306993
75.68667196,0.48762254775799,-0.5983370498345502,0.21381772751448083
75.6914267,0.5010833047795392,-0.6627548607983984,0.18933035792854297
75.69618149,0.513636442612449,-0.7345372965660363,0.16145696542367052
75.70093623,0.5248154569458611,-0.8129995277626129,0.13071025779570525
75.70569102,0.534183882893945,-0.8973311692962382,0.09764300801258971
75.71044576,0.5413456215549859,-0.986606618017578,0.06283861567863641
75.71520055,0.5459545795722478,-1.0797968685351886,0.02690072304949885
75.71995529,0.5477234323206133,-1.1757827144587885,-0.009557869410675294
75.72471003,0.5464313319678159,-1.2733692276395097,-0.04592666038127407
75.72946482,0.5419303986091314,-1.371301393971878,-0.08160889123907542
75.73421956,0.534150854430096,-1.4682807717952666,-0.11603256072602271
75.73897436,0.5231046865062406,-1.562983027909085,-0.14866060075882806
75.7437291,0.5088877532266476,-1.6540761957695518,-0.1789998405257083
75.74848389,0.4916802823521623,-1.7402394888597141,-0.20660845096825098
75.75323863,0.47174574437283495,-1.8201824874651975,-0.23110164869841182
75.75799342,0.4494281204944422,-1.892664497087391,-0.25215553970191906
75.76274816,0.42514761624123854,-1.9565138496113916,-0.2695090894202713
75.76750295,0.39939489486244256,-2.010646882888547,-0.28296430749466
75.77225769,0.3727239159512128,-2.0540862908238626,-0.2923848254167538
75.77701248,0.34574346266695777,-2.0859784867254088,-0.2976931194987657
75.78176722,0.3191074276618498,-2.1056095722010983,-0.2988666877651347
75.78652196,0.2935039087231174,-2.112419458959727,-0.2959335256927913
75.79127675,0.2696431485620076,-2.1060136595881804,-0.28896725979863885
75.79603149,0.24824434850634036,-2.086172254064513,-0.2780822868922689
75.80078628,0.2300214009870761,-2.052855558632248,-0.2634292276783989
75.80554102,0.21566762458325212,-2.0062060778929203,-0.24519093630789524
75.81029581,0.2058396469375339,-1.946546412403254,-0.22357921755157933
75.81505055,0.20114065982704227,-1.874372922898434,-0.19883230058933443
75.81980534,0.2021033594081258,-1.7903451154533911,-0.1712130150796544
75.82456008,0.2091729746485329,-1.695270902260047,-0.14100752210967696
75.82931488,0.22269086973280172,-1.590088098532941,-0.1085243780886222
75.83406962,0.24287927354071395,-1.4758427218101828,-0.0740936593194646
75.83882441,0.26982773320916376,-1.3536648478013389,-0.03806585217271485
75.84357915,0.3034819020401068,-1.224742928909968,-0.000810219529538729
75.84833394,0.34363524912377497,-1.0902975816928095,0.03728761206885351
75.85308868,0.38992421674222427,-0.951555886732051,0.07582903946038454
75.85784342,0.4418272539121319,-0.8097272147357067,0.11440695368048531
75.86259821,0.4986680266966005,-0.6659814998265418,0.1526113001280329
75.86735295,0.5596229579566094,-0.5214307347515963,0.19003562250574574
75.87210774,0.6237330923282095,-0.37711427645780954,0.2262843824974709
75.87686248,0.6899201268612982,-0.2339883383065304,0.26098076828491285
75.88161727,0.7570063016308212,-0.09291982039728167,0.29377465816697457
75.88637201,0.8237377119799552,0.04531559616443175,0.3243503897849922
75.8911268,0.8888104865869496,0.1800313809747454,0.3524339919545028
75.89588154,0.9508991742674853,0.3106245975349705,0.3777995531903875
75.90063633,1.008686599012199,0.4365675088003075,0.40027442039565614
75.90539107,1.0608943797912678,0.5573971214827531,0.41974294249775784
75.91014581,1.1063132721986753,0.6727035235821814,0.4361485051552859
75.9149006,1.1438324761669585,0.7821178954560276,0.4494936562748315
75.91965535,1.1724670703153883,0.8853010473885097,0.45983820688985544
75.92441014,1.1913827800132333,0.9819332592150085,0.4672953066082639
75.92916488,1.199917361447743,1.0717060772055909,0.4720256230993446
75.93391967,1.1975979837505624,1.1543165705631877,0.47422987761901686
75.93867441,1.184154109728192,1.229464377105519,0.47414008034813454
75.9434292,1.1595255067674197,1.2968516879767398,0.4720098583546276
75.94818394,1.12386515740517,1.3561861463406073,0.4681042797998434
75.95293873,1.0775369790327725,1.407186474423539,0.4626895679643836
75.95769347,1.021108399901233,1.4495905041228088,0.4560230870829802
75.96244826,0.9553379695658946,1.483165173797354,0.44834397825573263
75.967203,0.8811583015877279,1.507717970805225,0.43986482176357566
75.97195779,0.7996547511474341,1.5231092459299247,0.43076468483369584
75.97671253,0.7120403192569179,1.529264798920373,0.4211838647291276
75.98146727,0.6196273502931858,1.5261881286761796,0.4112205510291691
75.98622206,0.5237966535476525,1.5139717518182616,0.40092951835130247
75.9909768,0.42596473417905917,1.4928070162392924,0.390322841727412
75.9957316,0.3275498641193239,1.4629918716900299,0.37937252143497674
76.00048633,0.22993775755210027,1.4249361102651643,0.3680148233737753
76.00524113,0.13444763730199966,1.379163659398044,0.3561560844912433
76.00999587,0.042299487921835285,1.326311600672678,0.343679691967106
76.01475066,-0.0454167103400553,1.2671256981619554,0.33045391024461107
76.0195054,-0.12776898377699444,1.202452345348481,0.31634019541666414
76.02426019,-0.20400784092742597,1.1332269728115751,0.30120160175090505
76.02901493,-0.2735864885641779,1.0604590918955632,0.2849108572113696
76.03376972,-0.33617609604897203,0.9852142755152996,0.26735767718797526
76.03852446,-0.3916754739162584,0.9085934911247211,0.24845491414379942
76.04327925,-0.4402146142238133,0.8317103002563427,0.22814321644177224
76.04803399,-0.4821516541252515,0.7556665236397464,0.2063939909597173
76.05278873,-0.5180629763534372,0.6815270409548442,0.1832106146281575
76.05754352,-0.5487263512128043,0.6102944487388046,0.15862799095965277
76.06229826,-0.5750972473800935,0.5428843359346605,0.13271066765624864
76.06705305,-0.5982786805209426,0.4801019500996498,0.10554979929831294
76.07180779,-0.6194852145790928,0.4226210149985958,0.07725925326948783
76.07656258,-0.6400019679999283,0.3709654208589952,0.047971135114864914
76.08131732,-0.6611396977838409,0.3254944432907955,0.017830978060282835
76.08607212,-0.6841872324340855,0.28639205915599564,-0.013007177776980527
76.09082686,-0.7103626940463997,0.2536608215941738,-0.04438558968968823
76.09558165,-0.7407650802057864,0.22712063562685364,-0.0761472579729308
76.10033639,-0.7763278554668268,0.20641264308645044,-0.1081397571418199
76.10509118,-0.8177762180592596,0.1910082830952678,-0.14021820418513442
76.10984592,-0.8655896528289408,0.18022344361418383,-0.17224715574274121
76.11460066,-0.9199712558102474,0.17323746267051268,-0.20410130158850973
76.11935545,-0.9808251247548965,0.1691165780342541,-0.23566492225213778
76.12411019,-1.0477428627731864,0.16684126661404605,-0.26683018666350133
76.12886498,-1.1199999504097735,0.16533676695778685,-0.29749446272520835
76.13361972,-1.1965624178097263,0.16350594847188052,-0.32755688499384067
76.13837451,-1.2761039071066838,0.160263587692438,-0.3569144620862348
76.14312925,-1.3570328700471128,0.15457104180258388,-0.3854580143286226
76.14788404,-1.4375293100812758,0.14547027628218714,-0.41306821962833995
76.15263878,-1.5155901618010303,0.13211620738740065,-0.4396120250616552
76.15739357,-1.589082110643055,0.11380635844526422,-0.4649396614365443
76.16214831,-1.6558003971515003,0.09000689742380578,-0.4888824781207986
76.1669031,-1.7135319277498875,0.060374217581878935,-0.5112517889584707
76.17165784,-1.7601208346658572,0.02477134007926385,-0.5318388793500161
76.17641264,-1.7935345003885381,-0.016721444410617892,-0.5504162672237406
76.18116738,-1.811927996512901,-0.06380211966551265,-0.5667402431241705
76.18592212,-1.8137048906853108,-0.11594892100624457,-0.5805546503887398
76.19067691,-1.797572452064388,-0.1724288010206384,-0.5915958193522668
76.19543165,-1.762589434100434,-0.23231223842231427,-0.5995985461403912
76.20018644,-1.7082048286202585,-0.29449404230454906,-0.6043030006685677
76.20494118,-1.6342862596157988,-0.35771960892495874,-0.6054624431111422
76.20969597,-1.5411370093467416,-0.42061590859365583,-0.6028516046224403
76.21445071,-1.4295010325118405,-0.48172632463632276,-0.596275536056013
76.2192055,-1.3005557038281927,-0.5395483429188466,-0.58557865186258
76.22396024,-1.1558924456094688,-0.5925730063131779,-0.5706536135552518
76.22871503,-0.9974857775328795,-0.6393250090558916,-0.5514496343310327
76.23346977,-0.8276517020886419,-0.6784023132973773,-0.5279797669326914
76.23822456,-0.6489966690575595,-0.7085142220880414,-0.5003267700954065
76.2429793,-0.46435863786421094,-0.7285169328200691,-0.4686472258323123
76.24773404,-0.2767419700580248,-0.737445712298601,-0.43317367798073614
76.25248883,-0.08924803185290517,-0.7345429672734067,-0.39421465878291995
76.25724357,0.09499653231513261,-0.7192816217627401,-0.35215255225415065
76.26199837,0.2729118786764717,-0.6913833473285964,-0.30743931102166344
76.2667531,0.44153546534546223,-0.6508313205904678,-0.2605901040928062
76.2715079,0.5980891483556424,-0.5978773019702603,-0.21217503155893574
76.27626264,0.7400411961134842,-0.5330429398013337,-0.16280909745022876
76.28101743,0.8651617368766834,-0.45711530297001707,-0.1131406792269921
76.28577217,0.9715703761167038,-0.3711367317225747,-0.06383876929043618
76.29052696,1.0577749659934204,-0.2763891703727985,-0.01557929291037656
76.2952817,1.1227007701700102,-0.17437321073648562,0.030969167184861097
76.30003649,1.165709536717294,-0.06678213765622577,0.07515988468025224
76.30479123,1.1866082626154604,0.04452866430737952,0.1163823667707935
76.30954602,1.185647697711557,0.15757650466734846,0.15407620874255992
76.31430076,1.1635108865589319,0.2702898491067249,0.1877440429454662
76.3190555,1.1212922772056266,0.380549810566125,0.21696321306532493
76.32381029,1.060468132024476,0.486233914816622,0.24139582520463074
76.32856503,0.982859153211595,0.5852612710753463,0.2607968524352384
76.33331982,0.890586381163696,0.6756381735293387,0.27502000367123774
76.33807456,0.7860215352372574,0.755503075387895,0.2840211197339683
76.34282936,0.6717330432601775,0.8231698224439322,0.28785893589828515
76.3475841,0.5504290507300208,0.8771680151720037,0.2866931501092097
76.35233889,0.424898715960859,0.916279391291134,0.28077985081833723
76.35709363,0.29795308614753074,0.9395691853645021,0.270464475097636
76.36184837,0.17236681320534222,0.9464115264423252,0.2561725731155443
76.36660316,0.050821908729603536,0.936508075279575,0.23839873867642122
76.3713579,-0.06414534400344876,0.9098992748828283,0.21769412139513425
76.37611269,-0.17019330449587844,0.8669677872522824,0.1946529632728446
76.38086743,-0.26521881835863304,0.8084339094441835,0.16989860372946805
76.38562222,-0.3473952252577089,0.7353429960543244,0.14406937697295302
76.39037696,-0.4152039114132342,0.6490451533116747,0.11780478875290233
76.39513175,-0.46745893734122823,0.5511677006366118,0.0917323110954658
76.39988649,-0.5033244237907685,0.4435811065510351,0.06645507900541471
76.40464128,-0.5223245277881372,0.32835928616891225,0.042540717590558066
76.40939602,-0.5243459832177793,0.2077352887078408,0.020511474964558386
76.41415081,-0.5096333153560679,0.08405350052593787,0.0008357856596169698
76.41890555,-0.4787769661518357,-0.040280459087070834,-0.016078661603648525
76.42366034,-0.43269468681363016,-0.1628509629832783,-0.0298903318506563
76.42841508,-0.3726066666401179,-0.28128356278242683,-0.04032776385591816
76.43316988,-0.3000049727090965,-0.39329503222815093,-0.04719209140460941
76.43792462,-0.21661797423627158,-0.4967412350107357,-0.05035829470237816
76.44267936,-0.1243705163656199,-0.5896618676518881,-0.049775328538245546
76.44743415,-0.025340686830666412,-0.6703212165143412,-0.04546526636523961
76.45218889,0.07828591942671138,-0.7372441606777534,-0.0375215710979435
76.45694368,0.18426349117739307,-0.7892467501852799,-0.026106563287390337
76.46169842,0.2903338799513681,-0.8254607933622715,-0.011448115360664143
76.46645321,0.39427409715777817,-0.8453519976305705,0.0061644348670817795
76.47120795,0.49394247187479084,-0.8487313235470324,0.026385180306177928
76.47596274,0.5873225378342604,-0.8357593282857168,0.04881738183542985
76.48071748,0.6725637570670113,-0.8069433891323393,0.0730200570346187
76.48547227,0.7480182407599347,-0.763127808113285,0.09851538684068067
76.49022701,0.8122726969836357,-0.7054769064056153,0.12479684928288064
76.4949818,0.8641749224539461,-0.635451324370838,0.1513379358708228
76.49973654,0.9028542640428648,-0.5547778534947915,0.17760127420365707
76.50449128,0.9277356070111139,-0.4654132438499556,0.20304797939792096
76.50924607,0.9385465995066571,-0.36950255812413785,0.22714708275063486
76.51400081,0.9353179915015403,-0.2693327826908114,0.2493849228936238
76.51875561,0.9183771434090725,-0.16728255689444924,0.26927441318074025
76.52351034,0.88833493737997,-0.06576903871776678,0.28636410527725153
76.52826514,0.846066495416543,0.03280692199264096,0.3002469500695793
76.53301988,0.7926862653134781,0.1261159976307836,0.31056862077984915
76.53777467,0.7295181701167854,0.21195458159463612,0.3170352220754105
76.54252941,0.6580616230282522,0.28829652345938145,0.3194201742394236
76.5472842,0.5799542850074259,0.35334096915390956,0.3175700405914387
76.55203894,0.4969324885537045,0.4055549575681153,0.3114090638197137
76.55679373,0.41079027297120185,0.44370957069760575,0.3009421950264755
76.56154847,0.32333797913292756,0.46690863419689915,0.2862564373767812
76.56630321,0.23636133940673515,0.47460920595639333,0.26752037964596803
76.571058,0.15158197294116288,0.46663335591514954,0.24498185672940215
76.57581274,0.07062015806368103,0.44317101333538483,0.21896373882280412
76.58056753,-0.005039298951410742,0.40477392177921556,0.18985791660028434
76.58532227,-0.07407734784662216,0.3523409842650716,0.1581176156644428
76.59007706,-0.13536646651975545,0.2870954942080787,0.12424823603022754
76.5948318,-0.1879913627911158,0.2105549297623575,0.08879696325977707
76.5995866,-0.23126417318619683,0.12449414157631158,0.052341428575393034
76.60434133,-0.26473386990282743,0.03090288953403995,0.015477702997500951
76.60909613,-0.28818974414371096,-0.06806121476838538,-0.021192099410763148
76.61385087,-0.3016589978256796,-0.1701232251327162,-0.057072351577310554
76.61860566,-0.3053986392969661,-0.2729436483505623,-0.09158633465435592
76.6233604,-0.2998820353116941,-0.37417228298738425,-0.12418831621771695
76.62811519,-0.28578061519165937,-0.4715018839525467,-0.15437504872626076
76.63286993,-0.2639413494549983,-0.5627204435959413,-0.18169643883382694
76.63762467,-0.2353607314857483,-0.6457609155688201,-0.2057651197891383
76.64237946,-0.20115607487214676,-0.7187472601462771,-0.22626464568268884
76.6471342,-0.16253499761085638,-0.7800357590263164,-0.24295603169759697
76.65188899,-0.12076399271435859,-0.8282506366326922,-0.2556823994398435
76.65664373,-0.07713697783189317,-0.8623131384648608,-0.26437155120514333
76.66139852,-0.032944670940223214,-0.8814633599135757,-0.26903638038727357
76.66615326,0.010554445082041952,-0.8852742942618774,-0.2697731103968665
76.67090805,0.05216092505655666,-0.8736577761991021,-0.2667574281200924
76.67566279,0.0907584323825757,-0.846862232411935,-0.26023863481385234
76.68041758,0.12533473760358618,-0.8054624030038341,-0.25053197872526134
76.68517232,0.1549994592098989,-0.7503414497033585,-0.2380093641046276
76.68992712,0.17899849586458663,-0.6826660984800579,-0.22308865645511725
76.69468186,0.19672519966829757,-0.6038556562114477,-0.2062218304244748
76.6994366,0.20772840025854358,-0.5155458807878142,-0.18788224052222205
76.70419139,0.21171741249234438,-0.41954876740025826,-0.16855133772984374
76.70894613,0.20856415650149907,-0.3178093440447184,-0.14870520257449069
76.71370092,0.19830250217890674,-0.21236055449638014,-0.1288013079678388
76.71845566,0.18112493479557393,-0.1052772575455816,-0.10926595393687807
76.72321045,0.15737663519738287,0.0013697012583796836,-0.09048282631009813
76.72796519,0.1275470821930584,0.10555847264640737,-0.0727831199577062
76.73271998,0.09225931606998386,0.20535945206339404,-0.0564376294197215
76.73747472,0.052257045746418686,0.29897607874494186,-0.04165113721973508
76.74222951,0.008389829280455868,0.38478253210553304,-0.028559316166471456
76.74698425,-0.03840340215209437,0.4613577196275698,-0.017228209383759716
76.75173904,-0.08711218180511807,0.5275149863490665,-0.007656177858571195
76.75649378,-0.13667340518830073,0.5823270044718406,0.00022195956409782494
76.76124857,-0.18599099625901191,0.6251453273407521,0.006528988545556897
76.76600331,-0.23395606836304528,0.6556141197997257,0.011438005795773715
76.77075805,-0.2794673264317722,0.6736776117808219,0.015164181121702728
76.77551285,-0.3214514723314364,0.6795808707107086,0.017955901302740662
76.78026758,-0.35888338045677404,0.6738635603828503,0.02008552371182519
76.78502238,-0.3908058031992961,0.6573464604910314,0.021839896046389487
76.78977712,-0.4163483481674964,0.6311106715985959,0.02351077628776837
76.79453191,-0.434745447243297,0.5964696287789678,0.025385312245007733
76.79928665,-0.44535301840259806,0.5549342889445716,0.02773679120300444
76.80404144,-0.44766350882925937,0.5081721286755657,0.03081591760326571
76.80879618,-0.44131900307370775,0.4579608708262545,0.03484289586439971
76.81355097,-0.426122081679383,0.40613812524354953,0.04000057624407247
76.81830571,-0.40204412282105845,0.35454835817037467,0.04642886900634829
76.8230605,-0.36923075304627373,0.3049887778456139,0.054220560057822796
76.82781524,-0.3280041761802707,0.2591558292541582,0.06341858526956351
76.83257003,-0.2788621453898204,0.21859402496752317,0.07401475349545966
76.83732477,-0.22247339505405941,0.18464880334762585,0.08594985730421126
76.84207951,-0.15966941807395255,0.15842500567434814,0.09911507714780804
76.8468343,-0.09143256109631925,0.1407524073992162,0.11335456492879703
76.85158904,-0.01888051388827266,0.13215953322743348,0.12846907932300589
76.85634383,0.05675261352845781,0.13285673775471182,0.14422053147778463
76.86109857,0.13413830774926036,0.142729248572739,0.1603372845153336
76.86585337,0.21187832204441956,0.16134055216802734,0.17652003786065767
76.8706081,0.2885314492268138,0.1879461600252221,0.19244812429497768
76.8753629,0.3626417611556194,0.22151743018295136,0.207786057869433
76.88011764,0.4327676252763047,0.26077474796200545,0.2221901932385353
76.88487243,0.49751079264231934,0.3042290023338523,0.235315386071984
76.88962717,0.5555448734713623,0.3502299492759789,0.2468215734338601
76.89438191,0.6056425692101455,0.397019751889954,0.25638021763575386
76.8991367,0.6467011024181542,0.44278975158533723,0.263680574514009
76.90389144,0.6777653637339455,0.4857383748893686,0.2684357558893005
76.90864623,0.6980483678975548,0.5241280292490134,0.2703885556605343
76.91340097,0.7069486730679747,0.5563388929574323,0.2693170014241862
76.91815576,0.7040644693763168,0.5809176561988942,0.2650395834364293
76.9229105,0.6892040863891498,0.596619514269253,0.2574201054969494
76.92766529,0.6623927081513739,0.6024420388141002,0.24637209993259018
76.93242003,0.6238751216285735,0.5976499434895918,0.23186274760689066
76.93717482,0.5741143621674151,0.5817901977472726,0.21391623580562488
76.94192956,0.5137861607181491,0.5546974027157449,0.1926164641922683
76.94668436,0.44376914578618015,0.5164897982123707,0.16810896941785583
76.9514391,0.3651308134859731,0.4675566893336291,0.1406018888780325
76.95619383,0.27910935674385895,0.4085384362929757,0.11036573902289083
76.96094863,0.18709154239046083,0.3403004198769548,0.07773176415307927
76.96570342,0.09058694119168863,0.26390256324907224,0.04308863610802229
76.97045816,-0.00880105512986423,0.18056605299570228,0.006877361381364056
76.9752129,-0.10940686356286461,0.09163885844419555,-0.030415628122083163
76.97996769,-0.20953629558685105,-0.0014384965993510727,-0.06826708387709958
76.98472243,-0.3075013036778444,-0.09716569059950125,-0.10612699983665437
76.98947722,-0.4016550179821249,-0.19401297644296328,-0.1434297725950966
76.99423196,-0.4904261648308806,-0.29044860360153946,-0.17960605670806593
76.99898675,-0.5723519627071577,-0.3849630767533442,-0.2140948926793319
77.00374149,-0.6461086368177321,-0.4760903535524199,-0.24635569795770043
77.00849628,-0.710538775410097,-0.5624263313808867,-0.2758797438499079
77.01325102,-0.7646748595330404,-0.6426451305595757,-0.30220078821825513
77.01800576,-0.8077584205145127,-0.7155137445276427,-0.3249045916613383
77.02276055,-0.839254404413759,-0.7799056035660324,-0.3436371084036191
77.02751529,-0.858860443073839,-0.8348135034640416,-0.3581112058525742
77.03227008,-0.8665108461254641,-0.8793622040178385,-0.3681118239862093
77.03702482,-0.8623752405144283,-0.9128208260349707,-0.37349953589233237
77.04177962,-0.8468518976583022,-0.9346149909053199,-0.3742125136859533
77.04653436,-0.8205559051933049,-0.9443384723242624,-0.370266938270813
77.05128915,-0.7843024603471901,-0.9417639790733481,-0.36175591455794653
77.05604389,-0.7390856838460422,-0.9268525692102115,-0.3488469651809636
77.06079868,-0.6860534745585788,-0.89976111404991,-0.33177817921067243
77.06555342,-0.6264790421402864,-0.860847187558557,-0.3108530957074149
77.07030821,-0.5617298623926469,-0.810670755161482,-0.2864344134635178
77.07506295,-0.4932348907889797,-0.7499920765746773,-0.258936642075153
77.07981774,-0.42245093545223494,-0.6797653196461695,-0.2288178431461638
77.08457248,-0.350829124089352,-0.6011275041724543,-0.19657064687215262
77.08932722,-0.2797823945647881,-0.5153825528253404,-0.16271276075452948
77.09408201,-0.21065489384628397,-0.42398041636308986,-0.12777720832592895
77.09883675,-0.14469408637390035,-0.32849145637026395,-0.09230254354786527
77.10359154,-0.0830262551437067,-0.23057650215237785,-0.05682327905117901
77.10834628,-0.026635934591784254,-0.13195323629002106,-0.021860742345556208
77.11310107,0.02365034605230709,-0.034359788820828144,0.012085465576900628
77.11785581,0.06717579482510301,0.06048338613860035,0.044545285047973254
77.1226106,0.10346050699821134,0.15091213338380532,0.0750852130405281
77.12736534,0.13220411499978477,0.23535642006936328,0.1033144873195287
77.13212014,0.15328413886861386,0.31237604831159776,0.12889043003017167
77.13687488,0.16675033610580606,0.3806930020871472,0.15152294155818719
77.14162967,0.1728154304455309,0.4392192937356179,0.1709781181347828
77.14638441,0.17184266376113772,0.48707935220922755,0.18708094270791648
77.1511392,0.1643306637051419,0.5236262202768054,0.19971698141382682
77.15589394,0.1508961501977298,0.5484510909409802,0.20883301767793513
77.16064868,0.13225501555250355,0.5613860014663908,0.2144365755933359
77.16540347,0.1092023070271321,0.5624998006984815,0.21659431924474493
77.17015821,0.08259162060842756,0.552087793375081,0.21542935531422272
77.174913,0.05331438592268869,0.530655724721146,0.2111175015782558
77.17966774,0.022279488546996715,0.4988989822759389,0.20388260575364323
77.18442253,-0.009606360407084659,0.457678046260788,0.19399100578582704
77.18917727,-0.04145713715223355,0.4079913071980445,0.18174521950502234
77.19393206,-0.07242457446537894,0.3509463883595742,0.167476949452988
77.1986868,-0.10171351114911312,0.28773106487079053,0.15153949979332132
77.2034416,-0.12859530074473846,0.21958476942363606,0.1342997345454732
77.20819633,-0.15241911703423106,0.14777152875081423,0.11612975842691474
77.21295113,-0.17262105288216464,0.07355500000673813,0.09739856019180344
77.21770587,-0.1887309660489817,-0.0018239125550329695,0.07846390262388418
77.22246066,-0.20037707950360512,-0.0771665685773473,0.05966475460927231
77.2272154,-0.20728839415791622,-0.15133311459281576,0.041314533324225376
77.23197014,-0.20929501850788287,-0.2232560584717014,0.023695369721086258
77.23672493,-0.20632656153882672,-0.2919510611278532,0.0070535493071381145
77.24147967,-0.19840877110655744,-0.3565252029986153,-0.008403769637993256
77.24623446,-0.18565862793913834,-0.416183036978587,-0.02251049279614735
77.2509892,-0.1682781228505863,-0.47023075747462806,-0.03514214301663303
77.25574399,-0.14654694919129616,-0.5180788028579368,-0.046215030230323445
77.26049873,-0.12081433276588234,-0.5592431745879872,-0.05568409605470204
77.26525352,-0.09149019844407964,-0.5933457100819983,-0.06353956608614174
77.27000826,-0.059035839902242204,-0.6201134959839483,-0.06980262320311711
77.27476305,-0.02395422190580449,-0.6393775594442808,-0.0745203837848898
77.27951779,0.013219989710095312,-0.6510709307296955,-0.07776049910266081
77.28427258,0.051930599588890444,-0.6552261327292811,-0.07960570505647842
77.28902732,0.0916101946467713,-0.6519721224514524,-0.08014860261765058
77.29378212,0.1316905282564783,-0.6415306864733669,-0.07948687751299366
77.29853686,0.17161288931681185,-0.6242122762609987,-0.0777190796971753
77.3032916,0.21083834208661484,-0.6004112603142265,-0.07494100523789353
77.30804639,0.24885769639056643,-0.5706005688701755,-0.0712426771868057
77.31280113,0.2852010478215852,-0.5353257144408137,-0.06670591838022476
77.31755592,0.31944671624697235,-0.4951981879140181,-0.06140254110459758
77.32231066,0.35122940688318355,-0.450888253162215,-0.055393223072217994
77.32706545,0.3802474180548775,-0.40311718807071395,-0.04872716650308878
77.33182019,0.40626872032176126,-0.3526490396345533,-0.0414426250474201
77.33657498,0.42913573160335267,-0.30028196846067023,-0.033568327506310315
77.34132972,0.448768613736583,-0.24683924948981015,-0.025125743034919667
77.34608451,0.4651669218755283,-0.19315997130626503,-0.016132047099263712
77.35083925,0.47840945496152726,-0.14008944130626527,-0.006603588102524045
77.35559404,0.48865218774009533,-0.0884692675463424,0.003440363505870773
77.36034878,0.4961242138667299,-0.03912706106562877,0.013973781801106781
77.36510357,0.5011216926873843,0.007134306330302102,0.024960126703657888
77.36985831,0.5039998625055191,0.0495479402528577,0.03634878584017673
77.37461305,0.5051632518563556,0.08739467410350123,0.04807183340412391
77.37936784,0.5050542802755812,0.12001529479855558,0.06004123972237411
77.38412258,0.504140488095906,0.14682314047471104,0.07214669522752643
77.38887738,0.5029006718237472,0.1673168906852371,0.08425423225888908
77.39363212,0.5018102307276385,0.1810932877340538,0.0962058173313188
77.39838691,0.5013260548409026,0.18785944514072725,0.1078200380675476
77.40314165,0.5018713074649277,0.18744432270625463,0.11889393192748947
77.40789644,0.5038204780181472,0.17980888598997818,0.12920591809649987
77.41265118,0.507485103141574,0.16505443038954895,0.13851972010947095
77.41740597,0.5131005721418758,0.1434285440177263,0.14658911790048434
77.42216071,0.5208144420229637,0.11532821342316707,0.15316334644676605
77.4269155,0.5306766823206135,0.08129964206211394,0.15799295876477032
77.43167024,0.5426322472391348,0.04203444962992022,0.1608359851824159
77.43642503,0.5565163315198728,-0.0016379559167868506,0.16146424010420465
77.44117977,0.5720526092041662,-0.04876190179542378,0.15966964515263346
77.44593451,0.5888546849815353,-0.09827079156713966,0.15527044911143112
77.4506893,0.6064309102432943,-0.1490060445163417,0.14811722879280018
77.45544404,0.6241926327541892,-0.19973928361159057,0.13809855241565971
77.46019883,0.6414658598791401,-0.24919730834031484,0.12514618258772675
77.46495357,0.6575062183101479,-0.29608929161401965,0.10923969399555776
77.46970837,0.6715169858138033,-0.33913555811924806,0.09041038358220228
77.4744631,0.6826698525769684,-0.3770972319333365,0.0687443578334234
77.4792179,0.6901279450569533,-0.4088059814249961,0.04438469117094047
77.48397264,0.6930705213936886,-0.4331930391683687,0.017532559874740714
77.48872743,0.6907186344180001,-0.4493166370594467,-0.011552733891909956
77.49348217,0.6823609667373912,-0.4563869790274041,-0.04255492477433474
77.49823696,0.6673789818130335,-0.45378788537117765,-0.07510320380595897
77.5029917,0.6452705125480751,-0.44109429407858974,-0.10877595858795289
77.50774649,0.615670929017631,-0.41808490367773754,-0.14310588692219572
77.51250123,0.578371090595135,-0.38474939272596514,-0.1775865147734359
77.51725597,0.5333313918620777,-0.3412898498762444,-0.21168010964111134
77.52201076,0.4806913489608291,-0.2881162853013045,-0.24482691947216478
77.5267655,0.42077433254635704,-0.22583635252247367,-0.2764555885532815
77.53152029,0.35408722292356637,-0.15523966884262105,-0.3059945166693745
77.53627503,0.2813149314822063,-0.07727736161030095,-0.33288385249769753
77.54102982,0.20330989262605917,0.006962331502054027,-0.35658776196849823
77.54578456,0.12107677751936441,0.09628142983212248,-0.37660659519419515
77.55053936,0.03575281201000156,0.18940147392867437,-0.39248858929053176
77.5552941,-0.05141580679567491,0.2849935835031112,-0.40384077805975865
77.56004889,-0.13910080997465907,0.3817082320549975,-0.41033881903027924
77.56480363,-0.22592141828441964,0.4782037412652759,-0.41173548314136377
77.56955842,-0.31047586419330486,0.5731726263096172,-0.40786757956602576
77.57431316,-0.39137414312565644,0.6653650909855325,-0.3986611129203793
77.57906795,-0.46727124611925097,0.7536091682639036,-0.38413450193625975
77.58382269,-0.5369001188242092,0.8368272141319578,-0.36439973589896
77.58857743,-0.5991035910012186,0.9140486749341622,-0.3396614101192789
77.59333222,-0.6528645252642828,0.9844192450238464,-0.31021365905393633
77.59808696,-0.6973334441436391,1.0472066984629587,-0.2764350843603849
77.60284175,-0.7318529127485465,1.1018038057501756,-0.23878184311754957
77.60759649,-0.7559779843981882,1.147728829114277,-0.19777911050361557
77.61235128,-0.7694920637499891,1.1846241273685518,-0.15401115986605657
77.61710602,-0.7724176110308891,1.212253396465019,-0.1081103160486364
77.62186081,-0.7650212049286587,1.2304980292702983,-0.06074504299308882
77.62661555,-0.7478126008337268,1.2393530033796252,-0.01260743104203373
77.63137035,-0.7215375633966815,1.2389226059623084,0.03559964430053285
77.63612508,-0.6871644144359219,1.2294161884164538,0.0831754149632681
77.64087988,-0.64586441520851,1.211144021485318,0.1294338888813054
77.64563462,-0.5989862911610663,1.1845132048551559,0.1737160338945117
77.65038941,-0.5480254007643572,1.1500234849626139,0.21540124474516786
77.65514415,-0.49458823886847686,1.1082627595468486,0.2539178976274322
77.65989894,-0.4403531389877547,1.0599020029779327,0.28875283246113553
77.66465368,-0.38702818848017956,1.0056893346047273,0.31945962969778413
77.66940842,-0.3363074881542012,0.9464429720490705,0.3456655629381569
77.67416321,-0.2898269683248106,0.8830428588123936,0.36707711417444355
77.67891795,-0.24912101416809893,0.8164208255134725,0.3834839432625193
77.68367274,-0.21558115405735861,0.7475492305821112,0.394761217273564
77.68842748,-0.1904180266292725,0.6774281231407722,0.40087023623914214
77.69318227,-0.174627767402521,0.6070710719600503,0.4018573409566767
77.69793701,-0.1689638453501154,0.5374899035595478,0.39785115009222605
77.7026918,-0.17391523493551966,0.469678683371461,0.38905823636776427
77.70744654,-0.18969163103031628,0.404597349932177,0.37575740191157203
77.71220133,-0.216216205740049,0.3431554670994659,0.3582927404642235
77.71695607,-0.2531261731451463,0.28619658788351476,0.3370656759386242
77.72171087,-0.29978117886914496,0.23448372174695453,0.3125261493351277
77.7264656,-0.35527927692316064,0.18868636372432881,0.28516310336809425
77.7312204,-0.41848000820438314,0.14936948012794982,0.25549440200524465
77.73597514,-0.4880338648671484,0.11698475685461167,0.22405633048486026
77.74072993,-0.5624172226803575,0.09186430986203796,0.1913928506910126
77.74548467,-0.6399716577762918,0.0742169422138915,0.15804482882713003
77.75023946,-0.718946441609483,0.06412691749452176,0.1245394947167933
77.7549942,-0.7975429335535372,0.06155511396205713,0.09138042266714912
77.75974894,-0.8739595669511702,0.06634233471829373,0.05903833336578766
77.76450373,-0.9464361505030493,0.07821448182430155,0.027942999474534762
77.76925847,-1.0132962774355343,0.09678926013176291,-0.0015235057076183674
77.77401326,-1.072986741568311,0.12158406105739282,-0.029032041300625856
77.778768,-1.1241129926458562,0.1520246869867204,-0.054310013152372515
77.78352279,-1.1654698144753237,0.1874546108110495,-0.07714334242040645
77.78827753,-1.1960665722974282,0.22714451772513095,-0.09737682428074307
77.79303232,-1.2151465466690694,0.27030194174606437,-0.11491296080066186
77.79778706,-1.222200047549055,0.31608088045711935,-0.12970938739545146
77.80254186,-1.216971181582139,0.3635913411762167,-0.1417750407765721
77.8072966,-1.199458323681603,0.41190883381026056,-0.15116524490340194
77.81205139,-1.169908515256919,0.4600838751092199,-0.1579759251184552
77.81680613,-1.1288061695878222,0.5071516024836175,-0.16233719954224063
77.82156092,-1.0768566045749983,0.5521416113898965,-0.16440663498990887
77.82631566,-1.0149650408491384,0.5940881288605963,-0.1643624812801156
77.83107045,-0.944211797052115,0.6320406191358535,-0.16239720105730163
77.83582519,-0.8658244827702702,0.6650748884852701,-0.15871158468855476
77.84057993,-0.7811480315648317,0.6923047178139615,-0.15350968178502716
77.84533472,-0.6916134296703033,0.7128940051144513,-0.14699470052081517
77.85008946,-0.5987059783353731,0.7260693460719209,-0.1393659359919815
77.85484425,-0.503933879513477,0.7311329210897214,-0.1308167027999305
77.85959899,-0.40879785894309617,0.7274754925817619,-0.12153317500059106
77.86435378,-0.3147624440181686,0.7145892507828673,-0.11169398275310545
77.86910852,-0.22322940461822752,0.6920801839534247,-0.10147037757631693
77.87386331,-0.13551375207736452,0.6596795949941698,-0.09102675214760975
77.87861805,-0.05282258270115359,0.6172543467511791,-0.08052128285088042
77.88337285,0.023763046044752288,0.5648153977160209,-0.070106455934875
77.88812758,0.09330310199871698,0.5025241920709745,-0.05992924866227471
77.89288238,0.1550103885960233,0.4306964950196432,-0.0501307742672758
77.89763712,0.20825918711103167,0.34980331629574063,-0.04084526871804725
77.90239191,0.25259076755973986,0.26046864030945416,-0.03219839360923924
77.90714665,0.2877158181602532,0.16346377787746824,-0.02430493741357078
77.91190144,0.3135138463324918,0.05969826830380869,-0.01726609445197797
77.91665618,0.33002960409188276,-0.04979261226334129,-0.01116656700188639
77.92141097,0.33746659478702096,-0.1638635442957195,-0.006071760782702022
77.92616571,0.33617773363078307,-0.2812777292636316,-0.0020253294411078054
77.93092045,0.3266532679101168,-0.4007278597018178,0.0009527209236815457
77.93567524,0.3095061194706361,-0.5208589095616472,0.0028672188663097418
77.94042998,0.285454894846665,-0.6402920637579644,0.0037482271506325384
77.94518477,0.25530491539225314,-0.757649044587121,0.0036506404091101556
77.94993951,0.21992774269451346,-0.8715760741729984,0.0026530190116505216
77.9546943,0.1802397986161368,-0.9807667413602489,0.0008557344334024931
77.95944904,0.13718078549782345,-1.0839831190485876,-0.0016214735535851333
77.96420383,0.09169268142252893,-1.180074598943946,-0.00464240849859653
77.96895857,0.04470010380439878,-1.2679940646481482,-0.008057661535177838
77.97371337,-0.0029072045209506243,-1.3468111959856741,-0.011708039911829927
77.9784681,-0.05028910728120668,-1.4157228704242135,-0.015428030934392987
77.9832229,-0.09666650740571452,-1.474060785195983,-0.019049170320770376
77.98797764,-0.14132913929935198,-1.5212965531636875,-0.02240322066590067
77.99273243,-0.18363957519968238,-1.5570446174606303,-0.02532511345520007
77.99748717,-0.22303349875692483,-1.5810633794638929,-0.027655653401057915
78.00224196,-0.25901648690163986,-1.5932549409684484,-0.029244013809226668
78.0069967,-0.2911577078413376,-1.593663827984046,-0.02995005952865267
78.01175149,-0.31908108210459835,-1.5824749976036252,-0.029646521940082302
78.01650623,-0.3424545613683406,-1.5600113408729381,-0.02822102781550583
78.02126102,-0.36097825496399266,-1.5267307948222129,-0.025577963010573083
78.02601576,-0.3743721766167605,-1.483223076717615,-0.021640142602759888
78.0307705,-0.3823643950183978,-1.430205962151201,-0.01635026445168244
78.03552529,-0.3846803519687359,-1.3685209520996335,-0.00967213893909857
78.04028003,-0.38103406115385247,-1.2991281162386383,-0.0015917046414606222
78.04503482,-0.3711218191379444,-1.223099862409577,0.007882151628501845
78.04978956,-0.3546189486743291,-1.1416133660002332,0.018716957215918102
78.05454436,-0.33117995557183394,-1.0559413985475319,0.030856204032195432
78.0592991,-0.3004423187660689,-0.9674413221415428,0.044219119016976734
78.06405389,-0.26203395554802766,-0.8775420644034785,0.058700712179847236
78.06880863,-0.2155842181164239,-0.7877289558141842,0.07417217638904632
78.07356342,-0.16073809248668935,-0.6995263934465359,0.09048171682633827
78.07831816,-0.09717309508024097,-0.6144783881027468,0.10745587961628891
78.08307295,-0.024618204448537725,-0.5341271505762316,0.12490143248659964
78.08782769,0.05712596635280799,-0.4599899727025859,0.14260782967641222
78.09258248,0.1481666495042778,-0.39353475590086706,0.16035027090288775
78.09733722,0.24849900498599206,-0.3361546300000293,0.17789333948203617
78.10209201,0.3579877698446236,-0.28914218419848026,0.19499517547435616
78.10684675,0.47635140513156526,-0.2536638959746688,0.2114121044424461
78.11160154,0.6031495944317448,-0.2307353889921911,0.22690360239144255
78.11635628,0.7377748313635204,-0.22119817468296524,0.24123743759677088
78.12111107,0.8794486838554179,-0.22569853251260313,0.2541947974520341
78.12586581,1.0272231478993656,-0.2446691602919168,0.2655751902026257
78.13062055,1.1799873109350896,-0.2783141786670075,0.27520091215140113
78.13537534,1.3364793432981255,-0.3265980044764281,0.2829208917425046
78.14013008,1.4953036332468344,-0.3892385182649193,0.2886137601158445
78.14488488,1.6549526845093683,-0.4657048447482545,0.2921900472063203
78.14963962,1.8138332123834529,-0.5552199448087606,0.29359345519776986
78.15439441,1.9702957125435923,-0.6567680877621231,0.2928012094008689
78.15914915,2.122666642988731,-0.7691071381371729,0.2898235252469851
78.16390394,2.2692822598745592,-0.8907854576490363,0.2847022573252091
78.16865868,2.408523085625903,-1.0201630961180126,0.2775088131951437
78.17341347,2.538847962606405,-1.1554368301317848,0.26834142380993886
78.17816821,2.6588266545039763,-1.2946685100557216,0.25732186782952676
78.182923,2.7671699958240334,-1.4358160986151471,0.24459175348095932
78.18767774,2.862756653795517,-1.576766730560202,0.23030847220068298
78.19243253,2.9446556553741323,-1.7153710938819506,0.21464095300926853
78.19718727,3.012143945773157,-1.8494784273123688,0.19776536145578885
78.20194206,3.06471838547665,-1.9769714427407257,0.1798608955699285
78.2066968,3.102101760098351,-2.0958005096361747,0.16110582738300008
78.2114516,3.1242425690059195,-2.204016476462605,0.14167391917966052
78.21620633,3.131308567678925,-2.299801547339472,0.1217313105435128
78.22096107,3.1236742544889404,-2.381497678329904,0.10143393189862622
78.22571587,3.101902701276132,-2.4476320058702434,0.08092546130500887
78.23047066,3.0667223151353222,-2.496938870549984,0.06033581092060022
78.2352254,3.0189992759833952,-2.528378054126234,0.03978011045550662
78.23998014,2.959706515561894,-2.541148908027868,0.01935814518836115
78.24473493,2.8898901879112735,-2.5347001191894654,-0.0008457981205691634
78.24948967,2.8106346313656783,-2.5087349346049486,-0.020762725598527775
78.25424446,2.723026841233169,-2.4632117490316574,-0.04033841854964295
78.2589992,2.628121463902203,-2.3983400490654705,-0.05953264775315627
78.26375399,2.526907290265865,-2.314571798633721,-0.07831815597952964
78.26850873,2.4202761727871236,-2.2125884425917786,-0.09667943248551455
78.27326352,2.3089952210970552,-2.093283793452422,-0.1146112882398222
78.27801826,2.1936830508660603,-1.957743148981319,-0.1321172274156804
78.28277305,2.0747907732343633,-1.8072190641896413,-0.14920760434707905
78.28752779,1.9525883174393703,-1.643104269759951,-0.165897558639731
78.29228253,1.827156574454527,-1.4669022901691002,-0.18220473333537887
78.29703732,1.6983857303083438,-1.2801963686457916,-0.1981467976271178
78.30179212,1.5659800211943278,-1.0846173520472566,-0.21373881220934932
78.30654686,1.4294689880574545,-0.8818112254316451,-0.22899049012766207
78.3113016,1.2882251391101167,-0.6734070115646109,-0.24390342006141777
78.31605639,1.1414877511332282,-0.46098576282077225,-0.2584683343993508
78.32081118,0.9883923625734915,-0.24605137061542695,-0.2726625219595218
78.32556592,0.828005340672692,-0.030003900231273695,-0.28644750289631915
78.33032066,0.6593627462930333,0.18588387317834984,-0.2997670974157694
78.33507545,0.48151257699742694,0.40048609840309357,-0.3125460264782455
78.33983019,0.29355934376175075,0.6128390847699721,-0.324689179385914
78.34458498,0.09470983216813501,0.8221516534698513,-0.3360816696804337
78.34933972,-0.11568118120548174,1.0278102147389137,-0.34658977796715673
78.35409451,-0.3380665378893877,1.2293783043990905,-0.35606284939118965
78.35884925,-0.572664932092967,1.4265904594216052,-0.3643361758912636
78.36360404,-0.8194230563209776,1.6193404789341037,-0.37123485035008447
78.36835878,-1.0779828949734838,1.8076642979535986,-0.3765785323657943
78.37311357,-1.3476553190428922,1.991717887513384,-0.380187014678915
78.37786831,-1.627401014370255,2.171750777141593,-0.3818864274248138
78.38262311,-1.915819616941352,2.348075964154001,-0.38151586818762345
78.38737784,-2.2111477315983836,2.5210371203212025,-0.37893420448857124
78.39213264,-2.5112662790616,2.69097412338847,-0.37402676705832355
78.39688738,-2.8137173587982174,2.8581880235660164,-0.36671164085793523
78.40164217,-3.115730544989786,3.022906599287842,-0.3569452678986441
78.40639691,-3.4142582650026525,3.1852516587518784,-0.34472710043744764
78.4111517,-3.706019659192323,3.345209201942544,-0.3301030817237606
78.41590644,-3.9875520992370213,3.502603472633769,-0.3131677794294228
78.42066118,-4.255269356718439,3.6570758053725614,-0.2940650496890925
78.42541597,-4.5055252673743285,3.808069016075448,-0.27298716425716624
78.43017071,-4.734681628910034,3.95481790669419,-0.25017238804642056
78.4349255,-4.939178997426048,4.096346266222859,-0.22590104778935366
78.43968024,-5.1156090011828095,4.231470564381783,-0.20049018247815273
78.44443503,-5.260786759750634,4.358810361366186,-0.17428691027549456
78.44918977,-5.371821972391599,4.476805303958472,-0.147660683930752
78.45394456,-5.446187218248587,4.583738446501613,-0.12099463830982976
78.4586993,-5.481781995642033,4.677765521098591,-0.09467626064659661
78.4634541,-5.476991026569526,4.75694967840484,-0.06908763644737667
78.46820883,-5.4307353760621595,4.8193011215388255,-0.04459554010858958
78.47296363,-5.3425149950728645,4.8628209555449065,-0.021541647525118945
78.47771837,-5.212441397791233,4.885548471220994,-0.0002331476145650489
78.48247316,-5.041259332105546,4.885610976419532,0.019065978521904153
78.4872279,-4.830356492313292,4.861275184427215,0.03614275653539313
78.49198269,-4.581760549794056,4.810999073124484,0.05084186042531272
78.49673743,-4.298123033280542,4.7334830455311145,0.06307088276150685
78.50149222,-3.982689869622216,4.62771915661876,0.07280404201251792
78.50624696,-3.6392586939366858,4.493037126894165,0.08008415862651845
78.5110017,-3.2721233514531685,4.329145843835533,0.08502275672177685
78.51575649,-2.8860063395172717,4.1361690611141055,0.08779817868907364
78.52051128,-2.485980273967731,3.914674045666778,0.08865163920187703
78.52526602,-2.0773798041007963,3.66569199691078,0.08788119522205186
78.53002081,-1.6657057357379923,3.390729173389527,0.08583366999299853
78.53477555,-1.2565234387327628,3.0917678122086025,0.08289464121162538
78.53953029,-0.855357894374485,2.771256117100914,0.07947668574263124
78.54428508,-0.4675879553726355,2.4320868216837757,0.07600616359557812
78.54903982,-0.09834251994968703,2.077564103451689,0.07290891778851351
78.55379462,0.24759866143210008,1.7113589272953476,0.0705953551320081
78.55854936,0.5658969374844902,1.337453228671654,0.0694454434804316
78.56330415,0.8527370931034044,0.9600736974079651,0.06979420212655445
78.56805889,1.104898049238978,0.5836162825070846,0.07191826826525574
78.57281368,1.3198103366242222,0.21256289320505786,0.07602409603422466
78.57756842,1.4955992317239066,-0.14860789239325126,0.08223829199032287
78.58232321,1.6311129207751498,-0.4955139978017178,0.09060051731203352
78.58707795,1.7259354984941633,-0.823964533013631,0.10105929503008786
78.59183274,1.780384988568868,-1.130053445079387,0.11347095279048103
78.59658748,1.7954968852927253,-1.4102494847768736,0.12760181351146807
78.60134227,1.7729939638683039,-1.661479832354676,0.14313362485372827
78.60609701,1.7152433035443755,-1.8812048153152792,0.15967209898512327
78.6108518,1.6252016297424434,-2.0674813357397523,0.1767583191312172
78.61560654,1.5063502258026533,-2.2190128960176314,0.19388266030707396
78.62036133,1.362620804727187,-2.3351844592725945,0.21050077091956282
78.62511607,1.1983138710251793,-2.416080791712073,0.2260510732887694
78.62987087,1.018011237951196,-2.46248739522473,0.23997316864973858
78.63462561,0.8264844846957948,-2.4758736364571217,0.2517264804052471
78.6393804,0.6286012277685913,-2.458358199916783,0.2608084437344447
78.64413514,0.42923112921724044,-2.4126575227924096,0.26677155581438294
78.64888993,0.2331535640615686,-2.342018391433487,0.2692386431031222
78.65364467,0.044968817980499905,-2.2501363754117714,0.2679157811524716
78.65839941,-0.13098541389028287,-2.141062226349671,0.2626024141506764
78.6631542,-0.2907105994953287,-2.019098758208014,0.2531983565615517
78.66790899,-0.43061556531673123,-1.888691038657462,0.2397075048712237
78.67266373,-0.5475750745618467,-1.754312945432856,0.22223822961321177
78.67741847,-0.6389777804317864,-1.6203532684821598,0.20100054410138604
78.68217326,-0.7027628008106285,-1.4910045635642746,0.1763002477795201
78.686928,-0.7374444333928806,-1.370157885247142,0.14853031529307792
78.69168279,-0.7421248165803636,-1.261306350447093,0.11815985054710493
78.69643753,-0.7164946329050915,-1.1674602144616693,0.08572095758692475
78.70119232,-0.6608222372712707,-1.0910757894798795,0.05179390939125067
78.70594706,-0.575931860825011,-1.034000113217542,0.016991031437633704
78.71070186,-0.4631717834759129,-0.9974327976219508,-0.01806023784973067
78.7154566,-0.32437357735214817,-0.9819059712772156,-0.052734598176862824
78.72021139,-0.16180369547039491,-0.9872826916849425,-0.08642589593911452
78.72496613,0.02189118829203214,-1.0127736624793182,-0.11856331377823782
78.72972092,0.22374359299795948,-1.0569715629214502,-0.14862617259106284
78.73447566,0.44052786035211783,-1.1179017986971116,-0.17615682093009705
78.73923045,0.6688244673336068,-1.1930880282254908,-0.20077116517160445
78.74398519,0.9050845409323834,-1.2796304190630476,-0.2221665013030829
78.74873998,1.1456931896049372,-1.3742942538368292,-0.24012643526522473
78.75349472,1.3870303979320386,-1.4736062418489935,-0.25452281033704716
78.75824951,1.6255283904963975,-1.5739557072337496,-0.26531468461414226
78.76300425,1.85772454885713,-1.6716977225876772,-0.27254451074691843
78.76775904,2.0803091534433262,-1.763255242226001,-0.27633176048236613
78.77251378,2.290167414634669,-1.845217363382656,-0.27686430888885405
78.77726857,2.4844154514049213,-1.9144310060829268,-0.2743879501699377
78.78202331,2.66043007006499,-1.9680835499702805,-0.26919446163721
78.78677811,2.815872387591281,-2.003774293038329,-0.26160866617072825
78.79153284,2.948705529428846,-2.019572993110905,-0.2519749650513763
78.79628758,3.0572068033090436,-2.0140642036848004,-0.24064381873872692
78.80104238,3.139974898553598,-1.9863766027597314,-0.22795863949648834
78.80579712,3.1959327731879292,-1.9361970144242853,-0.2142435265145643
78.81055191,3.2243269585687337,-1.863769314287911,-0.19979222559766185
78.81530665,3.2247240263361796,-1.7698788679705948,-0.18485863857141463
78.82006144,3.1970049238998777,-1.6558235567716793,-0.16964914846734439
78.82481618,3.141357796648359,-1.523372781871054,-0.1543169677021382
78.82957097,3.0582697865328625,-1.3747160998263581,-0.1389586562335935
78.83432571,2.9485181391488053,-1.2124033253388773,-0.12361289185749223
78.8390805,2.8131607774008596,-1.0392780445348304,-0.10826150400520285
78.84383524,2.6535263223319334,-0.8584065191941539,-0.09283270799763622
78.84859003,2.4712033748089848,-0.6730039378939234,-0.07720640431794765
78.85334477,2.26802873034759,-0.48635989384588385,-0.06122134305010335
78.85809956,2.046074097011742,-0.3017648515384811,-0.04468390015858998
78.8628543,1.8076308323831936,-0.12243921482020076,-0.02737816853348105
78.8676091,1.5551922133419371,0.04853356337110489,-0.009077029506887109
78.87236383,1.2914327997961295,0.20826857668865478,0.010446161516523198
78.87711863,1.0191845455213824,0.35413470824246857,0.031405666184354794
78.88187337,0.7414094397422243,0.4838026583314816,0.053991634024463796
78.88662816,0.46116862476902715,0.5952850869277108,0.0783589512571691
78.8913829,0.181588118391079,0.6869683858923383,0.10461704323394792
78.89613769,-0.09417853781994664,0.757635772014885,0.13282096806002616
78.90089243,-0.36299019669928506,0.8064815588015817,0.1629640904747705
78.90564722,-0.6217599172402521,0.8331166235072551,0.19497257156539377
78.91040196,-0.8674978647413121,0.8375652377895207,0.22870185521960373
78.91515675,-1.0973544017650678,0.820253576832891,0.2639352777009085
78.91991149,-1.3086624212610298,0.7819903631036125,0.3003848711190437
78.92466628,-1.4989779618604495,0.7239402359671656,0.33769437222516874
78.92942102,-1.666118171082347,0.6475905648662982,0.3754443830372133
78.93417581,-1.8081957420931267,0.5547125383444472,0.4131595602788803
78.93893055,-1.9236490398719197,0.4473174601657179,0.45031764083956943
78.94368534,-2.0112672473055433,0.32760926345263774,0.486360046877159
78.94844008,-2.070209992884188,0.197934311249645,0.520703763177449
78.95319488,-2.100021060059723,0.0607295857619165,0.5527541453929657
78.95794962,-2.1006359149365124,-0.08152962117653491,0.5819183022637613
78.96270441,-2.072382916527969,-0.22638141579669913,0.6076186960750004
78.96745915,-2.0159781881565686,-0.37142734000866934,0.6293066189237553
78.97221394,-1.932514229117256,-0.5143797216697058,0.6464752222244696
78.97696868,-1.823442434751567,-0.6531053883146437,0.6586717987107387
78.98172342,-1.6905497742731614,-0.7856648792296991,0.6655090380151006
78.98647821,-1.535929952849566,-0.9103463901249559,0.6666749993732884
78.991233,-1.3619494608452216,-1.025693798859803,0.6619415701087956
78.99598774,-1.171208991089154,-1.1305282490902215,0.6511712080544374
79.00074248,-0.9665007855565789,-1.2239629103013898,0.6343218004923127
79.00549727,-0.7507625555140456,-1.3054106858690877,0.6114495110431546
79.01025201,-0.5270287022287543,-1.3745848032669095,0.5827095284762973
79.0150068,-0.29837964593509425,-1.4314923890567337,0.5483546770402996
79.01976154,-0.06789014526344009,-1.476421301504414,0.5087318957697006
79.02451633,0.1614224460805697,-1.5099206602662618,0.46427664276900626
79.02927107,0.38664898753264104,-1.5327756697819501,0.41550532782192456
79.03402587,0.6050373925717615,-1.545977474668767,0.3630059214642974
79.0387806,0.8140384554577177,-1.5506889052622308,0.30742693067611326
79.0435354,1.0113476253383318,-1.5482070636172447,0.24946497118786154
79.04829014,1.1949417247163898,-1.5399237603644584,0.189851204291984
79.05304493,1.363109676362707,-1.5272848387161189,0.1293369407677843
79.05779967,1.5144764053886066,-1.51174941388827,0.0686787433577418
79.06255446,1.6480192231239372,-1.4947500163439524,0.008623379181110084
79.0673092,1.7630761756045008,-1.4776545590962697,-0.05010701718248711
79.07206399,1.859346047730128,-1.4617309575385602,-0.10682921004045691
79.07681873,1.9368799471652622,-1.448115120279877,-0.1609122073198337
79.08157352,1.9960646394580153,-1.437782906779509,-0.2117893470308291
79.08632826,2.037598055506078,-1.431526517575874,-0.2589688076110236
79.09108305,2.062457632249192,-1.4299356508750827,-0.30204224889553477
79.09583779,2.07186236645266,-1.433383630474715,-0.3406913246313704
79.10059258,2.067229650587334,-1.4420185895640878,-0.37469185565152685
79.10534732,2.050128111985273,-1.4557596872743501,-0.4039155174345867
79.11010212,2.0222277866788554,-1.474298242853715,-0.4283289749952488
79.11485686,1.9852490249735297,-1.4971035968584976,-0.4479904855918051
79.11961165,1.94091154657652,-1.5234334486145085,-0.4630440766369373
79.12436639,1.890885040905983,-1.5523483717681936,-0.4737114840668435
79.12912118,1.8367426467757566,-1.5827301716647422,-0.4802821006124573
79.13387592,1.7799185498917913,-1.613303716408547,-0.4831012344508497
79.13863071,1.7216708115405732,-1.6426618454934148,-0.4825570211407386
79.14338545,1.6630503916178376,-1.6692929345455891,-0.4790663708557415
79.14814024,1.6048771563636195,-1.6916106714253534,-0.4730603710433039
79.15289498,1.5477234671834559,-1.7079855775226416,-0.46496959911509256
79.15764977,1.491905732816601,-1.7167777886941151,-0.45520982393880594
79.16240451,1.4374840750235405,-1.7163705932547046,-0.44416858116442604
79.1671593,1.3842700124128935,-1.7052042100520237,-0.43219309069824424
79.17191404,1.3318418157429344,-1.681809277952272,-0.41957994435650164
79.17666883,1.2795669421551323,-1.6448395187944158,-0.40656693167580976
79.18142357,1.2266307288751268,-1.593103028651569,-0.3933272982696714
79.18617837,1.1720703326931619,-1.525591646942237,-0.37996665014555975
79.1909331,1.1148127513103352,-1.4415078501908103,-0.3665226332056721
79.1956879,1.0537156632931752,-1.3402886188628012,-0.3529674312682984
79.20044264,0.9876097767355538,-1.2216257345631236,-0.33921303745188164
79.20519743,0.915341380279536,-1.0854819841336512,-0.32511916007516134
79.20995217,0.8358138387434416,-0.9321027795046045,-0.3105035226492173
79.21470696,0.7480268630189183,-0.7620227497354476,-0.2951542078453122
79.2194617,0.6511125034161368,-0.5760669266173946,-0.27884358246954677
79.22421649,0.5443669599580309,-0.37534622940801204,-0.2613432355310697
79.22897123,0.42727746456197446,-0.161247058599329,-0.24243927947102842
79.23372602,0.299543661363601,0.06458506807754923,-0.22194731986441343
79.23848076,0.1610930867204997,0.30026776546449674,-0.19972640036428194
79.24323555,0.012090525211828112,0.5437096957402494,-0.17569127834484444
79.24799029,-0.14705881139055946,0.7926437739869034,-0.14982247603186127
79.25274503,-0.3157121719606932,1.0446651380582461,-0.1221736701908759
79.25749982,-0.4929979579223949,1.297273209259719,-0.09287611733120155
79.26225462,-0.6778298183277424,1.5479170326571925,-0.06213994899197504
79.26700936,-0.8689256274383943,1.794042961543219,-0.030252304265287064
79.2717641,-1.0648307261992354,2.0331436443135646,0.0024276112228913023
79.27651889,-1.2639447350052766,2.2628071886239405,0.035476342074835986
79.28127363,-1.4645511957342197,2.4807653219853925,0.06841658380062397
79.28602842,-1.664849275354953,2.6849393444205605,0.10072979577772662
79.29078316,-1.8629867591318998,2.8734826814357137,0.13187058822322278
79.29553795,-2.0570935746222783,3.0448188972301238,0.16128239053333737
79.30029269,-2.2453151138563148,3.1976741196479477,0.18841386586528996
79.30504748,-2.425844656577287,3.33110295806851,0.21273550672830566
79.30980222,-2.5969542398021717,3.4445071585122635,0.2337558303623119
79.31455701,-2.7570233670063873,3.5376464295743295,0.2510365943119197
79.31931175,-2.9045650037052915,3.610641079838597,0.26420647682163956
79.32406654,-3.038248365880842,3.6639663232840323,0.27297271837308257
79.32882128,-3.1569180748506285,3.6984383253496746,0.27713030220232476
79.33357607,-3.259609327638792,3.715192270954623,0.2765683606181881
79.33833081,-3.345558815844137,3.7156529301036283,0.27127362272456623
79.3430856,-3.414211218412706,3.7014983716912506,0.26133085622644514
79.34784035,-3.4652211950038168,3.6746176291222437,0.24692038880223563
79.35259514,-3.4984509178225967,3.637063252344257,0.22831291191441205
79.35734988,-3.5139633022843757,3.5909997915190863,0.20586186353055777
79.36210467,-3.5120112312367864,3.538649349690136,0.1799937512495923
79.36685941,-3.4930232114421886,3.4822354160981908,0.1511968134441824
79.3716142,-3.4575860477583467,3.423926247157144,0.12000842728247357
79.37636894,-3.4064252578053185,3.3657790957285303,0.08700166518133033
79.38112373,-3.3403840615810467,3.3096865971962544,0.05277138112014556
79.38587847,-3.2604018489157585,3.257326598646577,0.017920179785512396
79.39063326,-3.167493037571246,3.21011666207911,-0.016955410341756145
79.395388,-3.0627271769212694,3.169174383378939,-0.05127826770216145
79.40014279,-2.9472110267660607,3.1352845480738574,-0.08450324020699199
79.40489753,-2.82207315954441,3.1088739972227506,-0.11612867840319804
79.40965232,-2.688451417694133,3.089994907501451,-0.14570668424779698
79.41440706,-2.547483330301271,3.0783170035262413,-0.1728518310343776
79.41916186,-2.4002993766919776,3.0731290213545996,-0.19724813401539443
79.4239166,-2.2480187968036867,3.0733495327928124,-0.21865409473723996
79.42867139,-2.0917475007394173,3.0775470238372997,-0.2369057057251231
79.43342613,-1.932577527909457,3.0839689018052163,-0.2519173807429853
79.43818092,-1.7715874480770877,3.090578890347281,-0.2636808599325393
79.44293566,-1.6098430765215193,3.0951020662058033,-0.2722622178733047
79.44769045,-1.4483978867574323,3.095076602901411,-0.2777971669969635
79.45244519,-1.2882925426000575,3.087911120354734,-0.28048489413238586
79.45719998,-1.1305530359938873,3.0709464002805302,-0.28058069461138024
79.46195472,-0.9761870088673396,3.0415201180269995,-0.27838768004850006
79.46670951,-0.8261779563368602,2.997033163973767,-0.2742478362953647
79.47146425,-0.6814771518779904,2.9350160821664453,-0.26853269784521244
79.47621904,-0.5429932959212891,2.8531941405998045,-0.2616338815620097
79.48097378,-0.4115800576282658,2.749549566553205,-0.2539536833584981
79.48572857,-0.2880218430020796,2.6223795316294076,-0.24589588802659076
79.49048331,-0.17301826819750143,2.4703485540741648,-0.23785688292288656
79.4952381,-0.067167933616482,2.292534099142848,-0.23021711299993888
79.49999285,0.029047825977793148,2.0884642994239764,-0.22333287966033807
79.50474764,0.11528050085290864,1.8581468829135674,-0.2175284761791831
79.50950238,0.1913285597613697,1.6020885832436773,-0.21308866812973382
79.51425717,0.25714951296725536,1.3213045092446667,-0.21025156193816585
79.51901191,0.3128692555973668,1.0173171651727975,-0.20920194767032663
79.5237667,0.35878813561062445,0.69214503372156,-0.2100652417908645
79.52852144,0.3953832795457063,0.3482808567465636,-0.21290218314377718
79.53327623,0.4233068128523342,-0.011340031286840482,-0.21770444767621908
79.53803097,0.4433797301367477,-0.3833807500897434,-0.22439134743890674
79.54278576,0.45658130317289664,-0.7641525354264953,-0.23280777369351396
79.5475405,0.46403405868560665,-1.1496720726284841,-0.24272353875995226
79.55229529,0.46698451013048703,-1.5357254046556228,-0.2538342693731123
79.55705003,0.4667799831066938,-1.9179371919039183,-0.2657640038898752
79.56180482,0.4648420259250427,-2.291844004679618,-0.2780696401145814
79.56655956,0.4626370368425808,-2.6529702624492524,-0.29024736017206554
79.57131436,0.4616448590891943,-2.9969053956106215,-0.3017411149375385
79.5760691,0.46332618733838776,-3.3193807941799545,-0.3119531797823928
79.58082389,0.469089690502732,-3.616345122070247,-0.3202567003276544
79.58557863,0.48025978356755455,-3.884036613870929,-0.32601004170514686
79.59033342,0.4980459753097061,-4.119051030550788,-0.32857264940670305
79.59508816,0.5235146808032756,-4.31840402772214,-0.32732203500428825
79.59984295,0.5575643207742705,-4.479586781714451,-0.3216714243661905
79.60459769,0.600904437659243,-4.600613822794228,-0.31108755476177324
79.60935248,0.6540394434978621,-4.680062141158132,-0.2951080822029249
79.61410722,0.7172574796169279,-4.7171007606857565,-0.2733580606188824
79.61886201,0.7906247141073944,-4.711510119183566,-0.24556497759923024
79.62361675,0.8739852320678053,-4.663690753116588,-0.21157187373694195
79.62837154,0.9669664880468506,-4.574660960080426,-0.17134812848232375
79.63312628,1.0689900946255213,-4.446043303093042,-0.12499755777428907
79.63788107,1.179287522934214,-4.280040025867464,-0.07276353094297
79.64263581,1.296920099844529,-4.07939766530506,-0.015030873132260208
79.6473906,1.4208025139249012,-3.8473613731086966,0.04767562391558226
79.65214535,1.5497289001772685,-3.5876196878682314,0.11469620050323065
79.65690014,1.6824004742149572,-3.3042407259762716,0.1852446865017732
79.66165488,1.817453640041906,-3.0016009766943275,0.2584205844558019
79.66640967,1.9534875073799012,-2.6843080850550494,0.3332245446157823
79.67116441,2.0890898234600614,-2.3571191771090514,0.40857698114168833
79.6759192,2.222860443047667,-2.0248564163714744,0.48333945147915397
79.68067394,2.3534316177688845,-1.6923215697893637,0.5563382955451769
79.68542873,2.479484568497878,-1.3642113995214007,0.626389921893094
79.69018347,2.5997620002897595,-1.0450356802661596,0.6923270457598498
79.69493826,2.713076418326219,-0.7390395725375003,0.7530251346101963
79.699693,2.8183142992004284,-0.45013196629853564,0.8074283011336011
79.70444779,2.9144363610989403,-0.18182125533050603,0.854573899306345
79.70920253,3.000474356866348,0.06284018067695538,0.8936151227492924
79.71395732,3.0755249827881785,0.28130171488857963,0.923840972632566
79.71871206,3.138741648297806,0.4715495839321587,0.9446930508471558
79.72346686,3.1893249804691286,0.6321307565486998,0.9557787381063003
79.7282216,3.226513033503125,0.7621651907504944,0.9568804299525823
79.73297639,3.2495722285776263,0.8613463596650436,0.9479606199508419
79.73773113,3.257790055160903,0.9299301779969112,0.9291627331394356
79.74248592,3.2504705148809383,0.9687127112162469,0.9008077201117859
79.74724066,3.2269331804826837,0.9789972935122224,0.8633865208478608
79.75199545,3.1865165770139092,0.9625519125046765,0.8175485980079096
79.75675019,3.1285863765245128,0.9215579327131995,0.7640868246117741
79.76150498,3.0525486416582366,0.8585514202494491,0.7039190946180561
79.76625972,2.9578680710467826,0.7763584930420194,0.6380671095427688
79.77101451,2.8440909058590207,0.6780262494887254,0.5676328798718238
79.77576925,2.710871868554923,0.5667509196043287,0.49377356353358304
79.78052404,2.5580042379650623,0.4458049330836493,0.41767533956803754
79.78527878,2.3854519340728157,0.3184646060408878,0.34052707592488995
79.79003357,2.193382303528004,0.18794011198227192,0.2634945869620212
79.79478831,1.9821981713061747,0.05730932410100105,0.18769627873406736
79.7995431,1.7525676591859711,-0.07054300185366251,0.11418093937441058
79.80429785,1.50545026883286,-0.19297938807333653,0.04390834145911871
79.80905264,1.2421177856130012,-0.30765600661801185,-0.022266817800747817
79.81380738,0.9641686773573878,-0.41256034182019485,-0.08360729701150259
79.81856217,0.6735348375103573,-0.5060394566462912,-0.13950187997072233
79.82331691,0.3724797494003753,-0.5868184309975556,-0.18947021101810163
79.8280717,0.06358741917002547,-0.6540088096820238,-0.23316415262940998
79.83282644,-0.2502582730375345,-0.7071071753337959,-0.2703660494766209
79.83758123,-0.565903835013764,-0.745984236902557,-0.3009843514255215
79.84233602,-0.8799657468396856,-0.7708650863482981,-0.32504706224646823
79.84709076,-1.188878763764526,-0.7823015143194855,-0.34269345713932736
79.85184555,-1.4889520396068219,-0.7811374810313924,-0.35416446979749894
79.85660029,-1.7764319069957877,-0.7684690044414728,-0.3597921041269096
79.86135508,-2.0475699217926184,-0.7455998491767373,-0.3599881840632716
79.86610982,-2.298694592932652,-0.7139944732830066,-0.355232716164552
79.87086462,-2.526285079290601,-0.6752297141428265,-0.3460620986426077
79.87561936,-2.7270450434263505,-0.6309466698577736,-0.33305736312868983
79.88037415,-2.8979748083532906,-0.5828041596771978,-0.3168325821375798
79.88512889,-3.036439967450971,-0.5324350300235886,-0.29802352156090467
79.88988368,-3.140234648837555,-0.4814064163585079,-0.2772765728309199
79.89463842,-3.2076377327182626,-0.4311848823083317,-0.2552379729737216
79.89939321,-3.2374604605963264,-0.3831071443920741,-0.2325433177581168
79.90414795,-3.2290840540669046,-0.33835686257343106,-0.20980739157748995
79.90890274,-3.1824861723789573,-0.29794774308945293,-0.18761436884291702
79.91365748,-3.0982552765658693,-0.2627129695963075,-0.16650847376411104
79.91841227,-2.9775922301158935,-0.23330076007000855,-0.14698520874712398
79.92316701,-2.822298750352191,-0.21017564809754274,-0.1294832721508852
79.9279218,-2.6347526294966586,-0.1936249157634973,-0.11437728576868358
79.93267654,-2.4178699657903855,-0.18376946810363537,-0.10197144669585911
79.93743133,-2.175054975447813,-0.1805783412849177,-0.09249421278964372
79.94218607,-1.9101382857295712,-0.18388598083377689,-0.08609412862965615
79.94694087,-1.6273049277753993,-0.19341141166503006,-0.08283689925434146
79.95169561,-1.3310135456687833,-0.20877844474414636,-0.08270381906822893
79.9564504,-1.0259086072478185,-0.22953612035465787,-0.08559165985750004
79.96120514,-0.7167276348194179,-0.2551786684270198,-0.09131411310288888
79.96595993,-0.40820566262831004,-0.2851643649541488,-0.09960486835780104
79.97071467,-0.1049792651609555,-0.31893277295100825,-0.11012239304310378
79.97546946,0.18850742071953613,-0.35591997014367893,-0.12245645991864566
79.9802242,0.4680922417017415,-0.3955714780073431,-0.1361364437868285
79.98497899,0.7299777567214121,-0.43735271334824305,-0.1506413725392142
79.98973373,0.9708048872309026,-0.480756880912504,-0.16541166278539918
79.99448852,1.187715426586521,-0.5253103114402929,-0.1798623938574171
79.99924326,1.3784016228905587,-0.5705753236320235,-0.1933978795020115
80.00399805,1.5411414068906701,-0.6161507516392645,-0.20542719459852685
80.00875279,1.674818272858688,-0.6616703341197201,-0.2153802196904319
80.01350758,1.778925326172784,-0.7067992091770455,-0.22272369385070892
80.01826232,1.853553564816669,-0.7512288034797537,-0.22697672679128297
80.02301712,1.899365027958882,-0.79467044373071,-0.22772521780697605
80.02777186,1.917551978744577,-0.8368480528570656,-0.22463465992699402
80.03252665,1.9097837471373618,-0.8774903190067779,-0.21746086741049947
80.03728139,1.8781432123265644,-0.9163227396662108,-0.20605824786061863
80.04203618,1.8250551431503417,-0.9530599438253943,-0.19038534127431192
80.04679092,1.753208746208151,-0.987398681497299,-0.17050746127313338
80.05154571,1.6654768096474006,-1.0190118426933747,-0.14659639133856756
80.05630045,1.5648337909333472,-1.047543828177085,-0.11892720285977824
80.06105524,1.4542750911690376,-1.0726075426872395,-0.0878723639550478
80.06580998,1.3367395960010426,-1.0937832185958414,-0.053893391399190214
80.07056477,1.2150373520909776,-1.1106192057961743,-0.01753035805260104
80.07531951,1.0917839971863634,-1.1226347850587943,0.020610396067712908
80.0800743,0.9693432807433037,-1.1293249812770203,0.05986998628369302
80.08482904,0.8497787120493934,-1.1301672743773048,0.09955177620456636
80.08958383,0.7348150663646408,-1.124630033180394,0.13893688421075936
80.09433857,0.6258101795237604,-1.1121824342305684,0.17730005339192
80.09909337,0.5237371792476171,-1.0923055754965412,0.21392553996472652
80.10384816,0.4291770460068247,-1.0645044547624305,0.2481226792806347
80.1086029,0.3423211732577685,-1.028320454579932,0.27924079386321055
80.11335769,0.26298340860348707,-0.9833439595486826,0.3066831170843721
80.11811243,0.1906209039099687,-0.9292267270125114,0.32991942162747934
80.12286722,0.12436298219322799,-0.8656936386339017,0.3484970663107767
80.12762196,0.06304713978685178,-0.792553477460909,0.3620502105084588
80.13237675,0.005261240589252831,-0.709708402791918,0.3703069938020483
80.13713149,-0.0506090792954439,-0.6171618331420897,0.3730945390888632
80.14188628,-0.10632879912172308,-0.5150244957182171,0.37034170653624415
80.14664102,-0.16375870617624674,-0.4035184587459407,0.36207959695390357
80.15139581,-0.22479841367068532,-0.28297903009066755,0.34843986892381784
80.15615055,-0.2913282343154934,-0.15385448040115488,0.3296509888069939
80.16090534,-0.36515095647895274,-0.01670362908018666,0.3060325744880877
80.16566008,-0.4479345910401763,0.12780858653148114,0.2779880236090079
80.17041488,-0.5411571780510825,0.2789173585237571,0.24599563786713102
80.17516962,-0.6460547563498598,0.43576579976591007,0.2105984691908247
80.17992441,-0.7635735996372738,0.5974139477180648,0.17239312220934028
80.18467915,-0.894327803625926,0.7628486092102462,0.13201775008188704
80.18943394,-1.0385632660077595,0.9309936581473702,0.09013947747242639
80.19418868,-1.196129030031364,1.1007204079762174,0.04744147707741773
80.19894347,-1.3664568602140963,1.2708577182890128,0.004609917858482104
80.20369821,-1.5485497838161069,1.4402015591486415,-0.03767900316241462
80.208453,-1.7409801658526032,1.607523844013435,-0.07877173680591296
80.21320774,-1.9418976937657355,1.7715804463260965,-0.1180495566897646
80.21796253,-2.149047438195352,1.931118427410023,-0.15494002237409973
80.22271727,-2.35979793689473,2.084882614084927,-0.18892751646512457
80.22747206,-2.5711790266182675,2.2316217626937145,-0.2195626389539154
80.2322268,-2.779928927771536,2.3700946225017585,-0.24647024354542976
80.2369816,-2.98254987281918,2.4990762585822974,-0.26935590969579476
80.24173633,-3.1753713658008853,2.6173650081425848,-0.28801066334819225
80.24649113,-3.354619970207481,2.723790423526199,-0.3023137902675399
80.25124587,-3.5164943482010425,2.8172225014121,-0.3122336283191989
80.25600066,-3.6572441176262642,2.896582415114918,-0.3178262780194851
80.2607554,-3.773250957551531,2.960854861715052,-0.3192322325659577
80.26551019,-3.861110282725508,3.009102016499558,-0.3166709970209367
80.27026493,-3.917711726568233,3.040478964317634,-0.31043383838286226
80.27501972,-3.9403166233209777,3.054250362279076,-0.3008748800991931
80.27977446,-3.9266306632005517,3.049807990379879,-0.2884008209380093
80.28452925,-3.8748699106608395,3.026688770633765,-0.2734596120767437
80.28928404,-3.783818428517964,2.984592778747848,-0.2565284599052034
80.29403878,-3.652875846567136,2.9234007280534957,-0.23810152929944034
80.29879357,-3.4820933616763083,2.8431903659743805,-0.21867770221425806
80.30354831,-3.2721968655891067,2.744251185808747,-0.19874870534502387
80.30830311,-3.024596169942859,2.627096824111176,-0.17878786877851055
80.31305784,-2.7413796302644133,2.4924744947164696,-0.15923972548466325
80.31781264,-2.425293848613044,2.341370815418474,-0.14051061675677154
80.32256738,-2.0797085381504834,2.1750134229213995,-0.12296043588554921
80.32732217,-1.7085670381275604,1.9948678519410041,-0.10689562401669063
80.33207691,-1.3163233500725164,1.802629273695627,-0.09256352821420226
80.3368317,-0.9078669059597902,1.6002088381275137,-0.08014823769859429
80.34158644,-0.48843656807925123,1.389714529441301,-0.06976802059578119
80.34634123,-0.0635256020177922,1.1734266135149887,-0.06147447841709632
80.35109597,0.36122042891995426,0.9537679208303574,-0.055253508818005115
80.35585076,0.7801107143973799,0.7332693668335963,-0.05102811436587221
80.3606055,1.1875188905695666,0.5145312618880996,-0.04866301852134777
80.36536029,1.5779929275906148,0.30018110319494223,-0.04797095860670119
80.37011503,1.9463626537921073,0.09282866777632429,-0.04872043218567669
80.37486982,2.287842309760571,-0.10498066515366762,-0.05064459226146147
80.37962456,2.598125554797989,-0.2908133458524201,-0.05345093056998783
80.38437936,2.873470469667257,-0.4623947584871903,-0.056831365353312686
80.3891341,3.1107723176423168,-0.6176548781111603,-0.06047236253653086
80.39388889,3.3076221362925615,-0.7547713488187302,-0.06406476226258039
80.39864363,3.462349623035153,-0.8722088703949246,-0.06731304505366495
80.40339842,3.574049229857865,-0.9687538302046675,-0.06994383888152195
80.40815321,3.642588873596996,-1.043543196957622,-0.07171352586841608
80.41290795,3.6686011725711105,-1.0960868022501595,-0.07241484456589967
80.41766269,3.6534576146116486,-1.1262822731866158,-0.07188239672023668
80.42241748,3.5992265261914858,-1.134422043634699,-0.06999696072413895
80.42717222,3.508616132256082,-1.1211920607764145,-0.06668849980787968
80.43192701,3.384904358906351,-1.0876620136202373,-0.061937746230573416
80.4366818,3.2318573258433596,-1.0352671340443151,-0.05577625405700984
80.44143654,3.053638696705101,-0.9657818485147918,-0.048284845630421375
80.44619133,2.8547122052675284,-0.8812857776944334,-0.039590427587056436
80.45094607,2.639739763714733,-0.784122780546399,-0.029861216890958046
80.45570087,2.413477597807597,-0.676853912303047,-0.019300493038887867
80.4604556,2.180672850512551,-0.5622053102446272,-0.008139075609292069
80.4652104,1.945963051368839,-0.4430121396751099,0.0033731920184850443
80.46996514,1.7137807597169483,-0.3221598273983167,0.014976605066768702
80.47471993,1.4882655507016203,-0.20252388220017822,0.026411017689972928
80.47947467,1.273185319351759,-0.08690964972885395,0.03742512248827703
80.48422946,1.0718686279074185,0.02200663053562914,0.047785205435595814
80.4889842,0.8871495166802653,0.12173410960512332,0.05728302607210517
80.49373899,0.7213258461427158,0.21001964362591477,0.06574252041022823
80.49849373,0.5761318501538079,0.28489490947635243,0.07302508340572852
80.50324852,0.45272517407458884,0.344717208243337,0.07903325690482799
80.50800326,0.3516882660218516,0.38820299052299917,0.08371272388003517
80.51275805,0.2730436033280459,0.41445330952646453,0.08705258526974619
80.51751279,0.2162818851972336,0.42297059861421654,0.08908396638499873
80.52226758,0.1804020172719752,0.41366637295978104,0.08987706144072954
80.52702232,0.16396145904247467,0.3868596652259137,0.0895367756577526
80.53177712,0.16513530058935472,0.3432662181062973,0.08819716568120547
80.53653191,0.18178227875250075,0.28397866873652877,0.08601491341590226
80.54128665,0.21151583234163177,0.2104381678880977,0.08316209816158977
80.54604144,0.25177823022827145,0.12439807686899172,0.07981855798749024
80.55079618,0.29991578428870636,0.027880573044019936,0.07616415253830844
80.55555097,0.3532531804861,-0.0768728337747811,0.07237125295841008
80.56030571,0.40916502551467593,-0.18745572205972277,0.06859778564754263
80.5650605,0.46514281367317456,-0.3013548409296005,0.0649811393606425
80.56981524,0.5188556697794552,-0.41601048523289125,0.06163320513119296
80.57457003,0.5682034194856183,-0.5288777335033167,0.05863675547511147
80.57932477,0.6113607771707913,-0.6374870914751126,0.056043289601201814
80.58407956,0.6468117193328836,-0.7395030897276632,0.05387238594348987
80.5888343,0.6733734193969783,-0.8327794224300048,0.052112523194091924
80.5935891,0.6902094453999121,-0.915409284115892,0.05072326277040521
80.59834383,0.6968322506294823,-0.9857696623915829,0.04963863102104076
80.60309863,0.6930953057998654,-1.0425584763600393,0.04877149764602631
80.60785337,0.6791755191002024,-1.0848236130816549,0.04801871662678873
80.61260816,0.655546858162286,-1.1119831063640566,0.04726677675222805
80.6173629,0.622946316293245,-1.1238359207303827,0.04639770073121592
80.62211769,0.5823335455839251,-1.1205630436281868,0.0452949359797635
80.62687248,0.5348456062138734,-1.1027188437625803,0.043848997422545465
80.63162722,0.4817483536707621,-1.071212914234108,0.041962651749010704
80.63638196,0.42438600754733885,-1.0272828766443773,0.039555468473797276
80.64113675,0.3641304240573515,-0.9724588674680464,0.036567598028160446
80.64589154,0.3023315374237796,-0.9085206526002807,0.03296266393969915
80.65064628,0.2402703498092963,-0.8374485130326034,0.028729673394929253
80.65540107,0.17911574012344267,-0.7613692083072279,0.023883864419867663
80.66015581,0.1198862309489714,-0.6824984502603894,0.018466430175808124
80.6649106,0.06341770008163697,-0.6030814043400236,0.012543101717339203
80.66966534,0.010337847783326658,-0.5253327774510914,0.006201632256207112
80.67442014,-0.03895196783732162,-0.4513780491839381,-0.00045169954109545426
80.67917488,-0.08428713499273388,-0.38319735837854757,-0.007296377573421378
80.68392967,-0.1257422747043979,-0.32257347198569175,-0.014202483841876707
80.68868441,-0.16362589142557998,-0.27104514230721377,-0.021035811059351994
80.6934392,-0.19846749903453711,-0.22986700700995713,-0.027662983191785707
80.69819394,-0.23099774053274108,-0.19997700910274585,-0.03395633712584073
80.70294873,-0.2621221957892979,-0.18197211635425736,-0.03979835214106025
80.70770347,-0.29288971322691737,-0.1760929060157821,-0.045085449311560104
80.71245826,-0.3244562097417662,-0.182217355797137,-0.04973101400209348
80.717213,-0.35804496184657625,-0.1998639510939221,-0.053667519260689106
80.72196779,-0.3949044628927577,-0.22820398775992015,-0.0568476492154253
80.72672253,-0.4362649469941198,-0.26608272628533075,-0.05924434612596349
80.73147732,-0.4832946788659474,-0.3120488441047655,-0.060849739083980454
80.73623212,-0.5370570793125257,-0.36439144392468964,-0.06167295977544562
80.74098686,-0.598469700320211,-0.4211837114511649,-0.06173690982350869
80.74574165,-0.6682659874246965,-0.4803321772989929,-0.06107410971159258
80.75049639,-0.74696067917299,-0.5396304245974626,-0.059721824141571934
80.75525118,-0.8348196037167817,-0.5968159940444103,-0.0577167166132769
80.76000592,-0.9318345484354301,-0.6496291699595378,-0.05508933229543393
80.76476071,-1.037703803615188,-0.695872283120479,-0.051858738965295297
80.76951545,-1.1518189143283524,-0.7334681390054979,-0.04802766717190756
80.77427024,-1.2732581097231326,-0.7605161751342178,-0.043578479976055386
80.77902498,-1.4007868066557394,-0.7753449713065371,-0.03847026889483827
80.78377977,-1.5328654950180332,-0.7765597850470781,-0.03263731801039868
80.78853451,-1.6676651973193453,-0.7630838646360244,-0.02598910736208113
80.7932893,-1.8030905510776516,-0.7341924062206844,-0.01841194696967968
80.79804404,-1.9368103901333227,-0.6895381710584522,-0.00977225277895001
80.80279883,-2.066295505539132,-0.6291679638136093,7.859644951516977e-05
80.80755357,-2.188863057472481,-0.5535293908522648,0.011297941653065698
80.81230837,-2.3017268985117783,-0.4634675640409613,0.024044231714637015
80.81706316,-2.4020528683648146,-0.36021168343229937,0.038468320484578156
80.8218179,-2.4870179425018097,-0.24535171182761142,0.05470390958578455
80.82657269,-2.5538719714894915,-0.1208056342953734,0.0728574109834117
80.83132743,-2.6000006406110834,0.011221935598725438,0.09299754548137087
80.83608222,-2.622988214613709,0.1482887952090672,0.11514503850960929
80.84083696,-2.6206786124990646,0.2877706169213496,0.13926281717962827
80.84559175,-2.5912333830522187,0.42692144275130056,0.16524714526144701
80.85034649,-2.5331852220873983,0.5629376869950636,0.19292014801607923
80.85510128,-2.4454857830136785,0.6930240437623832,0.22202417082595707
80.85985602,-2.327546675764204,0.8144596631497504,0.25221838156396703
80.86461081,-2.1792727149604985,0.9246629725258547,0.2830779675805433
80.86936555,-2.00108665439591,1.0212535742849018,0.3140961978531048
80.87412035,-1.7939448200308237,1.102109743534561,0.34468952433415223
80.87887508,-1.5593432191462946,1.165420172994158,0.37420578903590906
80.88362988,-1.2993138552735974,1.2097287625029607,0.4019354895325517
80.88838462,-1.016411117981649,1.2339714220869407,0.42712593930509246
80.89313941,-0.7136882477292626,1.2375040460298066,0.44899804430748447
80.8978942,-0.39466400403857027,1.2201210166185141,0.4667653071269279
80.90264894,-0.06327979513115212,1.182063806205,0.479654569515534
80.90740373,0.2761523372544374,1.1240194612144496,0.4869279175567989
80.91215847,0.6190103404298462,1.0471089681961558,0.4879051058193599
80.91691326,0.9604306905332208,0.9528657166834014,0.4819858115565573
80.921668,1.2953839981213746,0.843204483669757,0.46867101042958587
80.92642279,1.6187566602168109,0.7203815674494276,0.4475827729869891
80.93117753,1.9254373675470464,0.5869468919928865,0.4184818159777773
80.93593232,2.210407104021076,0.44568908438912636,0.38128220232777915
80.94068706,2.4688311096961875,0.2995746945283424,0.33606266421272624
80.94544186,2.6961511257124586,0.1516828753312562,0.28307411929770687
80.9501966,2.8881761082744193,0.005136970219947006,0.22274305396355878
80.95495139,3.0411694984547935,-0.13696544192113175,0.15567055305696553
80.95970613,3.1519310762589337,-0.27162242033428663,0.08262686048135427
80.96446092,3.2178714218043623,-0.39599579200548474,0.004541460277819666
80.96921571,3.2370770623722525,-0.5074758759220745,-0.07751122169229231
80.97397045,3.208364506590619,-0.603741184458967,-0.16233027492126817
80.97872524,3.131321557055963,-0.6828115726626492,-0.248610567391544
80.98347998,3.0063345474012517,-0.7430934399304839,-0.33496832133263377
80.98823477,2.834600463140986,-0.783415768545585,-0.41996937088650427
80.99298951,2.6181232688945357,-0.8030560096697252,-0.5021593535178999
80.9977443,2.359694166412908,-0.8017550973731075,-0.580095006219441
81.00249904,2.0628559332844594,-0.7797211785816437,-0.6523757026330546
81.00725383,1.7318519218982869,-0.7376219794097373,-0.7176743755101416
81.01200863,1.371560709028797,-0.6765660691699781,-0.7747670085625751
81.01676337,0.9874177546243634,-0.5980736132377038,-0.8225599396156462
81.02151816,0.5853257347831147,-0.504037507607353,-0.8601142865974416
81.0262729,0.1715554474672393,-0.3966760490792315,-0.8866668915030647
81.03102769,-0.24736065149255806,-0.27847850903046456,-0.9016472813451396
81.03578243,-0.6647401343507404,-0.15214514372515742,-0.9046902723300562
81.04053722,-1.0738653301185042,-0.020523290715972288,-0.8956439890837072
81.04529196,-1.468098932432548,0.11345872964879916,-0.8745732216120978
81.05004675,-1.8409983749552175,0.2468581655205356,-0.841758181961401
81.05480149,-2.1864269411114465,0.37678311891680355,-0.7976888358110154
81.05955628,-2.4986596730036914,0.5004549165441071,-0.743055064559751
81.06431107,-2.7724822580698394,0.6152660339279015,-0.6787329629636851
81.06906581,-3.0032812009361693,0.7188322015102515,-0.6057676051300582
81.07382061,-3.1871237340689262,0.8090375223398386,-0.5253526298659429
81.07857534,-3.3208260872111643,0.8840716654132917,-0.4388070166756729
81.08333014,-3.402008923817825,0.9424584576059332,-0.3475494544144849
81.08808488,-3.4291389615931878,0.9830754698341675,-0.25307074900275367
81.09283967,-3.4015560200837256,1.005164468380488,-0.15690477261144167
81.09759441,-3.3194849763244223,1.008332869215833,-0.06059851803170643
81.1023492,-3.184032355250879,0.9925465817749362,0.034318120416370744
81.10710394,-2.9971675310964763,0.9581148507722478,0.12636217434111302
81.11185873,-2.7616887661217633,0.9056678941533584,0.21412635226814977
81.11661352,-2.481174561482898,0.8361282883815141,0.296306041474326
81.12136826,-2.159921040398895,0.7506771676081364,0.37172393539203485
81.12612305,-1.8028663248331966,0.65071638138249,0.43935174149312645
81.13087779,-1.4155031019796176,0.5378277977806897,0.4983285293592396
81.13563258,-1.0037808036215554,0.41373094671823435,0.547975395599985
81.14038732,-0.5739990375677242,0.28024017354338454,0.58780623684277
81.14514212,-0.1326941141216353,0.13922241832116589,0.6175345209244875
81.14989686,0.3134792994808389,-0.007443344766057416,0.6370760218743062
81.15465165,0.7578691900882197,-0.15790407572532714,0.6465475368673455
81.15940644,1.1939475166874818,-0.310367230226168,0.6462616412895027
81.16416118,1.615429356039295,-0.46313122695585274,0.6367175729802315
81.16891597,2.016387317897124,-0.6146112658458196,0.6185883784789102
81.17367071,2.3913586487490766,-0.7633600767065315,0.5927045080370112
81.1784255,2.735442488469891,-0.9080833139918778,0.5600341131859413
81.18318024,3.0443848703656418,-1.0476494523120294,0.5216603785347997
81.18793503,3.3146492719626397,-1.1810941806026307,0.47875630385022233
81.19268977,3.543470837967177,-1.3076194413101516,0.4325574376014206
81.19744456,3.72889280864738,-1.4265874131996619,0.38433314291914983
81.20219936,3.8697841889461873,-1.5375098883490852,0.3353570459565089
81.2069541,3.9658382687327265,-1.640033638868107,0.2868773709056545
81.21170889,4.017552225293027,-1.733922498275987,0.24008790224683188
81.21646363,4.026188668725428,-1.8190369871777388,0.19610032988577442
81.22121842,3.993720586308305,-1.8953123852823266,0.15591872260110742
81.22597316,3.9227616594341588,-1.9627361877982197,0.12041683531942733
81.23072795,3.8164843304494855,-2.021325883904311,0.09031888324383464
81.23548274,3.678528267335099,-2.0711079614023404,0.06618431142464522
81.24023748,3.5129020122690924,-2.112098978834197,0.048396957420618884
81.24499227,3.3238806215842533,-2.1442894579526546,0.03715885700882255
81.24974701,3.115902030818335,-2.167631238541522,0.03248879045233184
81.2545018,2.8934647286124866,-2.1820288069191585,0.03422552102844871
81.25925654,2.661029111896887,-2.187334961614484,0.04203554644155428
81.26401133,2.4229246343678317,-2.1833510173163644,0.05542507043802761
81.26876607,2.1832645632777408,-2.1698315743944994,0.0737558047998973
81.27352087,1.945869840314452,-2.146493700390144,0.0962641273879929
81.27827566,1.714203215892542,-2.1130301879060642,0.12208304791362132
81.2830304,1.4913145059015245,-2.06912637787382,0.15026637052484934
81.28778519,1.279797515641916,-2.0144798765511633,0.17981439409578118
81.29253993,1.0817588932761868,-1.9488223567852334,0.20970046026707861
81.29729472,0.898798917684289,-1.8719425259775662,0.2388976471224053
81.30204946,0.7320039944190802,-1.7837092703002584,0.26640491242353886
81.30680425,0.5819504287411559,-1.6840939509384363,0.29127201326868657
81.31155899,0.44871886609454353,-1.5731908356448137,0.3126225678498566
81.31631378,0.33191863706568553,-1.4512346981751232,0.32967467933787603
81.32106857,0.23072111446024074,-1.3186147082088207,0.34175861194533846
81.32582331,0.14390108225838463,-1.1758838626810542,0.34833109499354137
81.3305781,0.0698850266070692,-1.0237633719511994,0.3489859319670922
81.33533285,0.006805184573441509,-0.8631416049074913,0.34346070676365575
81.34008764,-0.04744187450169776,-0.6950674081157633,0.3316395056065548
81.34484238,-0.09513340717272935,-0.5207378362556642,0.3135517049461598
81.34959717,-0.13865669692744476,-0.3414805544551583,0.2893670054073243
81.35435196,-0.18044461441599643,-0.15873138783666418,0.25938701076390486
81.3591067,-0.22291184497270197,0.025992309694564834,0.22403375151888769
81.36386149,-0.2683930593248132,0.2111216248951881,0.18383563036667036
81.36861623,-0.3190842461072082,0.3950684126696732,0.13941132047629098
81.37337102,-0.3769883443709112,0.576258901205109,0.09145217868576555
81.37812576,-0.4438662146979442,0.7531674346875546,0.040703747130396824
81.38288055,-0.5211938722492369,0.9243491966975846,-0.012053088936278227
81.38763529,-0.6101267749053155,1.0884707853061755,-0.06602074134026886
81.39239008,-0.7114718131857977,1.2443375844508002,-0.12040285035861081
81.39714488,-0.8256674844204119,1.3909169940110986,-0.17442105759184381
81.40189962,-0.9527725527150905,1.5273567386240916,-0.2273302456645484
81.40665441,-1.092463303262623,1.6529976650182046,-0.27843195910018315
81.41140915,-1.2440393019820704,1.767380649687962,-0.3270858161266742
81.41616394,-1.406437377552768,1.8702474626592138,-0.3727188128604145
81.42091873,-1.57825335969915,1.9615356591941389,-0.4148324996575131
81.42567347,-1.7577709404781379,2.041367791110452,-0.4530080686956285
81.43042826,-1.942996878572182,2.110035435629131,-0.4869094321424662
81.435183,-2.131701643680456,2.1679787256971896,-0.5162843964687074
81.43993779,-2.3214645015430517,2.215762225145907,-0.5409640571157673
81.44469253,-2.5097219713685215,2.2540481181795395,-0.560860553806467
81.44944732,-2.6938185473815714,2.2835677685151357,-0.5759633420667466
81.45420212,-2.87105856602017,2.305092742472603,-0.5863341499503676
81.45895686,-3.038758121296453,2.3194063782932557,-0.5921007984600113
81.46371165,-3.194295983032125,2.327276921262737,-0.5934500689357539
81.46846639,-3.335162553045127,2.3294331366780616,-0.5906198026144932
81.47322118,-3.4590059961195796,2.326543170831959,-0.5838904207053776
81.47797597,-3.5636747959415103,2.31919726662278,-0.5735760616295579
81.48273071,-3.64725609974146,2.3078947670978507,-0.5600155469518252
81.4874855,-3.7081093186971716,2.29303566646417,-0.5435634067461891
81.49224024,-3.7448945386272023,2.2749167993691617,-0.5245812129913899
81.49699503,-3.756595369403224,2.2537325975963083,-0.5034294779766225
81.50174977,-3.742535931051008,2.229580189086081,-0.4804603652418162
81.50650456,-3.702391751567828,2.2024684685243843,-0.4560114278690465
81.51125936,-3.636194445402711,2.17233063522717,-0.43040053325237443
81.5160141,-3.5443301550793485,2.139039578860337,-0.40392206110384715
81.52076889,-3.427531866225807,2.1024254041378763,-0.376844382528741
81.52552363,-3.2868658369780315,2.0622943286085365,-0.34940855328073644
81.53027842,-3.1237125037357125,2.0184481665262335,-0.32182809279823843
81.53503316,-2.93974232701791,1.9707036259354722,-0.2942896786131003
81.53978795,-2.73688711963718,1.918910690479711,-0.2669545663241996
81.54454274,-2.517307456616499,1.8629694239229888,-0.23996054775992684
81.54929748,-2.283356808991513,1.8028446152835278,-0.213424279259696
81.55405227,-2.0375430804372896,1.7385777692293165,-0.187443840257255
81.55880706,-1.7824882636509356,1.6702960367265374,-0.16210141108412715
81.5635618,-1.5208869758903105,1.598217774686968,-0.13746598157395912
81.5683166,-1.2554646781596615,1.5226545223002024,-0.11359601533446488
81.57307133,-0.9889364229136987,1.4440092879614832,-0.09054199834203336
81.57782613,-0.7239669985423003,1.362771155087344,-0.06834879702983955
81.58258087,-0.4631333300326791,1.279506336382003,-0.047057744106317606
81.58733566,-0.2088899401625614,1.1948459307537806,-0.02670836484856788
81.59209045,0.03646183251884318,1.1094707597382807,-0.00733965772375564
81.59684519,0.27080031997224796,1.0240937744965701,0.01100914505270308
81.60159998,0.49220536903741086,0.939440623433808,0.028298387653614848
81.60635472,0.6989754066715804,0.8562290480182548,0.04448838863372289
81.61110951,0.8896397941271643,0.7751478257307014,0.05954040640077643
81.61586425,1.0629667228953024,0.6968360015115406,0.07341811728824287
81.62061904,1.2179670573221577,0.621863141940247,0.0860895254889131
81.62537383,1.3538946410517023,0.5507113108407325,0.09752920816887364
81.63012857,1.470243653935035,0.4837594035610608,0.10772078945845195
81.63488337,1.566743632642288,0.42127039296368973,0.11665952754864245
81.63963816,1.643352752696542,0.36338193625472254,0.12435488534397886
81.6443929,1.7002499122155121,0.31010067097169625,0.13083293789478959
81.64914769,1.7378260584078347,0.2613003938646391,0.13613845583853676
81.65390243,1.7566750596379537,0.21672417282439824,0.1403365026222626
81.65865722,1.7575842573341618,0.1759902969209053,0.1435134011439562
81.66341201,1.741524649087738,0.13860183271963014,0.1457769626053689
81.66816675,1.709640478961517,0.10395943621693478,0.14725591859396686
81.67292154,1.6632378682443436,0.0713769765830398,0.14809854299196148
81.67767628,1.6037720331107568,0.04009946409315564,0.14847048029421697
81.68243107,1.5328326213113788,0.009322739408243031,0.14855180593616954
81.68718581,1.4521267623340113,-0.02178562957656691,0.14853333754157316
81.6919406,1.3634595541808692,-0.054064789557161416,0.1486122067071446
81.6966954,1.2687118829539084,-0.08833890747009046,0.14898670351968507
81.70145014,1.169815661964329,-0.12539583355993375,0.1498504300880576
81.70620493,1.06872676159637,-0.16596657551003435,0.1513858466642011
81.71095972,0.9673960647676714,-0.21070599136272208,0.15375735861117698
81.71571446,0.8677392190689784,-0.26017506032512727,0.15710416409626415
81.72046925,0.7716057634086778,-0.314825042924646,0.1615331495411208
81.72522399,0.6807483825366616,-0.3749837985917129,0.16711217299388884
81.72997878,0.5967930850423679,-0.440844491338189,0.17386410779737768
81.73473352,0.5212111083030538,-0.5124568824666387,0.18176202541659092
81.73948831,0.4552933289238185,-0.589721381282537,0.1907258740606923
81.74424311,0.4001279033531457,-0.6723859979192304,0.20062095812923283
81.74899784,0.3565817855726193,-0.7600463138190261,0.21125844510961936
81.75375264,0.3252866716594607,-0.8521485526454404,0.2223980278665534
81.75850743,0.30662980771423015,-0.9479957956556608,0.23375276134452402
81.76326217,0.30074996949331506,-1.0467573399711356,0.2449959846811459
81.76801696,0.30753877957855336,-1.1474811456346052,0.2557701411488647
81.7727717,0.3266473723367091,-1.2491092582353094,0.26569722303043214
81.77752649,0.3574982519336785,-1.3504960290772487,0.2743904964714328
81.78228128,0.3993020210880857,-1.4504288856618834,0.2814671011086657
81.78703602,0.4510784977829508,-1.5476513331530986,0.2865610698763326
81.79179081,0.5116815951375944,-1.6408877938823943,0.2893362764218645
81.79654555,0.5798272268653302,-1.728869818329889,0.2894987942106205
81.80130034,0.6541234250114621,-1.8103631296364642,0.28680814902367785
81.80605514,0.7331018210637039,-1.8841948981049386,0.2810869731273036
81.81080988,0.8152496438631165,-1.9492805872264949,0.2722286305900677
81.81556467,0.8990414213528749,-2.0046496743531503,0.26020247850331507
81.82031941,0.9829696291725328,-2.0494695329945745,0.2450565503672112
81.8250742,1.06557359925325,-2.083066774107265,0.2269175827236109
81.82982899,1.1454660806581707,-2.1049453822847273,0.20598844013555312
81.83458373,1.221356930931036,-2.114801048405733,0.18254311494607675
81.83933852,1.2920735088022184,-2.11253119038646,0.15691957910815804
81.84409331,1.3565774374778603,-2.098240264999678,0.12951084205756036
81.84884805,1.4139775098063887,-2.072240102772955,0.10075461990996401
81.85360285,1.4635386096050564,-2.0350451407315426,0.07112204656722901
81.85835758,1.5046866250544688,-1.9873625796232164,0.04110585595882323
81.86311238,1.5370094291150878,-1.9300776481602961,0.011208437625070051
81.86786717,1.5602540979643675,-1.8642343109034083,-0.018069879843067283
81.87262191,1.574320630984106,-1.7910119019303676,-0.046242022207924005
81.8773767,1.579252523216233,-1.7116982961439142,-0.0728446047055874
81.88213144,1.5752246202484532,-1.6276603373774692,-0.0974474265550158
81.88688623,1.5625287519150572,-1.540312322748269,-0.11966188401398137
81.89164102,1.5415576907420003,-1.45108339427774,-0.13914819179430632
81.89639576,1.5127880104892113,-1.3613847127627159,-0.15562132619625066
81.90115055,1.476762427829708,-1.2725772881113697,-0.16885562508427907
81.90590535,1.4340721961924159,-1.1859413181576803,-0.17868800456799358
81.91066008,1.385340086104946,-1.1026478469606478,-0.18501978189427817
81.91541488,1.3312044321143037,-1.023733494807245,-0.18781712663142655
81.92016967,1.2723046538525482,-0.9500789345539569,-0.1871101931393837
81.92492441,1.2092685710903255,-0.8823916902788266,-0.18299101231672246
81.9296792,1.1427017357579512,-0.8211937129897017,-0.17561023826830893
81.93443394,1.0731789062437156,-0.766814045726415,-0.16517285736317172
81.93918873,1.001237698725203,-0.7193867317933638,-0.15193297569462608
81.94394352,0.9273743717024104,-0.6788539529264495,-0.13618780793403315
81.94869826,0.8520416340295539,-0.6449742181082889,-0.11827099633360103
81.95345305,0.77564831109708,-0.6173352672056027,-0.09854539254384137
81.95820779,0.698560654633183,-0.5953712133889111,-0.07739543611132788
81.96296258,0.6211050360225473,-0.5783833285868292,-0.05521926194593742
81.96771738,0.5435717210749506,-0.5655637789086407,-0.032420666230072406
81.97247212,0.46621938972400573,-0.5560215426159474,-0.009401059199527932
81.97722691,0.38928004422186996,-0.5488096922402204,0.013448462912329198
81.9819817,0.31296395140013117,-0.5429531958497725,0.035754784460627916
81.98673644,0.23746429301657523,-0.5374763921811336,0.05717001902630314
81.99149123,0.16296125288466623,-0.5314293228212186,0.07737817021557532
81.99624597,0.08962534528325804,-0.5239121637341682,0.09610102809473904
82.00100076,0.017619877135902986,-0.5140970879917057,0.1131031297615687
82.00575555,-0.05289747434232097,-0.5012470084481281,0.12819563150264232
82.01051029,-0.12177390711844426,-0.4847307872624962,0.14123897197081897
82.01526508,-0.18886143930530744,-0.46403465041003505,0.1521442472204122
82.02001988,-0.2540173889179371,-0.43876970039438806,0.16087326399794163
82.02477462,-0.31710520327424413,-0.4086755702509384,0.16743728199388863
82.02952941,-0.3779954500909708,-0.37362039888055004,0.17189449467091392
82.03428415,-0.4365667938534842,-0.33359742591495417,0.1743463298573862
82.03903894,-0.49270680449678356,-0.2887185998382035,0.17493267619353267
82.04379373,-0.5463124795098354,-0.23920566387293205,0.17382616272702217
82.04854847,-0.5972904042815479,-0.18537922941703697,0.1712256404504367
82.05330326,-0.6455565271504992,-0.1276463666860414,0.16734903911004848
82.05805805,-0.6910355820006855,-0.06648723724240484,0.16242579992102552
82.06281279,-0.7336602471055156,-0.002441264455749994,0.1566891113643248
82.06756758,-0.7733701770061979,0.06390671172851027,0.1503681955065808
82.07232238,-0.8101110768135252,0.13193991546139142,0.14368090092431313
82.07707712,-0.8438339998620533,0.20102244761856658,0.1368268524325789
82.08183191,-0.8744950381345586,0.2705112083872175,0.12998138834049683
82.08658665,-0.9020555413703272,0.3397667886393126,0.12329048682994191
82.09134144,-0.9264829483729138,0.4081632643210078,0.11686684856954709
82.09609623,-0.947752247893124,0.4750968939284435,0.11078726500693635
82.10085097,-0.9658480141353318,0.5399937719512927,0.10509136056444575
82.10560576,-0.9807668926301698,0.6023165281830815,0.09978175066629862
82.11036055,-0.99252035482733,0.6615701821121909,0.09482560518264037
82.11511529,-1.001137500821769,0.7173072626503346,0.09015754932792332
82.11987008,-1.0066676723162995,0.7691322876719229,0.08568377441467467
82.12462482,-1.0091826423046855,0.8167056689532627,0.08128717398104712
82.12937962,-1.008778171754645,0.859747071517708,0.07683327193228323
82.13413441,-1.0055747628448735,0.898038217931817,0.07217667290312131
82.13888915,-0.9997174881587856,0.9314250927530868,0.06716774411631735
82.14364394,-0.9913748308763073,0.9598194736245936,0.06165923425594607
82.14839873,-0.980736528910277,0.9831996955451455,0.05551254879223983
82.15315347,-0.9680104741417174,1.0016105446871482,0.04860343197030115
82.15790826,-0.9534187752473234,1.0151621781430797,0.04082685065489302
82.16266305,-0.9371931475370507,1.0240279759182287,0.03210092995030697
82.16741779,-0.9195698430323199,1.0284412507595504,0.022369849866599456
82.17217258,-0.9007843746630741,1.0286907695228102,0.011605671742038305
82.17692738,-0.8810663145744244,1.025115076562203,-0.00019088127414413413
82.18168212,-0.8606344518613057,1.0180956549384985,-0.012990617769207286
82.18643691,-0.839692574060051,1.0080490143813035,-0.026736938389539826
82.19119165,-0.8184260873324399,0.9954178538527962,-0.04134763529442563
82.19594644,-0.7969996162948667,0.9806615069098096,-0.05671729684676039
82.20070123,-0.7755556360505366,0.9642459329890781,-0.0727201868600511
82.20545597,-0.7542141004254509,0.9466335591916157,-0.08921347381059695
82.21021076,-0.7330729557941953,0.9282732983225266,-0.10604068922273942
82.21496555,-0.712209379020512,0.909591066424209,-0.12303529479456864
82.21972029,-0.691681554201963,0.8909810974504817,-0.14002423780368142
82.22447508,-0.6715308032482185,0.8727983080043368,-0.15683137912580267
82.22922988,-0.6517839034518221,0.8553519069940717,-0.17328069224115386
82.23398462,-0.6324554544078592,0.8389003799265997,-0.18919915604559642
82.23873941,-0.613550191948072,0.8236479112798444,-0.2044192960263632
82.2434942,-0.5950651850630378,0.8097422463266576,-0.21878136111650154
82.24824894,-0.5769918901886406,0.7972739406551715,-0.23213515043349026
82.25300373,-0.5593180712750954,0.7862769050513166,-0.24434152051186672
82.25775852,-0.5420296179542616,0.7767301268221825,-0.255273608889458
82.26251326,-0.525112303427507,0.7685604347021332,-0.2648178072240467
82.26726805,-0.5085535181634255,0.7616461697515129,-0.2728745119176804
82.27202285,-0.49234399944556534,0.7558216252913904,-0.27935867744377807
82.27677758,-0.476479556758405,0.7508821221912703,-0.2842001992220809
82.28153238,-0.4609627743585453,0.7465895906141883,-0.28734415727981527
82.28628712,-0.4458046572121665,0.7426785357404627,-0.2887509551181522
82.29104191,-0.4310261733572232,0.7388622735620783,-0.2883963867481702
82.2957967,-0.41665963150553115,0.73483933349868,-0.2862716582676879
82.30055144,-0.40274981474127763,0.7302999360883967,-0.28238338140338376
82.30530623,-0.3893547689658785,0.7249324641700913,-0.27675354921088635
82.31006102,-0.3765461202887101,0.7184298526105307,-0.26941950091687833
82.31481576,-0.36440877331421184,0.7104958236656398,-0.2604338824502339
82.31957055,-0.35303982848166127,0.7008508931131462,-0.24986460766793084
82.32432534,-0.3425465579184892,0.6892380681607609,-0.2377948188869976
82.32908008,-0.33304330096096474,0.6754281535646094,-0.22432283270887857
82.33383488,-0.32464718553600425,0.6592245779908018,-0.20956203979034116
82.33858967,-0.3174726507328342,0.6404676477877563,-0.19364070868752487
82.34334441,-0.31162483775294103,0.6190381292907918,-0.1767016280649969
82.3480992,-0.3071920263622529,0.5948600545854104,-0.15890151152900595
82.35285399,-0.30423741205968485,0.5679026433653729,-0.1404100876442819
82.35760873,-0.3027906294216753,0.538181241581145,-0.1214088070261004
82.36236352,-0.30283950996380704,0.5057572017227348,-0.10208912115071796
82.36711831,-0.3043226015274939,0.4707366706692907,-0.08265032348987707
82.37187305,-0.3071229630960784,0.43326830309187586,-0.06329698746699859
82.37662784,-0.31106368825103364,0.3935399713621716,-0.04423607749429308
82.38138264,-0.31590551495920793,0.3517745883992771,-0.025673838607578978
82.38613738,-0.32134676446055604,0.30822519495605,-0.007812581959865415
82.39089217,-0.3270257305277646,0.26316948898312426,0.009152520045395303
82.39564696,-0.332525519697001,0.2169039939135619,0.02503652745623564
82.4004017,-0.3373812259547597,0.16973807481288558,0.03966762896721919
82.40515649,-0.3410892122095317,0.12198801381505756,0.05288976972080645
82.40991128,-0.34311817225258623,0.07397134558864119,0.06456495570780962
82.41466602,-0.3429215715762132,0.026001627197861,0.07457519706081712
82.41942081,-0.3399510235438598,-0.021616224904552606,0.08282407134933163
82.4241756,-0.33367015328418925,-0.06858995010837728,0.08923790708583489
82.42893035,-0.3235685312023157,-0.11464328406430732,0.09376660519211703
82.43368514,-0.30917530924101516,-0.15951864146494749,0.09638413025170527
82.43843993,-0.2900722495749975,-0.20297918436085155,0.09708871181067782
82.44319467,-0.2659058820665641,-0.24481032454396326,0.0959027964544246
82.44794946,-0.23639855553810435,-0.28482069902332396,0.09287278304854114
82.45270425,-0.20135816092750072,-0.3228426444943643,0.088068558900751
82.45745899,-0.16068631167882258,-0.35873219057224476,0.08158283879031464
82.46221378,-0.11438477930293807,-0.39236859691386405,0.07353029613935143
82.46696857,-0.06256000560202674,-0.4236534732770663,0.06404646705193655
82.47172331,-0.005425546128458774,-0.45250953661326077,0.053286402287427384
82.4764781,0.05669766374086553,-0.47887906794569474,0.04142303933912426
82.4812329,0.12338329360314224,-0.5027221301740596,0.028645269305161227
82.48598764,0.19410389508547857,-0.5240145974736119,0.015155684802510883
82.49074243,0.2682374800641585,-0.542746033205834,0.0011680170252763157
82.49549722,0.3450763706728127,-0.558917442780615,-0.013095701134511787
82.50025196,0.42383824406102244,-0.5725389251280677,-0.027408180531308834
82.50500675,0.5036792378112752,-0.5836272525389771,-0.041540044484472224
82.50976154,0.5837089177750853,-0.5922034223457602,-0.055263028996189525
82.51451628,0.6630068414877563,-0.5982902427147057,-0.06835312901796649
82.51927107,0.7406403798014592,-0.6019100356472761,-0.08059361962692121
82.52402587,0.8156833903911235,-0.6030825599422277,-0.091777898127852
82.52878066,0.8872352748213087,-0.6018232724475355,-0.10171211086020575
82.5335354,0.9544399031891426,-0.5981420553230249,-0.11021754740596157
82.53829019,1.0165038639262611,-0.5920425390074705,-0.1171328050359329
82.54304493,1.0727134950702641,-0.5835221441027789,-0.12231574436514976
82.54779972,1.1224501768396804,-0.5725729488864595,-0.12564526756419264
82.55255451,1.1652034097803885,-0.5591834608265566,-0.12702294847356874
82.55730925,1.2005812626006578,-0.5433413292790034,-0.12637452911413627
82.56206404,1.2283178446400507,-0.5250369828800682,-0.12365127306791165
82.56681883,1.2482775394815462,-0.50426811084938,-0.11883113865567753
82.57157357,1.2604558334742804,-0.48104483625915334,-0.11191970944479111
82.57632837,1.2649766919193108,-0.4553953578381753,-0.10295080169043005
82.58108316,1.262086576363612,-0.42737177415438493,-0.09198666227487116
82.5858379,1.25214534892611,-0.397055759785459,-0.07911767846370828
82.59059269,1.2356144563208074,-0.36456374515129203,-0.0644615406370806
82.59534748,1.213042907679499,-0.3300512639237907,-0.04816182692111141
82.60010227,1.1850516398125168,-0.29371617335409445,-0.030386009983067064
82.60485701,1.1523168908466603,-0.2558005179326712,-0.011322917721780925
82.6096118,1.1155531763091253,-0.21659088664787146,0.008820291718612058
82.6143666,1.0754963883420308,-0.1764171978600012,0.029821557070748426
82.61912133,1.032887435383101,-0.13564992230857367,0.05144764438949177
82.62387613,0.9884567280796251,-0.09469581533391637,0.07345807537712709
82.62863092,0.9429097182650484,-0.05399227083210188,0.09560914913606286
82.63338566,0.8969136253073523,-0.014000435263083987,0.11765795921509727
82.63814045,0.8510854411256116,0.024802761736183863,0.1393663169038742
82.64289524,0.8059812848382242,0.06193348464526971,0.16050450158374746
82.64764998,0.7620871686036723,0.09691057760708709,0.1808547684174412
82.65240477,0.7198112274142918,0.12926563000020638,0.2002145524923964
82.65715956,0.6794774529765909,0.15855326608067022,0.21839931720592837
82.6619143,0.6413209578219723,0.18436138286094267,0.2352450039641337
82.6666691,0.6054847868581141,0.20632105373624413,0.25061005058887376
82.67142389,0.5720182945422351,0.2241158232923459,0.26437695702696323
82.67617863,0.5408771158546348,0.23749013866872537,0.2764533885331104
82.68093342,0.5119247723950404,0.24625669043292708,0.28677281775407787
82.68568821,0.48493596474681866,0.2503024671803968,0.29529471691914544
82.69044295,0.4596016050082847,0.24959336036215338,0.3020043180967324
82.69519774,0.4355356377273433,0.24417718774639632,0.30691196222520417
82.69995253,0.41228368250771363,0.23418503504639954,0.3100520569461271
82.70470732,0.38933350603763844,0.21983084596106994,0.3114816612356597
82.70946206,0.3661272940047435,0.20140922174699072,0.3112787138985896
82.71421686,0.3420756432864864,0.1792914227536274,0.30953992459606205
82.71897165,0.31657313091121936,0.15391959613567174,0.306378349917007
82.72372639,0.28901523810761215,0.12579928639291288,0.301920681782019
82.72848118,0.2588163172061663,0.09549031910854952,0.29630428049064506
82.73323597,0.22542819211481493,0.06359618418687533,0.28967399031150515
82.73799071,0.1883588892864376,0.030752083609925124,0.28217878184786743
82.7427455,0.14719091699982226,-0.0023881502909808066,0.2739682718368597
82.74750029,0.10159845661979822,-0.03516601860609227,0.26518917715150847
82.75225503,0.051362806913615534,-0.06693291452023872,0.2559817666831659
82.75700982,-0.0036145659505539673,-0.09706495335483019,0.24647638452737183
82.76176462,-0.06330197424952105,-0.12497771802328508,0.23679013131568885
82.76651941,-0.12753097191161972,-0.15014053620947612,0.22702380585848464
82.77127415,-0.195993742608859,-0.1720898845295279,0.2172592228442221
82.77602894,-0.2682446744715395,-0.19044150423664674,0.20755703048445634
82.78078373,-0.3437062116131934,-0.20490081720749725,0.19795515196597133
82.78553847,-0.42167888502028555,-0.21527125406754147,0.18846796453916367
82.79029326,-0.501355233458531,-0.22146015087927048,0.17908630901485362
82.79504805,-0.5818371417445835,-0.2234819372536615,0.16977839040214243
82.79980279,-0.6621559626697027,-0.2214584253320954,0.16049158874433372
82.80455758,-0.7412946641802562,-0.21561611206107678,0.15115515071934546
82.80931238,-0.8182111679338584,-0.20628052068817754,0.1416836816093901
82.81406717,-0.8918620263385758,-0.1938677237279903,0.13198130923037013
82.81882191,-0.9612256205100053,-0.17887330045635427,0.12194635168663615
82.8235767,-1.0253241406533014,-0.16185908016080194,0.11147629314460746
82.82833149,-1.0832437200360099,-0.14343810300845203,0.10047285745981563
82.83308623,-1.1341522239601156,-0.12425829056180533,0.08884696769722304
82.83784102,-1.1773143401676769,-0.10498535568415052,0.0765233889352632
82.84259581,-1.2121037718568293,-0.08628549484753362,0.06344487074290583
82.84735055,-1.2380124903334029,-0.06880839278071371,0.04957563228673575
82.85210534,-1.2546571478331836,-0.053171029545610385,0.034904064218903595
82.85686014,-1.2617828667337208,-0.03994271641136638,0.019444554276681323
82.86161488,-1.2592646966323133,-0.029631705953822942,0.003238375847305936
82.86636967,-1.2471070598980531,-0.022673632225391708,-0.01364638997453676
82.87112446,-1.2254414916403267,-0.019421946766002056,-0.031115897594757604
82.87587925,-1.194522930099661,-0.020140432478288985,-0.049052513313015356
82.88063399,-1.1547247397730331,-0.02499780571922624,-0.06731766189476107
82.88538878,-1.1065325645827921,-0.034064362042311086,-0.08575545027319109
82.89014357,-1.0505370258940112,-0.047310585861951776,-0.10419694731068015
82.89489831,-0.9874252160506112,-0.06460762940981883,-0.12246497289478644
82.8996531,-0.917970907291782,-0.08572956887286987,-0.14037922577304018
82.9044079,-0.8430234058415897,-0.110357359160059,-0.1577615568370932
82.90916264,-0.7634950269590134,-0.13808442485325123,-0.17444117388008898
82.91391743,-0.6803472345149306,-0.1684238357534303,-0.19025954855132682
82.91867222,-0.5945755621052907,-0.2008170161122068,-0.20507479197875586
82.92342701,-0.5071935008424423,-0.23464392530975933,-0.21876527837772475
82.92818175,-0.41921559825365,-0.2692346245793873,-0.23123232991702328
82.93293654,-0.33164006506864946,-0.30388211070137783,-0.24240183133331472
82.93769133,-0.24543123562357433,-0.3378562556232081,-0.25222471493891696
82.94244607,-0.16150227469223474,-0.3704186436913897,-0.2606763375386071
82.94720087,-0.08069856644473661,-0.4008380488991215,-0.2677548501636083
82.95195566,-0.003782254210651188,-0.4284062463485031,-0.2734787298339837
82.95671045,0.06858158431586969,-0.45245380755540726,-0.2778836927305529
82.96146519,0.13583664931038852,-0.47236549053597643,-0.2810192361296168
82.96621998,0.1975445763802642,-0.4875948058511753,-0.2829450599305084
82.97097477,0.25339116027864367,-0.49767732416055227,-0.2837275959355876
82.97572951,0.3031893548864771,-0.5022422960916312,-0.28343682533695047
82.9804843,0.34687887464542605,-0.5010221860243241,-0.2821435011094361
82.9852391,0.3845223620303509,-0.49385977670183956,-0.27991683010197854
82.98999389,0.4162982394192955,-0.4807125749864541,-0.27682262794603846
82.99474863,0.4424905102845604,-0.46165433284933227,-0.2729219457280649
82.99950342,0.46347589064148814,-0.4368735871302981,-0.2682701729730391
83.00425821,0.47970872677089677,-0.4066692160360044,-0.26291663017544953
83.00901295,0.49170419636937973,-0.3714431102603963,-0.2569046602306626
83.01376774,0.5000203120875992,-0.3316901604815425,-0.25027220492405094
83.01852253,0.5052392583231867,-0.28798586644987173,-0.24305281438741996
83.02327727,0.5079485945308279,-0.2409719693198754,-0.2352769946555478
83.02803206,0.5087228474336195,-0.19134058988702132,-0.2269737610195968
83.03278686,0.5081059873867316,-0.13981741220413266,-0.21817223991105542
83.03754165,0.5065952393875724,-0.08714447857464615,-0.20890315633226753
83.04229639,0.5046266172914164,-0.034063157313497405,-0.19920006273516405
83.04705118,0.5025624951213981,0.018702186873557965,-0.18910020641562503
83.05180597,0.5006814517445932,0.07045934243460295,-0.1786449838005011
83.05656071,0.4991705565514358,0.12056181182870504,-0.1678799771539037
83.0613155,0.49812021157955866,0.16842045808326325,-0.15685460502695067
83.06607029,0.49752162838226427,0.2135130054345628,-0.1456214431433419
83.07082508,0.497266987456083,0.25539126101841386,-0.13423529069525106
83.07557982,0.49715229486268736,0.29368601924235993,-0.12275206954128265
83.08033462,0.4968829098634124,0.3281096940906324,-0.11122764981574343
83.08508941,0.4960816699169993,0.35845679422641413,-0.09971669400505286
83.08984415,0.4942994902727474,0.38460241268951767,-0.08827160243736547
83.09459894,0.4910282704811007,0.40649895029215083,-0.07694162696504542
83.09935373,0.4857159034127503,0.42417133091287845,-0.06577219764498259
83.10410852,0.47778315394289306,0.4377109959518166,-0.0548044816403122
83.10886326,0.46664214955494254,0.4472689802160341,-0.044075168175270164
83.11361805,0.45171619472580227,0.45304836882265875,-0.03361645370462494
83.11837285,0.4324605747844563,0.4552964134583375,-0.023456193278474022
83.12312758,0.4083839463111064,0.4542965493425507,-0.013618190293814754
83.12788238,0.3790698213263735,0.4503605072713234,-0.004122614858490708
83.13263717,0.3441975512998946,0.4438206650525676,0.005013436894634201
83.13739196,0.30356211925282306,0.4350227358874764,0.013775213673617948
83.1421467,0.25709196992401984,0.424318852854807,0.02214937782376334
83.14690149,0.20486406446689054,0.41206108178505774,0.030122852662530696
83.15165628,0.14711535125439307,0.3985953804676387,0.03768145662729715
83.15641102,0.08424990801597565,0.3842560193177172,0.04480837050683961
83.16116581,0.016841135514147416,0.36936048472787364,0.05148252626411997
83.16592061,-0.054371436675154594,0.35420489750525785,0.05767704525289851
83.1706754,-0.12849094954283413,0.33905999072066445,0.06335788201921723
83.17543014,-0.2044775905668371,0.3241677002246904,0.06848284015909833
83.18018493,-0.2811682672147983,0.30973842453849537,0.0730011151652666
83.18493972,-0.35730106184530414,0.29594900765311694,0.076853487422947
83.18969446,-0.4315437417075281,0.2829414885415107,0.07997324242781091
83.19444925,-0.5025254247654474,0.27082264582639765,0.08228784205257271
83.19920404,-0.5688703733989356,0.2596643459601688,0.08372131603586211
83.20395883,-0.6292328096672731,0.24950467883324207,0.08419729095480831
83.20871357,-0.6823316232633049,0.24034983646031952,0.08364252881294378
83.21346837,-0.7269838796028854,0.2321766600926072,0.08199081374592576
83.21822316,-0.7621361275194872,0.22493575210664132,0.07918700729462946
83.2229779,-0.7868926420546117,0.2185550253550663,0.0751910910918455
83.22773269,-0.8005398997776236,0.2129435476440164,0.069982026855676
83.23248748,-0.8025667535026757,0.20799553439072702,0.06356128040893198
83.23724227,-0.7926799368568481,0.2035943490205944,0.05595587313006395
83.24199701,-0.7708146793924103,0.19961638879688204,0.0472208388753732
83.2467518,-0.7371403445151967,0.19593476329152754,0.03744097871908131
83.2515066,-0.6920611090819337,0.19242271048017862,0.02673182259510305
83.25626133,-0.6362117791314388,0.1889567339699541,0.015239727694177373
83.26101613,-0.5704488800183367,0.18541947369425688,0.003141068001078193
83.26577092,-0.49583717890693013,0.18170233261274651,-0.009359504002148118
83.27052571,-0.4136318087284297,0.1777078709051268,-0.02203171541277322
83.27528045,-0.32525618468767636,0.17335195223679478,-0.034623215886060474
83.28003524,-0.23227595451064847,0.16856559490546053,-0.04686394374709354
83.28479003,-0.13636931098038402,0.16329645594932263,-0.058471227046598497
83.28954477,-0.039294116820961664,0.15750986724368876,-0.06915550774558979
83.29429956,0.057147567771975015,0.151189352203485,-0.07862655914228944
83.29905436,0.15114682869849422,0.14433657637864133,-0.08660005474598921
83.30380915,0.2409262767147968,0.13697071622422793,-0.09280433848172907
83.30856389,0.3247785546338576,0.12912725798638244,-0.09698723769940258
83.31331868,0.40110403381218185,0.12085625742119906,-0.09892275057911944
83.31807347,0.46844675787000456,0.11222010157480922,-0.09841743034150885
83.32282826,0.5255277090224356,0.1032908210025845,-0.09531628407219823
83.327583,0.5712745071399303,0.09414701030135504,-0.08950800699217175
83.33233779,0.6048467080314148,0.08487043049029207,-0.08092938470858788
83.33709258,0.6256559538713597,0.0755423890208668,-0.06956871565921563
83.34184738,0.6333803523788822,0.0662400183438569,-0.05546813194493863
83.34660212,0.6279726232322914,0.057032595169366214,-0.03872472733151586
83.35135691,0.6096617420511049,0.047978053173197165,-0.019490435128525316
83.3561117,0.5789480176957572,0.03911983934317502,0.002029365236643046
83.36086644,0.5365917385725488,0.030484250873479533,0.025578497186842537
83.36562123,0.48359570435235144,0.02207837024042303,0.050853839328903666
83.37037602,0.4211821172787541,0.013888694224907324,0.07751029463059779
83.37513081,0.3507644454276017,0.005880528976897447,0.10516675987820683
83.37988555,0.2739149918423785,-0.0020018026755443527,0.1334129557141399
83.38464035,0.19232900635050687,-0.00983392336566308,0.16181696308840002
83.38939514,0.10778625554755229,-0.01770954286184467,0.18993330665776295
83.39414988,0.022111015901015062,-0.025737815946784016,0.21731142901727582
83.39890467,-0.06286852699849876,-0.034039975764431726,0.243504409424476
83.40365946,-0.1453605019957342,-0.042745319434754264,0.2680777914470828
83.40841425,-0.22364826542412924,-0.05198663611291912,0.29061838755482766
83.41316899,-0.29612712858595774,-0.06189517981445579,0.3107429179086174
83.41792378,-0.3613380996844467,-0.07259530421537415,0.3281063135455581
83.42267857,-0.41799793067884583,-0.08419889740391003,0.34240947573305447
83.42743337,-0.46502486460151093,-0.09679978086557867,0.3534062446872024
83.43218811,-0.5015595963242306,-0.11046826312460084,0.36090930715355163
83.4369429,-0.5269810836565516,-0.12524605556938864,0.36479477606711136
83.44169769,-0.5409169665235308,-0.14114175975693177,0.3650052102560398
83.44645248,-0.5432484613781654,-0.158127121711448,0.3615509030799132
83.45120722,-0.5341096943906807,-0.1761342237010462,0.3545093478537236
83.45596201,-0.513881526253882,-0.1950537529646197,0.3440228761849065
83.4607168,-0.4831800120244665,-0.21473445378252343,0.3302945538139626
83.46547154,-0.4428397368924132,-0.23498383578650203,0.3135824985618325
83.47022633,-0.39389237376151337,-0.2555701769193012,0.2941928497910231
83.47498113,-0.33754091646214146,-0.2762258220545645,0.27247166407402496
83.47973592,-0.27513014508144135,-0.29665173612708207,0.24879603580538043
83.48449066,-0.20811396948494534,-0.3165232234905496,0.2235647454099846
83.48924545,-0.1380203708672434,-0.33549667567035063,0.19718872543739205
83.49400024,-0.06641472238583439,-0.3532171631062408,0.17008161161449975
83.49875503,0.0051376764753719535,-0.3693266493942687,0.14265061712075078
83.50350977,0.07510897069098173,-0.38347258358761827,0.1152879378367408
83.50826456,0.14204511106576992,-0.3953166182225453,0.08836286625140607
83.51301936,0.20460027984556503,-0.4045432059419992,0.0622147627096187
83.5177741,0.2615684698820465,-0.41086784311446084,0.037147004570884296
83.52252889,0.3119113506478015,-0.41404475170142246,0.013422006742948437
83.52728368,0.3547816248438313,-0.4138738169494011,-0.008742618413410428
83.53203847,0.38954117434115576,-0.4102066240499454,-0.029176717383335903
83.53679321,0.41577341240977433,-0.4029514592174745,-0.04775904593080091
83.541548,0.43328940014547657,-0.3920771597454103,-0.06441751363258846
83.54630279,0.44212745059886654,-0.37761571442068925,-0.07912824427988385
83.55105758,0.4425461390921067,-0.3596635301616722,-0.09191349450091948
83.55581232,0.4350108663805523,-0.3383812927087387,-0.1028384909970768
83.56056712,0.4201743777754433,-0.3139923605655152,-0.11200726175501723
83.56532191,0.39885190727960973,-0.2867796466663571,-0.11955754966548926
83.57007665,0.37199186281829927,-0.25708096622068566,-0.12565491101844864
83.57483144,0.3406431702976111,-0.22528286438887754,-0.13048612008693644
83.57958623,0.3059205343859481,-0.19181298395846716,-0.13425202743200026
83.58434102,0.2689689468127489,-0.15713108986602173,-0.13716005377087553
83.58909576,0.23092877830801886,-0.12171893191842141,-0.13941653889596547
83.59385055,0.19290272914873055,-0.08606919473721499,-0.14121919772524472
83.59860535,0.15592578724539355,-0.05067384754706715,-0.14274995356245615
83.60336014,0.12093915654794683,-0.016012257750790775,-0.14416841584810888
83.60811488,0.0887688844699766,0.017460535445221408,-0.14560624568764796
83.61286967,0.060109656273897576,0.049324980985567826,-0.14716261143640158
83.61762446,0.035513962855148656,0.07920721441981432,-0.14890088442858002
83.62237925,0.015386608511525115,0.10678792907750272,-0.15084666730098056
83.62713399,-1.568018747289498e-05,0.1318095978360951,-0.15298718982833304
83.63188878,-0.0105799517729436,0.154081778619574,-0.15527205485467385
83.63664357,-0.016328575695089453,0.17348430197364606,-0.15761527315303622
83.64139837,-0.017407284546676845,0.1899682136439797,-0.15989849153242636
83.64615311,-0.014070439296084373,0.20355442915554073,-0.16197529195434177
83.6509079,-0.006664293966862964,0.2143301501803042,-0.16367641937748276
83.65566269,0.004390946909171339,0.22244319056477246,-0.16481578126312496
83.66041743,0.018619504331749057,0.22809445682775636,-0.165197049637873
83.66517222,0.0355081168854543,0.23152891549141805,-0.16462068318219075
83.66992701,0.054523220263961544,0.2330254495733159,-0.1628911689508418
83.6746818,0.07512670006557559,0.23288605241181357,-0.15982426280731832
83.67943654,0.09678983357282069,0.2314248250741446,-0.1552539915631546
83.68419133,0.11900516972105993,0.22895723394620024,-0.14903917685592288
83.68894613,0.14129622119046187,0.22579005156796966,-0.14106925671624268
83.69370092,0.16322494916267258,0.2222123528825054,-0.13126921609325023
83.69845566,0.1843971056850685,0.2184878774166173,-0.1196034874274603
83.70321045,0.2044655616566181,0.2148489992817491,-0.10607873713220212
83.70796524,0.22313179439600778,0.21149247144588676,-0.09074550210209041
83.71271998,0.24014574336304975,0.20857702741036135,-0.0736986739014597
83.71747477,0.2553042708331325,0.20622283311485815,-0.05507684678764456
83.72222956,0.26844848740006666,0.20451268868837894,-0.03506055638131914
83.72698436,0.27946021659304215,0.20349478986724473,-0.01386944754608143
83.7317391,0.28825787307102285,0.20318677920622077,0.008241572269272166
83.73649389,0.29479201195644555,0.20358075342043674,0.030987114703625102
83.74124868,0.2990407757858478,0.2046488496786512,0.0540569215546777
83.74600347,0.30100542775439065,0.20634901270235634,0.07712217302424143
83.75075821,0.30070612316013345,0.2086305456920622,0.09984233514849401
83.755513,0.29817803954430616,0.21143906921147176,0.12187236512683679
83.76026779,0.2934679605699797,0.21472055144712573,0.1428700753850469
83.76502258,0.2866313879585434,0.21842413016401793,0.16250344845518275
83.76977732,0.2777302381998104,0.22250352046326632,0.1804576975725895
83.77453212,0.26683116505064824,0.22691689098340093,0.19644188162498769
83.77928691,0.25400453527029593,0.23162519109826468,0.2101949042156622
83.78404165,0.2393240747219865,0.23658901865143991,0.22149075133028398
83.78879644,0.2228671928735671,0.24176422569665643,0.23014284874252497
83.79355123,0.20471597764247354,0.2470965593307204,0.23600744860122805
83.79830602,0.18495881980015944,0.25251571498164305,0.23898598366296592
83.80306076,0.1636925756005782,0.25792923214475455,0.23902635659469348
83.80781555,0.1410251189321648,0.26321668510695473,0.23612316307875728
83.81257035,0.11707808586259885,0.26822461571704337,0.23031688551142573
83.81732514,0.09198958438662963,0.2727626250978081,0.221692139317528
83.82207993,0.06591662877963278,0.27660098969769037,0.21037509963119855
83.82683467,0.03903705280161359,0.27947009816459306,0.19653027178591947
83.83158946,0.011550653423174545,0.281061923967743,0.18035678523140009
83.83634425,-0.016320680307842426,0.2810336591992981,0.16208438194123656
83.84109899,-0.044334081456391616,0.2790135417897224,0.14196923712201048
83.84585378,-0.072228251635019,0.27460881650938734,0.1202896960327766
83.85060857,-0.09972756423133085,0.2674156847336572,0.09734194561067451
83.85536337,-0.12654775741236957,0.2570310195139391,0.07343558314309834
83.86011811,-0.15240313422342197,0.24306554523293766,0.048889019153251986
83.8648729,-0.1770150580565362,0.22515809897656475,0.024024666355433776
83.86962769,-0.20012140696691488,0.20299050345876749,-0.0008360887718841543
83.87438243,-0.22148654802559797,0.1763024948656514,-0.025378076038850055
83.87913722,-0.2409113255498756,0.14490607549240983,-0.04929757724803232
83.88389201,-0.2582425273413523,0.10869862014706297,-0.07230744362307204
83.8886468,-0.27338129485441837,0.06767407918640571,-0.09414190753303847
83.8934016,-0.2862899682026802,0.021931701324151627,-0.11456090735836895
83.89815633,-0.2969969013789424,-0.028318162453420857,-0.1333537765475073
83.90291113,-0.30559884892851336,-0.08275144071566745,-0.15034219665159898
83.90766592,-0.31226061661166554,-0.1409309991792005,-0.1653823685421945
83.91242071,-0.31721178679793344,-0.20231050650216656,-0.17836640538090626
83.91717545,-0.32074046908335085,-0.2662413176375012,-0.18922298619159825
83.92193024,-0.3231841752501605,-0.33198209920813493,-0.1979173263620688
83.92668503,-0.32491806142919627,-0.39871086833263336,-0.20445052590792423
83.93143977,-0.3263409122706154,-0.4655390848594835,-0.20885835872813538
83.93619456,-0.32785936314308906,-0.5315274188429878,-0.2112095744787034
83.94094936,-0.32987096903935953,-0.595702805864465,-0.21160379797839116
83.94570415,-0.33274682913420267,-0.6570764001340733,-0.21016912146409128
83.95045889,-0.33681455308076597,-0.7146620376111614,-0.20705948540575975
83.95521368,-0.3423423957750051,-0.7674948279196936,-0.20245193192225225
83.95996847,-0.34952538022663004,-0.8146495050228284,-0.1965437939416122
83.96472326,-0.3584741670842784,-0.855258183622843,-0.18954985831209967
83.969478,-0.36920731431470716,-0.8885271919917033,-0.18169951666344114
83.97423279,-0.38164740793817337,-0.9137526818780213,-0.17323389569621855
83.97898758,-0.39562134567981105,-0.9303347499671292,-0.1644029374406567
83.98374238,-0.4108648330260904,-0.9377898404135966,-0.15546237759319062
83.98849712,-0.4270309187938344,-0.9357612329426102,-0.14667054635338647
83.99325191,-0.4437021685023559,-0.9240274561556799,-0.13828489612726133
83.9980067,-0.4604058633597258,-0.9025085012661508,-0.13055815365169407
84.00276149,-0.4766314365382771,-0.8712697466885663,-0.12373401137984014
84.00751623,-0.4918492322837609,-0.8305235370534024,-0.11804232067130437
84.01227102,-0.5055296102252794,-0.7806283903778785,-0.11369382446112898
84.01702581,-0.5171614251195515,-0.7220858353966806,-0.11087455686440012
84.02178055,-0.5262689924934266,-0.6555349103339795,-0.10974012341401514
84.02653534,-0.5324267960269078,-0.5817443875180142,-0.1104101412031011
84.03129014,-0.5352713869245076,-0.5016028259182278,-0.11296315215980664
84.03604493,-0.5345101463217865,-0.41610659371691316,-0.1174323220097965
84.04079967,-0.529926804285957,-0.3263460410822652,-0.12380220592932613
84.04555446,-0.5213838113653729,-0.23349003463239187,-0.13200680759897165
84.05030925,-0.5088218265273596,-0.1387690861978076,-0.14192909126414094
84.05506404,-0.49225671433783946,-0.0434573181705046,-0.15340203520369047
84.05981878,-0.4717745374537829,0.0511464930962757,-0.166211244719747
84.06457357,-0.4475250910340142,0.14373856317899072,-0.180099074756369
84.06932837,-0.4197145511340208,0.2330302148893145,-0.19477014647696378
84.07408316,-0.38859779360220364,0.3177682537952729,-0.20989807882293282
84.0788379,-0.35447088010057615,0.3967553953538699,-0.22513319717259764
84.08359269,-0.3176641049365814,0.46887051867111534,-0.2401109340013077
84.08834748,-0.2785358539893781,0.5330884876110649,-0.25446061429017786
84.09310227,-0.23746735284499323,0.5884992346692819,-0.267814330085656
84.09785701,-0.19485819410406147,0.6343257573435335,-0.2798156452621889
84.1026118,-0.15112236409327978,0.6699406390081087,-0.29012791120023906
84.1073666,-0.10668436872877311,0.6948806804099162,-0.2984420001897135
84.11212133,-0.06197500982434931,0.7088592151895162,-0.3044832756747948
84.11687613,-0.01742639714308244,0.7117756846216207,-0.30801762786676357
84.12163092,0.026534103784948648,0.703722065462764,-0.3088564203366174
84.12638571,0.06949110700131436,0.6849857832772526,-0.30686022143594116
84.13114045,0.11104952298296841,0.6560488041227259,-0.30194123083198693
84.13589524,0.15084363136845588,0.6175826808288405,-0.29406435109903495
84.14065003,0.18854639454729732,0.5704394351071054,-0.2832468937574895
84.14540482,0.22387837331953628,0.5156382795851746,-0.269556947696039
84.15015956,0.25661556341449515,0.4543483180682575,-0.2531104767890568
84.15491436,0.2865955098076391,0.3878674994122567,-0.23406725409077053
84.15966915,0.31372116122430144,0.31759823095395256,-0.21262578210554514
84.16442394,0.33796208024831564,0.24502017240477678,-0.18901739012592383
84.16917868,0.3593528040266895,0.17166082344980532,-0.16349973664469897
84.17393347,0.3779883383929407,0.09906458495607443,-0.1363499723146973
84.17868826,0.39401695124399144,0.02876101610241449,-0.10785783121008423
84.18344305,0.4076306008983242,-0.03776696828635029,-0.07831891059883843
84.18819779,0.4190534854142071,-0.099114211462243,-0.04802837049042527
84.19295258,0.4285293216842381,-0.15398300357908723,-0.017275236314247298
84.19770738,0.43630804931577055,-0.20121064086311344,0.013662572818378656
84.20246217,0.4426326960021606,-0.23979420003039703,0.0445224331373685
84.20721691,0.4477271344342359,-0.2689119387355246,0.07506042525616805
84.2119717,0.45178540593475064,-0.28794081146134176,0.10505401157417547
84.21672649,0.4549631864083605,-0.2964696785663364,0.13430405659750705
84.22148128,0.4573718335646917,-0.294307882682779,0.16263627106434853
84.22623602,0.4590752928027135,-0.28148897156077063,0.1899021503091439
84.23099081,0.4600899665439873,-0.25826946070416024,0.21597945518949554
84.2357456,0.4603874803964601,-0.22512265242152862,0.24077225627358315
84.2405004,0.4599001190346881,-0.18272765741842345,0.26421053576833414
84.24525514,0.4585285640665567,-0.13195389548002312,0.2862493244454945
84.25000993,0.45615145459131917,-0.07384147598853899,0.30686734940979227
84.25476472,0.45263621578643254,-0.009577969382546273,0.32606518557797515
84.25951951,0.44785056312542587,0.05952782870123721,0.34386293481111063
84.26427425,0.44167408404820274,0.1320744704816474,0.3602974920546771
84.26902904,0.4340093150916953,0.2065980495382364,0.375419488135829
84.27378383,0.4247917620801693,0.2816032718490421,0.3892900187543545
84.27853857,0.4139983518699137,0.3555946555129419,0.40197727700621205
84.28329337,0.40165386109683876,0.4271071250598956,0.4135532025702618
84.28804816,0.38783494723274536,0.4947353002603532,0.42409024605629125
84.29280295,0.37267151331710546,0.5571608280227254,0.4336583251398596
84.29755769,0.3563452676403912,0.6131771640642089,0.44232202331951437
84.30231248,0.33908548632664043,0.6617112774328902,0.4501380547192039
84.30706727,0.3211621390589744,0.7018418306876145,0.45715299309882274
84.31182206,0.30287668148619795,0.7328134887400537,0.4634012490886727
84.3165768,0.2845509379919284,0.7540471322260411,0.4689032877368836
84.3213316,0.2665145883531344,0.7651458905887746,0.4736641119123659
84.32608639,0.24909183337707677,0.7658970535201526,0.47767208521375665
84.33084118,0.23258785355976724,0.7562700535028042,0.48089821147665374
84.33559592,0.217275693264804,0.7364108261602869,0.4832960091069946
84.34035071,0.20338419776962888,0.706632942874102,0.4848021078424471
84.3451055,0.19108759740846845,0.6674059704042714,0.4853376529825407
84.34986029,0.18049727054808487,0.6193415473806182,0.48481053508789573
84.35461503,0.17165612718572837,0.5631776810591931,0.48311838454120815
84.35936982,0.16453593989061002,0.499761761887895,0.4801521961302035
84.36412462,0.15903780895098146,0.4300327684900413,0.47580039404630486
84.36887936,0.15499578384017573,0.3550030922693726,0.46995312167402914
84.37363415,0.15218347770581925,0.2757403526679367,0.46250654407755726
84.37838894,0.1503233171629841,0.19334950797160255,0.453366978265738
84.38314373,0.14909788377765423,0.10895549964444724,0.44245470836474016
84.38789847,0.1481626462521869,0.023686605703340267,0.42970739054332585
84.39265326,0.1471592742017353,-0.061341376113655095,0.4150829969569545
84.39740805,0.1457286861695537,-0.145040038828245,0.39856228104663405
84.40216284,0.14352303311298306,-0.22636232395053982,0.3801507626073693
84.40691758,0.14021595985084648,-0.3043154931436067,0.35988022898794364
84.41167238,0.1355107076856811,-0.3779730772415143,0.3378097335449851
84.41642717,0.12914588672755195,-0.4464857531110355,0.3140260542706037
84.42118196,0.12089900754003975,-0.5090910863031359,0.2886435657364472
84.4259367,0.11058807261765297,-0.5651220722014666,0.2618034834848411
84.43069149,0.09807166182041081,-0.6140144102183811,0.23367246208864798
84.43544628,0.08324799895606817,-0.6553124493393946,0.20444056022870338
84.44020107,0.06605347295982585,-0.6886737443026274,0.17431861880543004
84.44495581,0.04646102757973182,-0.713872159174777,0.1435351222032504
84.4497106,0.024478749712920828,-0.7307994517431357,0.11233262302439878
84.4544654,0.00014889626248793192,-0.7394652717137123,0.080963806925889
84.45922019,-0.026452487504159777,-0.7399955113138864,0.049687261243259
84.46397493,-0.05521528829702324,-0.7326289607585582,0.01876299586492939
84.46872972,-0.08599439995056662,-0.7177122442955948,-0.011552245500485031
84.47348451,-0.11860826463376545,-0.6956930449079975,-0.04100984518064189
84.4782393,-0.15283709590283767,-0.6671116655791216,-0.06937428983806684
84.48299404,-0.1884211041267644,-0.6325910196524878,-0.09642818690023085
84.48774883,-0.22505913285082804,-0.5928251885846265,-0.1219772022044345
84.49250363,-0.26240816602410155,-0.5485667281237536,-0.14585476383537527
84.49725837,-0.30008416417898587,-0.5006129402367006,-0.16792634620266245
84.50201316,-0.33766462487339693,-0.44979135642147167,-0.1880931330444286
84.50676795,-0.37469314216124805,-0.3969446988346417,-0.20629486486653992
84.51152274,-0.41068607519017436,-0.3429156006105753,-0.22251170765080866
84.51627748,-0.44514124966590024,-0.288531377688294,-0.23676503109198957
84.52103227,-0.4775484352790539,-0.23458915247520792,-0.2491170454041446
84.52578706,-0.5074011928601359,-0.18184163460564287,-0.25966930273852573
84.53054186,-0.5342095836632759,-0.13098386440617907,-0.268560112183463
84.5352966,-0.5575131840828894,-0.08264121790130707,-0.2759609421223275
84.54005139,-0.5768938457481337,-0.03735895521700851,-0.28207189300687874
84.54480618,-0.5919876707917321,0.004406435435091177,-0.28711632467188947
84.54956097,-0.6024957224285307,0.042293888481921275,-0.29133472427732476
84.55431571,-0.6081930530941159,0.07604224809432306,-0.2949779120496259
84.5590705,-0.6089357027296951,0.10549248642268086,-0.29829970734049566
84.56382529,-0.6046653985021716,0.13058759518652005,-0.3015492170576582
84.56858008,-0.5954117753645269,0.15137013132166222,-0.3049629560093182
84.57333482,-0.5812920337319621,0.1679774294129582,-0.3087570535156338
84.57808962,-0.5625080531019684,0.18063452634131918,-0.3131198317524786
84.58284441,-0.5393410842185822,0.18964488522829737,-0.3182050511174186
84.5875992,-0.5121442420734249,0.19537906271153552,-0.324126104057968
84.59235394,-0.4813331108244088,0.19826153820213366,-0.3309514035115034
84.59710873,-0.4473748410633692,0.19875601298513906,-0.33870116047878873
84.60186352,-0.4107761614467918,0.1973495820276801,-0.3473456836871577
84.60661831,-0.3720707358277054,0.19453626949646113,-0.356805269250192
84.61137305,-0.3318062751007875,0.19080048713034548,-0.36695168493917374
84.61612785,-0.29053176693366406,0.1866010124034623,-0.37761119530542575
84.62088264,-0.2487851263036243,0.1823560851262459,-0.38856902177503677
84.62563743,-0.20708150636896125,0.17843018609740804,-0.3995750866996632
84.63039217,-0.16590245425760713,0.1751229935229534,-0.4103508531528752
84.63514696,-0.12568606006918545,0.1726609195264699,-0.42059704373944434
84.63990175,-0.086818234722596,0.17119151929993293,-0.4300020012237964
84.64465649,-0.04962525940026137,0.17078094788087464,-0.4382504393565004
84.64941128,-0.01436776365310028,0.17141452046948646,-0.44503232169641643
84.65416607,0.018763705470082305,0.17300031508761163,-0.45005159876858586
84.65892087,0.049651375942395326,0.17537564244675552,-0.45303453156849655
84.66367566,0.07825109288671475,0.17831609737357726,-0.4537373370266124
84.6684304,0.10459124352611135,0.1815468004977613,-0.4519529140394295
84.67318519,0.12876974167374167,0.1847553430995021,-0.44751644938469953
84.67793998,0.1509490858011027,0.18760587072877372,-0.4403097578705354
84.68269472,0.17134954010864947,0.18975369225971633,-0.43026427226645053
84.68744951,0.1902405285852272,0.19085978784331178,-0.4173626568256114
84.6922043,0.20793038151362436,0.19060461457842257,-0.40163906719510395
84.6969591,0.2247546313276912,0.18870067050140732,-0.3831781174409409
84.70171383,0.24106311708732553,0.18490336947406358,-0.3621126443393696
84.70646863,0.2572062208598767,0.17901989269351073,-0.338620384650466
84.71122342,0.2735206213843042,0.17091580620950664,-0.31291970581905243
84.71597821,0.29031500584063585,0.16051935681890211,-0.2852645532727255
84.72073295,0.30785622326102424,0.14782347058798978,-0.2559387938038059
84.72548774,0.32635638602759753,0.1328855710392402,-0.2252501402010828
84.73024253,0.34596142254302065,0.11582540344488364,-0.1935238357553038
84.73499732,0.3667415514756534,0.09682109734613936,-0.1610962595208261
84.73975206,0.38868408854801445,0.07610372428764316,-0.12830858686771573
84.74450686,0.41168891837067706,0.053950616802245534,-0.09550060895639774
84.74926165,0.4355668757710788,0.030677713334540092,-0.06300478533504074
84.75401644,0.4600411901984349,0.0066311864860649,-0.031140583158463856
84.75877118,0.484752054550064,-0.01782139848438256,-0.0002091503009086414
84.76352597,0.5092642832667594,-0.042300160136683786,0.029511620838195994
84.76828076,0.533077920301071,-0.06642199082914299,0.05777156078463294
84.77303555,0.5556415449704143,-0.08980945297975809,0.08435211866690653
84.77779029,0.5763679059999185,-0.11209928958235277,0.10906956396740697
84.78254508,0.5946513969941292,-0.13295037325104767,0.13177736725538314
84.78729988,0.6098867766656662,-0.15205093584695656,0.15236764685650114
84.79205467,0.6214884410732898,-0.16912494031344294,0.1707716020983807
84.79680941,0.6289094803849768,-0.18393747747546538,0.1869589042198632
84.8015642,0.631659708371688,-0.19629909232977982,0.20093607737683028
84.80631899,0.6293218496082527,-0.20606896559782653,0.21274396588553837
84.81107373,0.6215651179126822,-0.21315689654045678,0.22245443998737735
84.81582852,0.6081555271604614,-0.217524053502085,0.23016653229769912
84.82058331,0.5889624422085912,-0.21918248248486244,0.23600221569234026
84.8253381,0.563961094384768,-0.21819339474010366,0.24010202994546423
84.83009285,0.5332310364230477,-0.2146642936846856,0.24262074163028613
84.83484764,0.49695077376764224,-0.2087450481621662,0.2437231848801582
84.83960243,0.45538905673759034,-0.20062306858201737,0.2435803869546627
84.84435722,0.40889352433049747,-0.1905177875845587,0.24236604054519975
84.84911196,0.3578775334854778,-0.17867467985602803,0.24025335137872897
84.85386675,0.30280607527419257,-0.16535907082847082,0.23741226783481226
84.85862154,0.2441816700902076,-0.15084997892954333,0.23400708700184597
84.86337633,0.182531053327276,-0.13543421180447576,0.23019442444975147
84.86813107,0.11839332231738972,-0.11940089694777961,0.22612152964600812
84.87288587,0.05231003135130968,-0.10303657620891421,0.22192492407982375
84.87764066,-0.015182482205574966,-0.08662093722996576,0.21772933402787853
84.88239545,-0.08355845600248911,-0.07042319967825963,0.21364688352685035
84.88715019,-0.15230583409981185,-0.05469912721299409,0.20977650514696328
84.89190498,-0.22092740211595693,-0.039688602229810854,0.2062035174852275
84.89665977,-0.2889402656356164,-0.025613679818438432,0.20299931086686893
84.90141456,-0.3558740905593506,-0.012677027068708806,0.2002210790809913
84.9061693,-0.42126857500233567,-0.001060651121170437,0.1979115377671321
84.9109241,-0.48467064618185907,0.009075176475553339,0.19609858171189742
84.91567889,-0.5456318733152745,0.01759288029684632,0.19479485518687265
84.92043368,-0.6037065591025822,0.02437849060281239,0.19399724077747998
84.92518842,-0.658450917860447,0.029342546277355035,0.19368630900593234
84.92994321,-0.7094236686399082,0.03242101621486824,0.1938258066873485
84.934698,-0.7561882695666318,0.03357624730676015,0.194362288668775
84.93945279,-0.7983169008845421,0.03279793293427463,0.19522500932396958
84.94420753,-0.8353961767087462,0.030104083368385638,0.1963261846475456
84.94896232,-0.867034437151371,0.025541966479955366,0.1975617154823297
84.95371712,-0.892870349108425,0.01918897067523622,0.19881243369038146
84.95847186,-0.9125824305505451,0.011153320380311586,0.1999459034297366
84.96322665,-0.9258990167578565,0.0015745500239404647,0.20081878405736664
84.96798144,-0.9326081177211906,-0.009376378102798781,0.20127973952330566
84.97273623,-0.932566584291741,-0.021497435737393607,0.20117285730114712
84.97749097,-0.9257080135106072,-0.03455648708028609,0.2003415134158253
84.98224576,-0.9120488825016959,-0.04829293953069053,0.19863258799810588
84.98700055,-0.8916925014746041,-0.06242015290651888,0.1959009014551855
84.99175534,-0.8648305102036117,-0.0766286408307225,0.19201371050293914
84.99651008,-0.8317417937503101,-0.09059006572492774,0.18685508139223836
85.00126488,-0.7927888435949991,-0.10396199812613366,0.18032994880254405
85.00601967,-0.7484117222168803,-0.11639338258044463,0.17236767565398442
85.01077446,-0.6991198920187026,-0.12753062669680212,0.16292495212022112
85.0155292,-0.645482243685293,-0.1370242067582144,0.15198790967081496
85.02028399,-0.5881157135065894,-0.14453566150572816,0.13957337388189914
85.02503878,-0.5276729234088722,-0.1497448247413894,0.1257292317408374
85.02979352,-0.4648293142024499,-0.152357128311825,0.11053393806885212
85.03454831,-0.40027026630492224,-0.15211079215100767,0.0940952257986142
85.0393031,-0.33467870223542023,-0.14878370933119306,0.07654811359654977
85.0440579,-0.26872363007132066,-0.14219983217616894,0.05805232159489296
85.04881269,-0.2030500087399311,-0.1322348705788554,0.038789212265656375
85.05356743,-0.13827019370430207,-0.1188211263020924,0.018958369082683474
85.05832222,-0.07495706528738308,-0.10195130772001598,-0.0012260882624345012
85.06307701,-0.013638773478944977,-0.08168119745527637,-0.021539373654104254
85.0678318,0.045205117381444865,-0.058131078570524596,-0.04175003257144614
85.07258654,0.10114640448738461,-0.031485860302831147,-0.06162402810833537
85.07734133,0.15381030429552603,-0.0019938781502355707,-0.08092888039502034
85.08209613,0.20287713183035425,0.03003562719787145,-0.09943781675993232
85.08685092,0.24808387030666598,0.06423632120679557,-0.11693387009498318
85.09160566,0.2892257967446763,0.10018981905612304,-0.13321383689969804
85.09636045,0.3261582115014628,0.13743187218889427,-0.1480919819274902
85.10111524,0.3587982033142719,0.1754595748473336,-0.1614033611841674
85.10586998,0.38712627959764995,0.21373943623401803,-0.1730066362848283
85.11062477,0.41118761285794525,0.25171613989852704,-0.1827862748007512
85.11537956,0.43109260270029215,0.2888217971555441,-0.19065407171990337
85.12013436,0.4470164311219252,0.32448549478082783,-0.19654997927949625
85.1248891,0.4591972974386779,0.35814293693542304,-0.20044228574646467
85.12964389,0.4679330585700736,0.389245986048851,-0.20232722795032668
85.13439868,0.4735760704356244,0.4172719171046692,-0.2022281497178251
85.13915347,0.47652612486044454,0.4417322145647142,-0.2001943245293632
85.14390821,0.4772214969969326,0.4621807606628168,-0.1962995456087047
85.148663,0.4761282485203565,0.47822128669765374,-0.19064055496027166
85.15341779,0.47372805569279586,0.48951398335805507,-0.18333534377637672
85.15817258,0.47050493284154493,0.4957811902239983,-0.1745213212534003
85.16292732,0.4669312892334993,0.49681210695218825,-0.1643533256149976
85.16768212,0.4634537869961605,0.4924664879804198,-0.15300144239756028
85.17243691,0.46047946539168827,0.4826772979129785,-0.14064859759799317
85.1771917,0.4583625763637263,0.467452316130567,-0.1274879021150477
85.18194644,0.4573925551063806,0.4468746879885722,-0.11371973617847887
85.18670123,0.45778353997688404,0.4211024282659237,-0.09954857856174816
85.19145602,0.45966585926479797,0.39036689172961714,-0.08517960683654112
85.19621081,0.46307990703335733,0.35497023596136423,-0.07081512161799702
85.20096555,0.46797281954745334,0.3152819122440831,-0.05665087733319725
85.20572034,0.47419832178478566,0.2717342302486381,-0.04287243152107755
85.21047514,0.48152002851982295,0.22481705019640716,-0.02965165129787749
85.21522993,0.48961834985498587,0.17507166100352298,-0.01714353588880771
85.21998467,0.49810096683998684,0.1230839048497077,-0.0054835226834736425
85.22473946,0.5065166187941404,0.06947660997288144,0.00521456507718585
85.22949425,0.5143717019486364,0.01490139788673424,0.014859802462920284
85.23424899,0.5211489502918366,-0.039970058550419345,0.02338460597372817
85.23900378,0.5263272870079923,-0.094455233492885,0.030744332600051178
85.24375857,0.5294018243065617,-0.14787029016448255,0.03691610765337302
85.24851337,0.5299029633207297,-0.19953983364739034,0.041897023859289874
85.2532681,0.5274136032526003,-0.2488067239886738,0.0457019063987553
85.2580229,0.5215835993677216,-0.2950417863712181,0.04836086493865609
85.26277769,0.5121407969830304,-0.3376532474533812,0.04991685018451927
85.26753248,0.4988981961694545,-0.37609572455216633,0.050423400647760984
85.27228722,0.48175705320639023,-0.4098785974809303,0.04994271263527982
85.27704201,0.460705984597093,-0.4385736024553721,0.04854410461784466
85.2817968,0.43581639244895737,-0.46182150405789923,0.04630288817267371
85.2865516,0.40723475966930883,-0.4793377236818169,0.04329961042873906
85.29130633,0.37517255106785774,-0.49091682828202055,0.03961960130165442
85.29606113,0.3398945825788742,-0.49643580845549307,0.035352742219476485
85.30081592,0.30170676883318764,-0.4958560983652459,0.0305933681774059
85.30557071,0.26094412090011054,-0.48922431265616545,0.025440218026165032
85.31032545,0.21795974566826515,-0.4766716990927014,0.019996356106768837
85.31508024,0.17311541460917607,-0.45841233077832966,0.014368999743591645
85.31983503,0.12677405217372606,-0.4347400870405427,0.00866919970053525
85.32458982,0.07929427657551233,-0.406024494932225,0.0030113320863639683
85.32934456,0.03102693686672301,-0.37270552186062667,-0.0024876319392803307
85.33409936,-0.017686554655456096,-0.33528742287671853,-0.007709109056846678
85.33885415,-0.06651439622273181,-0.2943317525212087,-0.012534169753607143
85.34360894,-0.11513344202876177,-0.25044965014083026,-0.016845117160948074
85.34836368,-0.16322751847672862,-0.2042935001014429,-0.020527401345502655
85.35311847,-0.2104854151160221,-0.15654805683731665,-0.023471873162844308
85.35787326,-0.25659893007174944,-0.10792111229373216,-0.025577351058463017
85.36262805,-0.3012613007205112,-0.059133772725125267,-0.02675343484403185
85.36738279,-0.34416628441029046,-0.010910404864611213,-0.026923459202509582
85.37213758,-0.38500808034314576,0.03603169065022115,-0.02602744369546027
85.37689238,-0.42348220893498156,0.08099281719641016,-0.024024871222906273
85.38164712,-0.4592873913415323,0.1233015602576423,-0.020897117364826547
85.38640191,-0.49212839873291897,0.1623255181525796,-0.016649361283003792
85.3911567,-0.5217197684878271,0.19748197472732365,-0.011311835103466604
85.39591149,-0.5477902174468694,0.2282483734013756,-0.004940310328287741
85.40066623,-0.5700875303708623,0.2541724159877355,0.0023842284067856385
85.40542102,-0.5883836758592228,0.27488157022143506,0.010556717282614756
85.41017581,-0.6024799090473718,0.2900917315118732,0.01944990091926275
85.41493061,-0.6122116586470113,0.29961475319883096,0.028916883901485016
85.41968534,-0.6174530543111046,0.30336454217291436,0.038794238884252714
85.42444014,-0.6181210121532492,0.30136141899829216,0.04890556432596419
85.42919493,-0.6141788447137391,0.2937344670708509,0.05906539727863257
85.43394972,-0.6056393851108306,0.2807216432967412,0.0690834013187673
85.43870446,-0.5925676102516618,0.26266748888877806,0.07876875683260502
85.44345925,-0.5750827202369752,0.240018356831488,0.08793467428213583
85.44821404,-0.5533595923428345,0.21331515599539497,0.09640293011828949
85.45296878,-0.5276294923745232,0.18318369518566902,0.10400829479334922
85.45772357,-0.49817990559853265,0.15032278902240687,0.11060269275046741
85.46247837,-0.4653533494578677,0.11549035817330663,0.11605891752092021
85.46723316,-0.4295450486039294,0.07948781731416561,0.1202737314498068
85.4719879,-0.3911993814288651,0.04314309519436366,0.12317021289164122
85.47674269,-0.35080503742600566,0.007292673581082985,0.12469926869975388
85.48149748,-0.3088888511962787,-0.027236933173955872,0.12484029352632639
85.48625227,-0.26600830218059757,-0.059647809387131316,0.1236010139292962
85.49100701,-0.22274269484302178,-0.08918891610524422,0.12101659160397528
85.4957618,-0.17968307062804004,-0.11517355185963515,0.11714807130455573
85.5005166,-0.13742095781197258,-0.1369955494074316,0.11208025016193629
85.50527139,-0.09653613938213924,-0.15414379604631012,0.10591902803463875
85.51002613,-0.057583704844052695,-0.16621471366779447,0.09878828576788112
85.51478092,-0.02108073609765712,-0.17292239412272065,0.09082633765183323
85.51953571,0.01250695244974787,-0.17410615170806212,0.08218201798390273
85.5242905,0.0427775503758107,-0.16973532318828308,0.07301048731676713
85.52904524,0.06940496841977359,-0.15991121240139275,0.06346887699036305
85.53380003,0.09214903589561657,-0.14486613807207643,0.05371192392365821
85.53855482,0.11086369767600444,-0.12495959905468831,0.043887772509351636
85.54330962,0.12550277751445107,-0.10067162216356045,0.03413412801268029
85.54806436,0.13612295123315216,-0.07259340659865152,0.0245749307862374
85.55281915,0.14288367708546654,-0.04141542831108261,0.015317683573536392
85.55757394,0.1460439543224696,-0.007913218968342585,0.006451511752603961
85.56232873,0.1459559138331226,0.02706891276285031,-0.0019540214243987243
85.56708347,0.1430553751077737,0.06263589726375587,-0.009849375326425715
85.57183826,0.13784962258261574,0.09786128845724314,-0.017204838660699728
85.57659305,0.13090275624650743,0.131807607522097,-0.02400977569083391
85.58134779,0.12281905376288875,0.16354720765203937,-0.030271411386847694
85.58610258,0.11422484358689125,0.192183205765775,-0.036013247989956976
85.59085738,0.10574943105149073,0.2168700244906503,-0.04127319074327127
85.59561217,0.09800564353696888,0.23683309808035405,-0.04610144360872449
85.60036691,0.09157056906061863,0.251387318353483,-0.05055822119491876
85.6051217,0.08696705819052565,0.259953829728965,-0.0547113137372596
85.60987649,0.08464654551300436,0.26207482339174637,-0.0586335392040306
85.61463128,0.08497372657123334,0.25742602597091696,-0.0624001207149008
85.61938602,0.08821359966751735,0.2458266238791875,-0.06608603752300735
85.62414081,0.09452134611482643,0.22724640709698082,-0.06976341152048578
85.62889561,0.10393547122241623,0.2018099536276737,-0.07349900524857463
85.6336504,0.11637455514890427,0.16979770882296816,-0.07735191823004638
85.63840514,0.13163786512521625,0.13164384627182013,-0.08137157297876309
85.64315993,0.14940996068676018,0.08793083469241511,-0.08559607768048086
85.64791472,0.1692692858652106,0.03938068301758743,-0.09005103792774434
85.65266951,0.19070059024631705,-0.01315710407666335,-0.0947488663184345
85.65742425,0.213110857187491,-0.06872075545771097,-0.09968861039234057
85.66217904,0.23584824696128537,-0.12625445965548981,-0.10485629138605661
85.66693383,0.2582233932100913,-0.18462930941498795,-0.11022572187296141
85.67168863,0.27953223453386333,-0.24266659365185358,-0.11575974975350531
85.67644337,0.2990794349862051,-0.29916297596952773,-0.121411857602963
85.68119816,0.3162013670401201,-0.3529170158494408,-0.1271280286128437
85.68595295,0.33028761698386433,-0.402756415140461,-0.13284877328553668
85.69070774,0.34080003670179254,-0.4475653113344119,-0.1385111957926031
85.69546248,0.34728850558313057,-0.48631089424070334,-0.14405096740606732
85.70021727,0.34940276850388563,-0.5180685988113621,-0.14940407039229467
85.70497206,0.346899960408366,-0.5420451283452145,-0.15450818510224656
85.7097268,0.33964769249308535,-0.5575985926395612,-0.15930362092135167
85.7144816,0.3276228374723679,-0.5642551080573985,-0.1637337386773204
85.71923639,0.31090639335764214,-0.5617213035667832,-0.16774487203584024
85.72399118,0.2896750122820475,-0.5498923089542854,-0.17128581769253828
85.72874592,0.2641899411211429,-0.5288549641688349,-0.1743070168422817
85.73350071,0.2347842229708965,-0.49888617096320537,-0.1767595833554771
85.7382555,0.20184904504693252,-0.4604464927596082,-0.17859434140213024
85.74301029,0.16582008823624494,-0.4141692778360465,-0.1797610170396954
85.74776503,0.12716464353223506,-0.36084572100623963,-0.18020769145525775
85.75251982,0.08637012359214359,-0.30140638480084037,-0.1798805799226858
85.75727462,0.043934427676915556,-0.23689977544655053,-0.1787241617180516
85.76202936,0.0003584287805097749,-0.16846861812209168,-0.1766816589894607
85.76678415,-0.04385934317129503,-0.09732450574972869,-0.17369584782786393
85.77153894,-0.08822593371292776,-0.024721608824932413,-0.1697101797309334
85.77629373,-0.13225538617353141,0.04806986933419352,-0.16467019229312693
85.78104852,-0.17546875871220105,0.11978982837517611,-0.15852519064484338
85.78580326,-0.21739323378669012,0.18921337392924062,-0.15123018301053728
85.79055805,-0.2575608705979756,0.25517432248348276,-0.14274805224880033
85.79531285,-0.29550756137143447,0.3165866186126096,-0.13305193784240466
85.80006758,-0.3307727185138481,0.3724632666038476,-0.12212778692250795
85.80482238,-0.36290014414080446,0.42193248220252905,-0.10997700647028644
85.80957717,-0.3914404255133831,0.4642508796429172,-0.09661911232101482
85.81433196,-0.4159550735807022,0.49881361608849367,-0.08209422951328182
85.8190867,-0.43602249018983785,0.5251615127344818,-0.06646526308696382
85.82384149,-0.4512457210579018,0.542985253988353,-0.04981953946375492
85.82859628,-0.46126183058812525,0.5521268298843416,-0.03226972311715071
85.83335107,-0.4657526236122484,0.5525784297257549,-0.013953843119399147
85.83810581,-0.4644563405866957,0.5444790158465189,0.00496568339204836
85.8428606,-0.4571798691241349,0.5281088067995054,0.02430407488584402
85.8476154,-0.443810948457663,0.5038818833125271,0.043857224017554555
85.85237014,-0.4243297971082324,0.4723371038508775,0.06340564635288713
85.85712493,-0.3988195697962664,0.434127486604421,0.0827191762694896
85.86187972,-0.3674750480439564,0.39000818911142626,0.10156220976896245
85.86663451,-0.3306089890886382,0.34082320275542033,0.1196992782346124
85.87138925,-0.28865559929280016,0.28749088057174205,0.1369007390265402
85.87614404,-0.2421706627434682,0.23098843150469056,0.15294838196776375
85.88089883,-0.19182794624408667,0.1723355370421092,0.16764076926145383
85.88565363,-0.13841162169699195,0.1125772710531184,0.1807981460460645
85.89040837,-0.0828045982849603,0.05276652700041478,0.19226677775274348
85.89516316,-0.02597283952618551,-0.006053821724956987,0.20192258853401418
85.89991795,0.031054051824736847,-0.06286878062582806,0.20967399332787068
85.90467274,0.08720547943519646,-0.11670883994561912,0.21546383675517974
85.90942748,0.14139502163226678,-0.1666670288079916,0.21927037801009538
85.91418227,0.1925472470012151,-0.21191509331656203,0.22110729478002078
85.91893706,0.23962519722704398,-0.2517184549337782,0.22102272142158616
85.9236918,0.28165752709873365,-0.285449598019774,0.21909738412261676
85.9284466,0.31776433593181336,-0.31259954427837167,0.2154419420509327
85.93320139,0.3471808307255723,-0.33278709923137784,0.21019367944028766
85.93795618,0.3692781074503891,-0.34576560170459786,0.20351271028443382
85.94271092,0.3835804964348108,-0.35142696959885766,0.19557785053638996
85.94746571,0.38977906748804997,-0.3498029096229142,0.1865822865548701
85.9522205,0.3877410192900327,-0.34106323881966083,0.1767291348126342
85.95697529,0.3775147903773959,-0.325511345123088,0.16622696046941535
85.96173003,0.3593308381396474,-0.3035768889692867,0.15528531081391714
85.96648482,0.3335981455464693,-0.2758059177318855,0.14411032590403738
85.97123962,0.30089662988184623,-0.24284863039470655,0.13290050857112787
85.97599436,0.2619657317971283,-0.20544509103249436,0.12184276082532708
85.98074915,0.2176895424982881,-0.16440924391472686,0.11110881354738528
85.98550394,0.16907887248615816,-0.12061162678537553,0.10085218196493112
85.99025873,0.11725067736985173,-0.07496120826261655,0.09120576468416626
85.99501347,0.0634052461419231,-0.028386787180292576,0.08228016766688813
85.99976826,0.008801542766573002,0.01818161473616557,0.07416278087420368
86.00452305,-0.04526891052108186,0.06383095736050362,0.06691757405970086
86.00927784,-0.09750920206134074,0.10768260652247656,0.060585522121081495
86.01403258,-0.14664481021903908,0.14890863913756505,0.0551855312059635
86.01878738,-0.19145150896547164,0.1867467326340519,0.0507157212143086
86.02354217,-0.23078287672335368,0.22051338933741044,0.04715492869957245
86.02829691,-0.2635968609549935,0.24961529780031103,0.04446432111035845
86.0330517,-0.28898084419297365,0.2735586867764948,0.04258905036644411
86.03780649,-0.3061746670784837,0.29195658100230637,0.04145991190384597
86.04256128,-0.3145910847419827,0.3045339190333321,0.040995007038501265
86.04731602,-0.3138331563627989,0.31113054072353236,0.0411014273280243
86.05207081,-0.303708087484228,0.3117020939821726,0.041676988916710185
86.0568256,-0.28423706044577207,0.30631894488060696,0.04261204495794056
86.0615804,-0.25566060785465206,0.29516319984423994,0.043791398012212795
86.06633514,-0.2184391202004807,0.2785239629599366,0.045096323321021474
86.07108993,-0.1732481445012906,0.25679095671629687,0.046406698406024745
86.07584472,-0.12096823510337364,0.23044663357595463,0.047603215184851305
86.08059951,-0.0626692628931394,0.20005690238773394,0.048569629298166356
86.08535425,0.00041072870410487555,0.16626059173262864,0.04919497994691053
86.09010904,0.06689182226183883,0.12975777462848928,0.04937569576404667
86.09486383,0.13528315510870378,0.09129708613896129,0.04901749338691404
86.09961857,0.20401773054010852,0.05166217632693105,0.04803698144175924
86.10437337,0.27149016400454173,0.011657454732379995,0.046362907030639056
86.10912816,0.3360962614449665,-0.027906700935458238,0.04393702197410816
86.11388295,0.39627322884358684,-0.06622907964418703,0.04071459269426946
86.11863769,0.4505392725632905,-0.10253290047929156,0.03666461758782348
86.12339248,0.49753136187444513,-0.13608096396033081,0.03176983731500889
86.12814727,0.5360399781317916,-0.16619042209529652,0.02602662114541148
86.13290206,0.5650397633641818,-0.19224686875079638,0.01944478934220252
86.1376568,0.5837151056753819,-0.21371742554673281,0.012047397480842274
86.1424116,0.5914798659263062,-0.2301624804019659,0.003870475981447158
86.14716639,0.5879906637794511,-0.24124573179206957,-0.005037303290635059
86.15192118,0.5731533966368568,-0.2467422063439365,-0.01461506779781856
86.15667592,0.5471229472114163,-0.24654395277663851,-0.02479032002326128
86.16143071,0.5102963219611772,-0.2406631706130778,-0.035479661254907896
86.1661855,0.4632997272345423,-0.2292326041098682,-0.046589661422778636
86.17094024,0.4069703068868893,-0.21250311525765636,-0.058017861742674585
86.17569503,0.34233341481273466,-0.19083843842852344,-0.06965389089729603
86.18044982,0.27057637112022653,-0.16470720740626668,-0.08138067263165026
86.18520462,0.1930196582897556,-0.13467242826707096,-0.09307570046384651
86.18995936,0.11108647039353677,-0.10137864551906411,-0.10461235337638022
86.19471415,0.026271455257866064,-0.06553711239419939,-0.11586122695753619
86.19946894,-0.059890594034817037,-0.027909329334536867,-0.1266914602679195
86.20422368,-0.14585542257859874,0.010710640643027802,-0.13697205097758997
86.20897847,-0.23009877166431308,0.04951463191981614,-0.1465731685481636
86.21373326,-0.311144088775977,0.0876991278683274,-0.15536749304920602
86.21848805,-0.38758805816468034,0.12448378861315834,-0.16323161940240263
86.22324284,-0.45812363056496114,0.15912921827169654,-0.17004756772988222
86.22799758,-0.5215603526809244,0.19095343430968723,-0.17570442781018544
86.23275238,-0.5768419137800671,0.21934653093008816,-0.18010014222482829
86.23750717,-0.623060918068609,0.24378309182537797,-0.18314340480162783
86.24226191,-0.6594709450291445,0.2638320019340763,-0.18475562424006275
86.2470167,-0.6854959753873996,0.2791634236738937,-0.18487288039395805
86.25177149,-0.7007372465768841,0.28955282856381254,-0.1834477838441867
86.25652628,-0.7049775698303307,0.2948820991618931,-0.1804511398841213
86.26128102,-0.698183102341685,0.2951378301026287,-0.17587331852845145
86.26603581,-0.6805025337615903,0.29040705421999,-0.16972524425413896
86.2707906,-0.6522636285558528,0.2808706960327786,-0.16203894152878057
86.27554535,-0.6139670735517151,0.26679510875281526,-0.15286760047078032
86.28030014,-0.566277615193899,0.24852208380447288,-0.14228515568959393
86.28505493,-0.5100125271286148,0.2264577366926876,-0.1303853957098277
86.28980972,-0.44612751393762873,0.20106067301764544,-0.11728063763141652
86.29456446,-0.37570021884271654,0.17282982563532057,-0.10310001148649525
86.29931925,-0.2999115529407257,0.14229232976309442,-0.08798740313624612
86.30407404,-0.22002509761188296,0.10999176827566698,-0.07209910720049033
86.30882883,-0.137364854208965,0.07647707507561935,-0.055601246183364386
86.31358357,-0.053291638061445185,0.04229233016109823,-0.038667020355350974
86.31833837,0.03082154617691458,0.007967616550275254,-0.02147386359479667
86.32309316,0.11361474166430002,-0.0259889593719974,-0.004200589477321651
86.32784795,0.19376638647160574,-0.05909804808756932,0.012975384504762892
86.33260269,0.2700181623996811,-0.0909146551145021,0.029880650918049312
86.33735748,0.3411986485931876,-0.12103261011772987,0.04634819336793558
86.34211227,0.4062450368667941,-0.14908797844934985,0.06221948343236121
86.34686701,0.46422218030353035,-0.1747614928197693,0.07734626887063605
86.3516218,0.5143383298565051,-0.19778008257469576,0.09159205831038873
86.3563766,0.5559570597160366,-0.21791757612180032,0.10483333661929797
86.36113139,0.5886050719980045,-0.2349946516847185,0.11696056770918252
86.36588613,0.6119757781910581,-0.2488781141626878,0.12787905188435467
86.37064092,0.6259287541497138,-0.25947958058116827,0.1375096985707479
86.37539571,0.6304853413760607,-0.26675366155309144,0.14578975111461584
86.3801505,0.6258208122018809,-0.2706957308030018,0.15267346246244562
86.38490524,0.6122536256173385,-0.27133938060719953,0.15813267878323042
86.38966003,0.5902323693331493,-0.26875366930409,0.1621572550616941
86.39441482,0.5603210096069897,-0.26304027659650797,0.16475521253537453
86.39916956,0.5231830553858677,-0.25433068936726233,0.16595255601903958
86.40392436,0.47956519314070933,-0.242783540627916,0.1657926955833824
86.40867915,0.4302808701144042,-0.22858221345651814,0.16433545288516327
86.41343394,0.37619420359325284,-0.21193279839456952,0.1616556681694452
86.41818868,0.31820448155409276,-0.19306245668618913,0.15784145263819593
86.42294347,0.25723140860266874,-0.17221819518537682,0.15299214961226507
86.42769826,0.19420115505607227,-0.14966600644393926,0.14721607735098904
86.432453,0.13003319825573348,-0.12569027563993082,0.1406281286998804
86.43720779,0.06562791046709672,-0.10059331046999592,0.1333472996587166
86.44196258,0.0018548486622828595,-0.07469481531192217,0.12549421118418486
86.44671738,-0.06045826553943677,-0.04833111039447694,0.11718867648317344
86.45147212,-0.12053583284834518,-0.021853894017772275,0.10854735174544282
86.45622691,-0.17766382728684008,0.0043716359111961615,0.0996814966663375
86.4609817,-0.23119825989101797,0.029969445658686804,0.09069486846584783
86.46573649,-0.28057247828076987,0.05455620418875852,0.08168178255024297
86.47049123,-0.32530312578637705,0.07774572264378123,0.07272539118625485
86.47524602,-0.36499460840889386,0.09915425780100398,0.0638962500989504
86.48000081,-0.3993419625384961,0.11840658548266007,0.05525125307559016
86.48475555,-0.4281320760787744,0.13514270367496128,0.04683301189491447
86.48951034,-0.45124328358736776,0.14902499330623675,0.038669743443853
86.49426514,-0.4686434230284053,0.15974564836151675,0.03077570055242647
86.49901993,-0.48038649676727974,0.1670341833298709,0.023152151099338766
86.50377467,-0.48660811210884286,0.17066482855490878,0.015788874597418484
86.50852946,-0.48751988131830837,0.17046362599100717,0.008666110655233037
86.51328425,-0.48340294008789,0.16631503469210968,0.0017568635662624987
86.51803899,-0.4746007065399783,0.15816784657672173,-0.0049705551380866955
86.52279378,-0.4615109629024855,0.14604020180417232,-0.011549877587020991
86.52754857,-0.4445773103637393,0.13002348460538515,-0.018014258755862902
86.53230337,-0.42428003153818017,0.11028487953885419,-0.02439381182277788
86.5370581,-0.40112639757557655,0.08706837819135295,-0.0307134110125203
86.5418129,-0.37564047964612407,0.060694049034459276,-0.03699085082886107
86.54656769,-0.34835256773168566,0.03155541918435381,-0.043235428384431424
86.55132248,-0.31978835939765526,0.00011486592685680586,-0.049446998156890576
86.55607722,-0.2904581467385517,-0.03310302363463123,-0.05561553569577804
86.56083201,-0.26084628726436543,-0.06752009787342882,-0.06172123410708107
86.5655868,-0.23140128465586435,-0.10251519146055084,-0.06773513955673158
86.5703416,-0.20252682584198362,-0.13743640951190886,-0.073620307093732
86.57509633,-0.17457412338308703,-0.17161490153961978,-0.07933342641025237
86.57985113,-0.14783589673995237,-0.20437981179630058,-0.08482683160466391
86.58460592,-0.12254228853398148,-0.235074023771967,-0.09005077405757568
86.58936066,-0.09885894588352284,-0.26307025001767315,-0.09495580882212078
86.59411545,-0.07688739815662816,-0.28778695831235507,-0.09949512856416304
86.59887024,-0.05666773348121993,-0.30870357924221675,-0.10362668018209532
86.60362503,-0.038183428144740364,-0.3253744190758772,-0.10731491997697899
86.60837977,-0.021368034083538705,-0.3374407158649224,-0.1105321012066648
86.61313456,-0.006113301655325393,-0.34464033210668304,-0.11325903616522114
86.61788936,0.007721773860811864,-0.34681467252915915,-0.11548532513026129
86.6226441,0.02030153356617388,-0.3439125417296123,-0.11720909022124393
86.62739889,0.03180440705291824,-0.3359908013489372,-0.1184362900676101
86.63215368,0.04241432787295456,-0.3232118386991387,-0.11917971878839698
86.63690847,0.05231322129339266,-0.3058380081284653,-0.11945780689528483
86.64166321,0.061674865942073546,-0.28422334249130715,-0.119293339800395
86.646418,0.07066030999748972,-0.2588029437083887,-0.11871219306181713
86.65117279,0.07941489762143614,-0.23008053891642838,-0.11774215870779153
86.65592758,0.08806684004033544,-0.19861472775849934,-0.11641191238682476
86.66068232,0.09672715395536634,-0.16500444972159675,-0.1147501529721437
86.66543712,0.1054906933234685,-0.12987417577621205,-0.11278493649324077
86.67019191,0.11443792501523106,-0.0938592842765501,-0.11054322299865062
86.67494665,0.12363705117971388,-0.057592023664240516,-0.10805065447860801
86.67970144,0.13314606838749504,-0.02168839878364308,-0.10533158035058544
86.68445623,0.14301438105248354,0.013263752598763433,-0.10240934063347899
86.68921102,0.15328365465376154,0.04671529805154689,-0.09930680285899879
86.69396576,0.1639876965132405,0.07816483872951589,-0.09604712577653708
86.69872055,0.17515127562183677,0.10716616893868151,-0.09265469295447339
86.70347534,0.1867879220789524,0.13333416737072887,-0.08915612770279915
86.70823014,0.19889686599839407,0.15634916986548483,-0.08558127425759429
86.71298488,0.21145937465494002,0.17595991171406972,-0.08196401555570342
86.71773967,0.22443481899835724,0.19198515259211946,-0.07834280014692445
86.72249446,0.23775684198240282,0.2043141075368884,-0.07476077157248749
86.7272492,0.251330007538097,0.21290580274637594,-0.07126543018112466
86.73200399,0.26502727902613354,0.21778745839647043,-0.06790780323982012
86.73675878,0.2786886131827997,0.21905197856874858,-0.06474114636421054
86.74151357,0.29212086853383457,0.21685460854332575,-0.06181924139815879
86.74626831,0.30509912722640986,0.21140880824309877,-0.05919438939001201
86.7510231,0.31736942757044534,0.20298139003004947,-0.056915220514805596
86.7557779,0.3286528117377539,0.19188697835266427,-0.05502445422479375
86.76053264,0.3386505180315881,0.17848186448954217,-0.0535567414077548
86.76528743,0.34705009582975316,0.16315734716772903,-0.05253670642466705
86.77004222,0.35353219500327215,0.14633266493850072,-0.05197728381920226
86.77479701,0.3577777776057404,0.12844763674697565,-0.05187841769293719
86.77955175,0.3594755133017551,0.10995513297910336,-0.052226167259520076
86.78430654,0.35832914574194114,0.0913135002214037,-0.05299224427905831
86.78906133,0.3540646481521981,0.0729790576751002,-0.054133997386778675
86.79381613,0.3464370162447352,0.05539877070332963,-0.055594850889214405
86.79857087,0.33523657167231125,0.039003189208426416,-0.05730519561330376
86.80332566,0.32029467071389695,0.024199720072511886,-0.059183712774759645
86.80808045,0.3014887349798673,0.011366288669880235,-0.06113908823870643
86.81283519,0.2787465479338697,0.0008454371243593469,-0.06307204712156787
86.81758998,0.252049794449681,-0.007061093870205051,-0.06487761291025541
86.82234477,0.22143685822059722,-0.012097249999487166,-0.06644747780640553
86.82709956,0.1870049282610111,-0.014056962770204726,-0.0676723680001192
86.8318543,0.14891149377565235,-0.012787812511685186,-0.06844430234152904
86.8366091,0.10737531874122687,-0.008194011392906842,-0.06865867384115595
86.84136389,0.06267697768202232,-0.0002386758543615122,-0.06821612383819739
86.84611863,0.0151590005137762,0.011054626725821689,-0.06702421856739074
86.85087342,-0.03477437883695718,0.025601059122968013,-0.06499896770348669
86.85562821,-0.08665793850297757,0.04325441871310291,-0.062066238534726294
86.860383,-0.13996677939065652,0.06380776375035044,-0.05816311684058222
86.86513774,-0.1941184102644649,0.08699477119108973,-0.0532392490313441
86.86989253,-0.24847581862289625,0.11249185117618078,-0.04725817408208598
86.87464732,-0.3023517495845077,0.1399210569286339,-0.04019862350623659
86.87940206,-0.3550144045434701,0.16885383586480326,-0.03205573906976866
86.88415686,-0.4056947407275365,0.19881566657887575,-0.022842137490669132
86.88891165,-0.45359550402033144,0.22929161864378195,-0.01258874389271136
86.89366644,-0.49790206363235895,0.2597328602016368,-0.001345322293971271
86.89842118,-0.5377950426980483,0.2895641227629992,0.01081935185451707
86.90317597,-0.5724646575176071,0.31819211237740486,0.023817711676764153
86.90793076,-0.6011265914699745,0.345014829954821,0.037544027869553284
86.9126855,-0.6230391375745336,0.3694317302096885,0.05187545022178458
86.91744029,-0.6375212483266731,0.39085460812616096,0.06667345807182387
86.92219508,-0.6439710393174791,0.40871905433433714,0.08178571428646086
86.92694988,-0.6418842139337512,0.42249626876390545,0.09704831931583123
86.93170462,-0.6308718192925971,0.43170497117085543,0.1122884641635964
86.93645941,-0.610676714463271,0.4359231057576778,0.12732747809580022
86.9412142,-0.5811881334299366,0.4347990124448903,0.14198425296657183
86.94596899,-0.542453756938582,0.4280617328646493,0.15607899877299275
86.95072373,-0.4946887662029643,0.4155301337338276,0.16943724715903005
86.95547852,-0.4382814300140366,0.39712055962231535,0.18189397794249673
86.96023331,-0.3737948638673921,0.3728527655901216,0.19329770677905833
86.96498805,-0.30196468469999904,0.3428539220541733,0.20351434732744056
86.96974284,-0.22369236437755682,0.30736052491355026,0.21243065391594498
86.97449764,-0.14003416640915253,0.2667180807144172,0.2199570630987477
86.97925243,-0.0521856474891962,0.22137846946667492,0.22602978397415227
86.98400717,0.038538169380296555,0.17189491942803464,0.23061203350233325
86.98876196,0.13072668708476054,0.11891456354866412,0.23369436664871654
86.99351675,0.22290124907000045,0.06316859162167698,0.23529410317982033
86.99827149,0.3135456461785748,0.005460069500642301,0.23545389695209393
87.00302628,0.40113880876884767,-0.05335043195759743,0.23423952742734103
87.00778107,0.4841887294617182,-0.11236117294430568,0.23173701801871177
87.01253581,0.5612665575651467,-0.17064723197006665,0.2280492038936957
87.0172906,0.6310397549972943,-0.22727974275734977,0.22329188492406
87.0220454,0.6923032088236909,-0.28134589858645015,0.21758970875470743
87.02680019,0.744007255212756,-0.3319691751375964,0.21107193482803077
87.03155498,0.7852816777782241,-0.37832917617564277,0.20386823248059976
87.03630972,0.8154548924652816,-0.4196804850857304,0.19610466503673718
87.04106451,0.8340677142604976,-0.45536991236395985,0.18790000790980393
87.0458193,0.8408813119048386,-0.48485156502274274,0.17936254241155347
87.05057404,0.8358791890000556,-0.5076992265961543,0.17058745671649445
87.05532883,0.8192632744111603,-0.5236156229455398,0.1616549680925851
87.06008363,0.7914444485738872,-0.5324382557022949,0.15262925352875262
87.06483837,0.7530280585638659,-0.5341416078177774,0.1435582391321156
87.06959316,0.7047951660951663,-0.528835659721715,0.1344742542242738
87.07434795,0.6476804140989747,-0.5167607947682022,0.1253955067905433
87.07910274,0.5827474793168022,-0.49827931278095855,0.1163282857868018
87.08385748,0.511163096568996,-0.4738639035086652,0.10726974664657996
87.08861227,0.4341705972248684,-0.44408355021069723,0.09821109480493997
87.09336706,0.35306380777673513,-0.4095874301934599,0.08914095479400823
87.09812186,0.26916201721495525,-0.371087447381841,0.08004870443549443
87.1028766,0.18378656048781813,-0.32934006678322897,0.07092756569483356
87.10763139,0.0982393963259665,-0.28512811923720793,0.06177727249312563
87.11238618,0.0137838943944705,-0.23924320759470533,0.052606175864828894
87.11714092,-0.06837210218055251,-0.19246927589873514,0.04343269324174057
87.12189571,-0.14709100142301962,-0.14556780668350294,0.03428605673996743
87.1266505,-0.22131813948105594,-0.09926499477922825,0.0252063599150837
87.13140529,-0.29009264688843617,-0.054241116892656656,0.016243937940378986
87.13616003,-0.3525567783621453,-0.011122184040083367,0.007458139076270768
87.14091482,-0.4079639825605706,0.02952616157949717,-0.0010844430462258105
87.14566962,-0.45568595660106626,0.06720265390346701,-0.009312200116260464
87.15042436,-0.4952188679735314,0.10147255195603407,-0.01715111650268403
87.15517915,-0.5261888394993695,0.13196823192316282,-0.024527647408442425
87.15993394,-0.5483566895729275,0.1583885624642488,-0.031371732787680524
87.16468873,-0.5616218107159475,0.18049741794732782,-0.03761978013886388
87.16944347,-0.5660249663792974,0.19812167727333266,-0.04321742621862373
87.17419826,-0.5617497005449739,0.21114902965955928,-0.048121884612379706
87.17895305,-0.5491219965467463,0.2195258646059603,-0.052303708961248294
87.18370779,-0.5286077972174535,0.2232554620856709,-0.05574784891742594
87.18846258,-0.5008080117183902,0.2223966222100537,-0.058453939567218324
87.19321738,-0.46645068625426234,0.21706278440515497,-0.06043583449674922
87.19797217,-0.4263801047137514,0.20742158986971496,-0.061720458456771106
87.20272691,-0.3815427072505269,0.1936947452122944,-0.062346110733687496
87.2074817,-0.3329698640792841,0.1761579588841762,-0.06236038948017536
87.21223649,-0.2817577098333203,0.1551406555393453,-0.06181792640794746
87.21699123,-0.22904441925806218,0.1310251363637531,-0.06077811926821252
87.22174602,-0.17598547434160966,0.10424485226023776,-0.05930302941530752
87.22650081,-0.12372762217701279,0.07528149265570264,-0.057455579423628125
87.2312556,-0.07338233840720436,0.04466066035687381,-0.055298147166962394
87.23601035,-0.025999681822806757,0.012945991972739912,-0.05289161162380024
87.24076514,0.017456554571690697,-0.0192683183966621,-0.05029486362694596
87.24551993,0.05613152130095591,-0.05136653792878226,-0.047564753784743986
87.25027467,0.08929901904288726,-0.08272181349653265,-0.04475641333945882
87.25502946,0.11637754523478407,-0.11270776814019369,-0.041923855603531866
87.25978425,0.13694213280539846,-0.14071098363538237,-0.03912074809527581
87.26453904,0.15073160070009672,-0.16614401405433507,-0.03640123887718336
87.26929378,0.1576510265665489,-0.18845852122345688,-0.0338207238574636
87.27404857,0.15776945903381015,-0.2071580843329715,-0.03143645293542554
87.27880337,0.15131309852482838,-0.22181022141996745,-0.029307888864132242
87.28355811,0.13865437584039308,-0.2320571776576628,-0.027496750239047754
87.2883129,0.12029752956368231,-0.2376250869231518,-0.026066686772905936
87.29306769,0.09686140940007001,-0.23833119421968446,-0.025082550812907316
87.29782243,0.06906029871801231,-0.2340889257514634,-0.024609245955724574
87.30257722,0.037683549927970676,-0.22491069603370478,-0.02471015467810252
87.30733201,0.0035747671905119243,-0.21090843344193552,-0.02544517432893417
87.3120868,-0.03238883070174857,-0.19229187712696513,-0.026868424697680502
87.31684154,-0.06931635658224643,-0.1693647453983697,-0.029025728406111593
87.32159633,-0.10632212158851476,-0.14251890204118917,-0.03195200302040393
87.32635113,-0.14254314017647685,-0.11222666268757363,-0.03566873421652365
87.33110587,-0.1771550753828228,-0.07903140066132634,-0.040181714345717844
87.33586066,-0.20938648836581558,-0.04353663896895323,-0.04547922354478383
87.34061545,-0.23853130308465795,-0.0063938526195192824,-0.05153079929301483
87.34537024,-0.26395943672131994,0.03171075383915746,-0.058286690101854624
87.35012498,-0.2851255846307428,0.07007019497196515,-0.06567803057973491
87.35487977,-0.30157618574936623,0.10797106218280934,-0.07361772084919632
87.35963456,-0.3129546266635791,0.1447079725791707,-0.08200195241636218
87.3643893,-0.31900476439398895,0.1795978041645357,-0.09071229800561796
87.3691441,-0.3195728548708093,0.21199343224566342,-0.09961827123961008
87.37389889,-0.31460796474024944,0.24129670093398561,-0.10858025650710972
87.37865368,-0.30416092230192826,0.2669703774780063,-0.1174527032574214
87.38340842,-0.28838183848181864,0.28854884559990684,-0.126087468970244
87.38816321,-0.2675162133699584,0.3056473011440985,-0.13433718261447963
87.392918,-0.24189964781383647,0.3179692266948268,-0.142058490893404
87.39767274,-0.2119512042064464,0.3253119495451923,-0.14911504960966102
87.40242753,-0.17816549769730172,0.32757013446155725,-0.1553801369537773
87.40718232,-0.14110363497371148,0.324737127807486,-0.16073879574219116
87.41193712,-0.10138314023925393,0.3169041449720749,-0.16508945500101674
87.41669186,-0.059667011966681456,0.30425736727405683,-0.16834503153116423
87.42144665,-0.016652043640200804,0.28707307694243517,-0.17043356003673388
87.42620144,0.02694347246578656,0.26571100303051876,-0.17129843629914016
87.43095618,0.07039254646739022,0.2406060765314429,-0.17089837507356012
87.43571097,0.11297267775477733,0.2122588038996622,-0.16920718233338272
87.44046576,0.15397928399254812,0.18122447156481122,-0.1662134258574694
87.44522055,0.19273918779531565,0.14810139600029826,-0.16192006749201635
87.44997529,0.22862392255465816,0.11351843756855311,-0.15634410153772293
87.45473008,0.2610625577543574,0.07812200183932345,-0.1495162288485031
87.45948488,0.2895536850046699,0.042562758561738356,-0.14148058334359206
87.46423962,0.31367616041042684,0.007482316192074995,-0.13229451306250417
87.46899441,0.3330981790960546,-0.02649989978245361,-0.12202839954999023
87.4737492,0.34758427423126825,-0.05879930276453887,-0.11076547861410126
87.47850394,0.3569998908805077,-0.08887805795044602,-0.09860160661873878
87.48325873,0.3613132818008243,-0.11625596275034165,-0.08564490461997856
87.48801352,0.3605945978839788,-0.14052000236666193,-0.07201521207046264
87.49276831,0.35501218555542974,-0.16133230066817372,-0.057843294200106796
87.49752305,0.3448262411763581,-0.17843621895916267,-0.043269770146565474
87.50227785,0.33038009451133793,-0.19166040913563365,-0.02844375596832904
87.50703264,0.31208949025835836,-0.20092069978879898,-0.013521239874287804
87.51178738,0.2904303040350691,-0.2062197761000307,0.0013367795251501393
87.51654217,0.2659251664157233,-0.20764469665345064,0.015966359266817734
87.52129696,0.2391294774447998,-0.20536236355983278,0.030202857400569643
87.52605175,0.21061727788468104,-0.1996131209819514,0.0438833450416701
87.53080649,0.18096740665080288,-0.19070269950549346,0.056849182859357125
87.53556128,0.15075032178293785,-0.17899275133236484,0.06894876121377526
87.54031607,0.12051590116040345,-0.16489023838195066,0.08004039062344312
87.54507081,0.09078247536624115,-0.1488359483220804,0.08999530227408238
87.54982561,0.062027283835373676,-0.13129242799130109,0.09870068231445873
87.5545804,0.034678489820691716,-0.11273164191741376,0.10606262796202802
87.55933514,0.009108840536635509,-0.09362268346285148,0.11200888675963996
87.56408993,-0.014368985416701084,-0.07441988187239958,0.11649122793609154
87.56884472,-0.03550534324639675,-0.05555165317383585,0.1194872979649842
87.57359951,-0.05411494095465742,-0.03741043036934324,0.12100182946214932
87.57835425,-0.07007659243924283,-0.020343975597600848,0.12106710030191817
87.58310904,-0.08333151818510261,-0.004648325480249073,0.11974257443097433
87.58786383,-0.0938803309066513,0.0094374435833136,0.11711369379198718
87.59261857,-0.10177885858678408,0.02173451343835359,0.11328982976816056
87.59737337,-0.1071329683920683,0.03212563843335828,0.10840144181985453
87.60212816,-0.11009256711742084,0.04055449548326764,0.10259653001746058
87.6068829,-0.11084496772314735,0.0470231534686909,0.09603650508536225
87.61163769,-0.10960782220628226,0.0515878078163263,0.08889163054724336
87.61639248,-0.10662182240878224,0.05435298620398748,0.0813362123445001
87.62114727,-0.10214336044664081,0.05546448633841763,0.07354371948059335
