"Time (s)","Acceleration x (m/s^2)","Acceleration y (m/s^2)","Acceleration z (m/s^2)"
4.174176640E-1,-2.123656988E0,4.163516521E0,4.541800499E0
4.224036640E-1,-5.602431893E-1,1.956062794E0,4.144362926E0
4.274096640E-1,4.692635238E-1,1.197100878E-1,4.125209332E0
4.324131640E-1,9.552865028E-1,-1.266532660E0,4.264073372E0
4.374218300E-1,1.019929886E0,-2.281674147E0,4.352658749E0
4.424253300E-1,7.278373241E-1,-2.999934673E0,4.326322556E0
4.474275300E-1,2.298433632E-1,-3.560178041E0,4.218583584E0
4.524285300E-1,-3.950432837E-1,-4.039018154E0,4.022258759E0
4.574308150E-1,-1.053448796E0,-4.479551315E0,3.758896589E0
4.624340650E-1,-1.673547029E0,-4.896441936E0,3.457227230E0
4.674370650E-1,-2.248155355E0,-5.305850029E0,3.160346270E0
4.724397650E-1,-2.722207308E0,-5.672163010E0,2.913743496E0
4.774422190E-1,-3.093308687E0,-6.007351398E0,2.722207308E0
4.824444690E-1,-3.375824451E0,-6.318597794E0,2.602497339E0
4.874464690E-1,-3.574543238E0,-6.682516098E0,2.559401512E0
4.924483260E-1,-3.754108191E0,-7.063194275E0,2.561795712E0
4.974500590E-1,-3.969586372E0,-7.463026047E0,2.626439333E0
5.024516840E-1,-4.273650169E0,-7.824550629E0,2.755726099E0
5.074532130E-1,-4.687847137E0,-8.176498413E0,2.942473888E0
5.124546570E-1,-5.188534260E0,-8.509291649E0,3.179499865E0
5.174560780E-1,-5.767930984E0,-8.808567047E0,3.447650433E0
5.224574280E-1,-6.388029575E0,-9.036016464E0,3.725377798E0
5.274587130E-1,-7.048829079E0,-9.172486305E0,4.024652958E0
5.324598940E-1,-7.702445984E0,-9.251494408E0,4.338293552E0
5.374610240E-1,-8.401553154E0,-9.285013199E0,4.714183331E0
5.424621070E-1,-9.081506729E0,-9.289801598E0,5.097554684E0
5.474631870E-1,-9.720758438E0,-9.249100685E0,5.454290867E0
5.524642250E-1,-1.029536629E1,-9.155726433E0,5.779901981E0
5.574652250E-1,-1.078857231E1,-9.026439667E0,6.067206383E0
5.624661530E-1,-1.120995140E1,-8.866027832E0,6.330568790E0
5.674670490E-1,-1.157626438E1,-8.679280281E0,6.610690117E0
5.724679150E-1,-1.188032818E1,-8.487744331E0,6.883629322E0
5.774685810E-1,-1.213890171E1,-8.221987724E0,7.170933247E0
5.824692140E-1,-1.237113953E1,-7.896376610E0,7.470208645E0
5.874692140E-1,-1.257704067E1,-7.508515835E0,7.795820236E0
5.924696470E-1,-1.278294182E1,-7.089530468E0,8.169315338E0
5.974701800E-1,-1.303193951E1,-6.672939301E0,8.593089104E0
6.024708800E-1,-1.332163715E1,-6.261136532E0,9.057564735E0
6.074705800E-1,-1.361133575E1,-5.870882034E0,9.545981407E0
6.124705800E-1,-1.386751556E1,-5.516540051E0,9.974543571E0
6.174705460E-1,-1.413806057E1,-5.157409668E0,1.033846188E1
6.224705120E-1,-1.438945103E1,-4.802768707E0,1.064252567E1
6.274705120E-1,-1.463366032E1,-4.414907932E0,1.090588760E1
6.324705120E-1,-1.486619663E1,-4.041412354E0,1.114291382E1
6.374705450E-1,-1.516547203E1,-3.679888010E0,1.137515163E1
6.424705450E-1,-1.549587154E1,-3.337517262E0,1.159541798E1
6.474705450E-1,-1.588612652E1,-3.007117271E0,1.179174232E1
6.524705450E-1,-1.633863068E1,-2.726995707E0,1.194975948E1
6.574705450E-1,-1.690126801E1,-2.482787132E0,1.203595161E1
6.624705450E-1,-1.749981880E1,-2.252943754E0,1.208383560E1
6.674705110E-1,-1.820850182E1,-1.987187386E0,1.208862400E1
6.724705110E-1,-1.887648392E1,-1.711854219E0,1.208144093E1
6.774705110E-1,-1.949179459E1,-1.412579060E0,1.208383560E1
6.824705440E-1,-1.995866394E1,-1.156399369E0,1.210538292E1
6.874705440E-1,-2.025315094E1,-9.672574997E-1,1.214369011E1
6.924705440E-1,-2.038961983E1,-8.667010069E-1,1.217002678E1
6.974705100E-1,-2.038483238E1,-8.451532125E-1,1.214129639E1
7.024704760E-1,-2.022681427E1,-8.762778044E-1,1.204074001E1
7.074704420E-1,-1.985092545E1,-9.552865028E-1,1.183004951E1
7.124704420E-1,-1.938405609E1,-1.043871999E0,1.157387066E1
7.174704750E-1,-1.873522758E1,-1.110909581E0,1.123149967E1
7.224705080E-1,-1.806006241E1,-1.139639974E0,1.090588760E1
7.274705740E-1,-1.727476311E1,-1.098938584E0,1.053478718E1
7.324700070E-1,-1.645834160E1,-1.022324085E0,1.014692593E1
7.374693400E-1,-1.563473606E1,-9.576807022E-1,9.749488831E0
7.424693060E-1,-1.479197693E1,-9.241618514E-1,9.452607155E0
7.474686060E-1,-1.387469769E1,-9.337386489E-1,9.435848236E0
7.524679390E-1,-1.280688381E1,-9.696516991E-1,9.711181641E0
7.574679390E-1,-1.172470474E1,-9.050082564E-1,9.957783699E0
7.624679720E-1,-1.081969643E1,-7.517793179E-1,9.941024780E0
7.674679720E-1,-1.009425354E1,-5.339069963E-1,9.416694641E0
7.724679720E-1,-9.567529678E0,-3.782838583E-1,8.719982147E0
7.774679380E-1,-9.270648003E0,-3.854664862E-1,7.855675220E0
7.824679040E-1,-8.985737801E0,-5.889736414E-1,7.012916088E0
7.874678700E-1,-8.906729698E0,-8.499416113E-1,6.380846977E0
7.924678700E-1,-8.925883293E0,-1.185129881E0,5.736806393E0
7.974679030E-1,-9.091083527E0,-1.448492050E0,5.066430092E0
8.024679360E-1,-9.258677483E0,-1.659181833E0,4.139574528E0
8.074673020E-1,-9.316138268E0,-1.982398987E0,3.076549292E0
8.124673020E-1,-9.364022255E0,-2.319981337E0,2.358288765E0
8.174673020E-1,-9.505280495E0,-2.671929121E0,1.572990537E0
8.224672680E-1,-9.512462616E0,-2.918531895E0,9.002198577E-1
8.274672680E-1,-9.419088364E0,-3.275267839E0,1.604115069E-1
8.324672680E-1,-9.241917610E0,-3.643975019E0,-3.830722570E-1
8.374673010E-1,-8.971372604E0,-3.873818398E0,-9.911994934E-1
8.424673010E-1,-8.387187958E0,-4.213795185E0,-1.941697598E0
8.474673010E-1,-7.300220490E0,-4.965873718E0,-2.817975283E0
8.524673010E-1,-6.517316341E0,-5.571606636E0,-3.380612850E0
8.574672010E-1,-5.983409405E0,-5.904400826E0,-3.148375273E0
8.624672010E-1,-5.952284813E0,-5.140650272E0,-2.767697096E0
8.674671670E-1,-5.585971832E0,-4.450820923E0,-2.719813108E0
8.724671330E-1,-4.855441093E0,-4.134786129E0,-2.681505919E0
8.774670990E-1,-4.297592163E0,-3.962403774E0,-2.652775526E0
8.824676990E-1,-4.000710964E0,-3.840299606E0,-2.406172752E0
8.874683990E-1,-3.821146011E0,-3.857059002E0,-1.987187386E0
8.924683990E-1,-3.854664803E0,-3.866635799E0,-1.517923832E0
8.974690650E-1,-3.691859007E0,-3.842693806E0,-1.060631394E0
9.024696980E-1,-3.531447411E0,-3.507505417E0,-9.720458984E-1
9.074703640E-1,-3.423708439E0,-3.208230257E0,-8.283938169E-1
9.124703640E-1,-3.299209833E0,-2.999934673E0,-7.086837292E-1
9.174703970E-1,-3.308786631E0,-2.966415882E0,-4.261679053E-1
9.224703970E-1,-3.289633036E0,-2.995146275E0,-8.619125932E-2
9.274703970E-1,-3.335123062E0,-3.136404276E0,2.226607651E-1
9.324703970E-1,-3.430891037E0,-3.392583847E0,5.339069963E-1
9.374703970E-1,-3.660734415E0,-3.713406801E0,7.302315235E-1
9.424703970E-1,-4.024652958E0,-4.082113743E0,8.331822157E-1
9.474703630E-1,-4.477157116E0,-4.520252705E0,7.924807668E-1
9.524703630E-1,-4.953902721E0,-4.939537525E0,7.517793179E-1
9.574710290E-1,-5.471050262E0,-5.329792023E0,5.913678408E-1
9.624710620E-1,-5.995380402E0,-5.662586212E0,4.309563041E-1
9.674710620E-1,-6.558017731E0,-5.981015205E0,3.136404157E-1
9.724710620E-1,-7.103895664E0,-6.280290127E0,2.992752194E-1
9.774710280E-1,-7.597101212E0,-6.589142323E0,3.854664862E-1
9.824700940E-1,-8.025663376E0,-6.909965515E0,5.602431893E-1
9.874700940E-1,-8.387187958E0,-7.225999832E0,7.781155705E-1
9.924694600E-1,-8.655338287E0,-7.537246227E0,9.911994934E-1
9.974689930E-1,-8.825326920E0,-7.882011414E0,1.230619669E0
1.002468993E0,-8.913911819E0,-8.226776123E0,1.522712231E0
1.007468426E0,-8.961795807E0,-8.432677269E0,1.838746905E0
1.012468426E0,-9.160514832E0,-8.420706749E0,1.996764183E0
1.017468426E0,-9.206005096E0,-8.626607895E0,1.958456993E0
1.022468426E0,-9.019257545E0,-9.031228065E0,1.778891921E0
1.027468392E0,-8.676886559E0,-9.512462616E0,1.532289028E0
1.032468392E0,-8.226776123E0,-9.878775597E0,1.235408068E0
1.037467725E0,-7.769483566E0,-1.011340714E1,8.906430602E-1
1.042467391E0,-7.417536259E0,-1.025945377E1,5.291185975E-1
1.047467391E0,-7.240365028E0,-1.031930828E1,2.226607651E-1
1.052466991E0,-7.249941826E0,-1.034803867E1,7.182605099E-3
1.057466957E0,-7.563582420E0,-1.037198067E1,-9.576806426E-2
1.062466923E0,-8.049605370E0,-1.045817184E1,-1.077390760E-1
1.067466889E0,-8.660126686E0,-1.066886234E1,-2.873042040E-2
1.072466889E0,-9.296984673E0,-1.107108784E1,1.101332754E-1
1.077466922E0,-9.885957718E0,-1.164569664E1,2.561795712E-1
1.082466955E0,-1.030254936E1,-1.215566158E1,2.801215947E-1
1.087466988E0,-1.028578949E1,-1.281406689E1,2.442085743E-1
1.092466988E0,-9.835680008E0,-1.378371811E1,9.576806426E-2
1.097466988E0,-8.411129951E0,-1.523490429E1,-7.350199223E-1
1.102466954E0,-7.000945091E0,-1.627159309E1,-1.893813491E0
1.107466920E0,-5.715258598E0,-1.645594597E1,-3.229778051E0
1.112466920E0,-4.568136692E0,-1.624046898E1,-4.290409565E0
1.117466953E0,-3.696647406E0,-1.550784302E1,-5.080795288E0
1.122466986E0,-3.232172251E0,-1.458338165E1,-5.602731228E0
1.127466986E0,-3.244143248E0,-1.361612415E1,-5.772719383E0
1.132467886E0,-3.871424198E0,-1.276857662E1,-5.538087845E0
1.137467852E0,-5.648221016E0,-1.197370243E1,-3.524264812E0
1.142468485E0,-7.946654797E0,-1.125304699E1,-5.841852427E-1
1.147468951E0,-1.077181244E1,-1.084603310E1,2.624045134E0
1.152468951E0,-1.329051304E1,-1.064492035E1,5.028122902E0
1.157469651E0,-1.534503746E1,-1.040071106E1,6.186916351E0
1.162469684E0,-1.665706062E1,-9.981725693E0,6.356904984E0
1.167469717E0,-1.721730232E1,-9.555558205E0,5.743988991E0
1.172469717E0,-1.707843971E1,-9.304166794E0,4.635174274E0
1.177469717E0,-1.637693787E1,-9.308955193E0,3.332728863E0
1.182469683E0,-1.522532749E1,-9.514857292E0,2.087743998E0
1.187470349E0,-1.356824017E1,-9.895534515E0,1.144428372E0
1.192470715E0,-1.181807899E1,-1.026184750E1,5.650315881E-1
1.197470748E0,-9.804554939E0,-1.047972012E1,4.836287498E-1
1.202471148E0,-7.877223015E0,-1.054196930E1,7.038952708E-1
1.207470548E0,-6.165368557E0,-1.041986465E1,1.079784989E0
1.212470548E0,-4.714183331E0,-1.023790550E1,1.498770237E0
1.217470548E0,-3.493140221E0,-1.001045704E1,1.869871497E0
1.222470548E0,-2.468421936E0,-9.763854027E0,2.111685991E0
1.227470514E0,-1.651999116E0,-9.514857292E0,2.154781580E0
1.232470480E0,-1.058237195E0,-9.213187218E0,2.070984364E0
1.237470480E0,-8.786720037E-1,-8.818143845E0,1.781286120E0
1.242470513E0,-9.911994934E-1,-8.463802338E0,1.438915253E0
1.247470546E0,-1.482010841E0,-8.245929718E0,9.217676520E-1
1.252470546E0,-2.044648170E0,-8.116642952E0,3.567360640E-1
1.257470546E0,-2.664746523E0,-8.071153641E0,-3.519476354E-1
1.262470512E0,-3.222595453E0,-8.135796547E0,-1.101332784E0
1.267470512E0,-3.655946016E0,-8.284236908E0,-1.860294700E0
1.272470512E0,-3.945644379E0,-8.482955933E0,-2.588132143E0
1.277470545E0,-4.053383350E0,-8.681674957E0,-3.327940464E0
1.282470545E0,-4.041412354E0,-8.803778648E0,-4.024652958E0
1.287469878E0,-3.854664803E0,-8.777442932E0,-4.678270340E0
1.292469678E0,-3.627215624E0,-8.650549889E0,-5.181351662E0
1.297469011E0,-3.450044632E0,-8.286631584E0,-5.143044472E0
1.302469011E0,-3.483563423E0,-7.714416981E0,-4.141968727E0
1.307468977E0,-3.746925592E0,-7.000945091E0,-2.142810583E0
1.312468977E0,-4.194641590E0,-6.249165535E0,1.053448766E-1
1.317468977E0,-4.690241337E0,-5.471050262E0,2.080561161E0
1.322468343E0,-5.111919880E0,-4.793191910E0,3.035847664E0
1.327468343E0,-5.559635639E0,-4.096478939E0,3.236960649E0
1.332468343E0,-6.119878769E0,-3.469198227E0,2.968810081E0
1.337468309E0,-6.701669693E0,-3.076549292E0,1.587355733E0
1.342468309E0,-7.417536259E0,-2.736572504E0,7.350199223E-1
1.347468309E0,-8.425495148E0,-2.492363930E0,2.489969730E-1
1.352468342E0,-9.617807388E0,-2.382230759E0,-1.244984865E-1
1.357468975E0,-1.088194561E1,-2.425326347E0,-9.624691010E-1
1.362468975E0,-1.217481518E1,-2.425326347E0,-1.786074519E0
1.367468975E0,-1.343416500E1,-2.422932148E0,-2.039859772E0
1.372468975E0,-1.444212437E1,-2.324769735E0,-1.975216389E0
1.377468975E0,-1.496675301E1,-2.128445387E0,-5.123591423E-1
1.382468975E0,-1.512955952E1,-1.927332401E0,6.679822803E-1
1.387468941E0,-1.476324654E1,-1.513135433E0,1.599326730E0
1.392468941E0,-1.424579906E1,-1.043871999E0,2.485181332E0
1.397468607E0,-1.354908657E1,-5.339069963E-1,2.875436306E0
1.402468640E0,-1.279970169E1,-7.900865376E-2,2.837129116E0
1.407468306E0,-1.225142956E1,1.963245422E-1,2.351106167E0
1.412468306E0,-1.164569664E1,4.596867263E-1,2.401384354E0
1.417467606E0,-1.127459526E1,3.375824392E-1,1.829170108E0
1.422466672E0,-1.094898319E1,1.651999205E-1,1.951274395E0
1.427465738E0,-1.048211479E1,-6.464344263E-2,2.559401512E0
1.432465738E0,-1.006312943E1,-2.657563984E-1,3.129221678E0
1.437465771E0,-9.730335236E0,-3.854664862E-1,3.394978046E0
1.442466004E0,-9.361627579E0,-3.878606856E-1,3.351882458E0
1.447466704E0,-8.916306496E0,-2.944868207E-1,3.122039080E0
1.452466304E0,-8.545205116E0,-1.939303428E-1,2.722207308E0
1.457465637E0,-8.250718117E0,-1.316810995E-1,2.219424963E0
1.462465603E0,-8.092700958E0,-1.340752989E-1,1.745373011E0
1.467465603E0,-7.628225803E0,-2.011129409E-1,1.417367458E0
1.472466269E0,-7.089530468E0,-3.016694188E-1,1.199495077E0
1.477466302E0,-6.646603107E0,-4.501099288E-1,1.134851575E0
1.482466335E0,-6.423942566E0,-6.153098345E-1,1.206677675E0
1.487466335E0,-6.505345345E0,-6.536170840E-1,1.510741234E0
1.492466301E0,-6.586748123E0,-6.607996821E-1,1.836352706E0
1.497466267E0,-6.744765282E0,-6.129156351E-1,2.224213362E0
1.502466233E0,-6.969820499E0,-4.572925270E-1,2.729389906E0
1.510357307E0,-7.132626057E0,-1.412578970E-1,3.442862034E0
1.515357307E0,-7.146991253E0,2.274491638E-1,4.220977783E0
1.520357340E0,-7.065588474E0,4.596867263E-1,4.888959885E0
1.525357373E0,-7.029675484E0,8.930372596E-1,5.487809658E0
1.530357406E0,-7.369652271E0,7.709329724E-1,4.925172329E0
1.535357406E0,-6.838139534E0,1.012747288E0,4.402936935E0
1.540357406E0,-6.768707275E0,1.611297727E0,3.751713991E0
1.545357372E0,-6.876446724E0,1.115697980E0,3.215412855E0
1.550357705E0,-7.297826290E0,-9.097966552E-2,2.734178305E0
1.555357705E0,-7.853281021E0,-7.110779285E-1,2.027888775E0
1.560358071E0,-8.530839920E0,-1.350329757E0,9.145850539E-1
1.565358071E0,-8.808567047E0,-2.315192938E0,1.005564705E-1
1.570358737E0,-9.186851501E0,-2.923320293E0,-4.716577232E-1
1.575359637E0,-9.450213432E0,-3.414131641E0,-1.058237195E0
1.580360537E0,-9.555558205E0,-3.811569214E0,-1.417367458E0
1.585360537E0,-9.605836868E0,-3.948038578E0,-1.417367458E0
1.590361170E0,-9.462183952E0,-3.979163170E0,-1.168370485E0
1.595361170E0,-9.122207642E0,-3.933673382E0,-8.164227605E-1
1.600361170E0,-8.729558945E0,-3.756502390E0,-3.280056417E-1
1.605361603E0,-8.509291649E0,-3.375824451E0,1.939303428E-1
1.610361636E0,-8.418312073E0,-3.102885485E0,6.751648784E-1
1.615360969E0,-8.370428085E0,-2.949656487E0,1.031900883E0
1.620360935E0,-8.387187958E0,-2.827552319E0,1.228225470E0
1.625360901E0,-8.418312073E0,-2.760514498E0,1.312022567E0
1.630360901E0,-8.411129951E0,-2.782062292E0,1.335964561E0
1.635360901E0,-8.368034363E0,-2.861071110E0,1.347935557E0
1.640360934E0,-8.298602104E0,-2.913743496E0,1.225831270E0
1.645360934E0,-8.181286812E0,-3.019088268E0,1.027112484E0
1.650360934E0,-8.018480301E0,-3.222595453E0,7.589619160E-1
1.655360934E0,-7.786243439E0,-3.543418407E0,4.405331016E-1
1.660360934E0,-7.455843449E0,-4.043806553E0,1.460463107E-1
1.665360934E0,-7.144597054E0,-4.517858505E0,-1.244984865E-1
1.670360900E0,-6.830956936E0,-5.025728703E0,-3.519476354E-1
1.675360900E0,-6.567594528E0,-5.511751652E0,-5.291185975E-1
1.680360900E0,-6.395212173E0,-6.040870190E0,-5.817909837E-1
1.685360933E0,-6.385635376E0,-6.538864136E0,-5.746083856E-1
1.690360933E0,-6.584353924E0,-6.953061104E0,-6.081272364E-1
1.695360933E0,-6.929119110E0,-7.307403088E0,-7.062895298E-1
1.700360899E0,-7.307403088E0,-7.573159218E0,-8.786720037E-1
1.705360899E0,-7.644985199E0,-7.745541573E0,-1.046266198E0
1.710360899E0,-7.929895401E0,-7.800608635E0,-1.156399369E0
1.715360932E0,-8.147768021E0,-7.769483566E0,-1.211466074E0
1.720360932E0,-8.308178902E0,-7.604283810E0,-1.146822572E0
1.725360932E0,-8.415918350E0,-7.405565262E0,-1.017535686E0
1.730360932E0,-8.473379135E0,-7.211634636E0,-7.134721279E-1
1.735360932E0,-8.463802338E0,-7.056011677E0,-2.489969730E-1
1.740360932E0,-8.372822762E0,-7.010521889E0,3.519476354E-1
1.745360898E0,-8.186075211E0,-7.106289864E0,1.043871999E0
1.750360864E0,-7.951443195E0,-7.314585686E0,1.747767210E0
1.755360864E0,-7.721599579E0,-7.563582420E0,2.372653961E0
1.760361530E0,-7.448660851E0,-7.836521626E0,2.817975283E0
1.765362230E0,-7.214028835E0,-8.162133217E0,3.119644880E0
1.770362230E0,-7.003339291E0,-8.607454300E0,3.251325846E0
1.775362230E0,-6.783072472E0,-9.105448723E0,3.301604033E0
1.780362196E0,-6.543652534E0,-9.646537781E0,3.227383852E0
1.785362162E0,-6.287472725E0,-1.022593498E1,3.098097086E0
1.790362128E0,-5.928342819E0,-1.072153473E1,2.995146275E0
1.795361761E0,-5.291484833E0,-1.075026512E1,2.851494312E0
1.800361794E0,-4.651933670E0,-1.046774864E1,2.537853718E0
1.805361827E0,-4.113238335E0,-9.943418503E0,2.085349798E0
1.810361193E0,-3.670311213E0,-9.263465881E0,1.592144132E0
1.815361193E0,-3.342305660E0,-8.607454300E0,1.201889277E0
1.820361193E0,-3.174711466E0,-7.922712803E0,1.213860273E0
1.825361159E0,-2.904166698E0,-7.503727436E0,1.319205165E0
1.830361159E0,-2.525882721E0,-7.333739281E0,1.357512355E0
1.835361159E0,-2.231395960E0,-7.017704487E0,1.201889277E0
1.840361192E0,-2.049436569E0,-6.613084316E0,9.911994934E-1
1.845361192E0,-1.889025092E0,-6.194098949E0,8.236053586E-1
1.850361192E0,-1.695094824E0,-5.808632374E0,7.398083210E-1
1.855361158E0,-1.520318031E0,-5.471050262E0,6.943184733E-1
1.860361124E0,-1.355118155E0,-5.164592266E0,6.392518282E-1
1.865361090E0,-1.182735682E0,-4.896441936E0,5.961562395E-1
1.870361090E0,-1.031900883E0,-4.589684486E0,5.602431893E-1
1.875361090E0,-8.834604025E-1,-4.311957359E0,5.315127969E-1
1.880361123E0,-7.374141216E-1,-4.046200752E0,5.195417404E-1
1.885361156E0,-5.889736414E-1,-3.861847401E0,5.027823448E-1
1.890361189E0,-4.261679053E-1,-3.732560396E0,4.692635238E-1
1.895361189E0,-2.849099934E-1,-3.641580820E0,4.237737060E-1
1.900361189E0,-1.460463107E-1,-3.584120035E0,3.854664862E-1
1.905361155E0,-2.873042040E-2,-3.545812607E0,3.543418646E-1
1.910361121E0,1.029506698E-1,-3.529053211E0,3.327940404E-1
1.915361087E0,2.346317619E-1,-3.517082214E0,3.136404157E-1
1.920361087E0,3.447650373E-1,-3.493140221E0,2.992752194E-1
1.925361120E0,4.213795066E-1,-3.442862034E0,2.753331959E-1
1.930361153E0,4.788403511E-1,-3.397372246E0,2.513911724E-1
1.935361186E0,5.219359994E-1,-3.366247654E0,2.250549644E-1
1.940361186E0,5.578489900E-1,-3.378218651E0,2.082955539E-1
1.945361552E0,5.722141862E-1,-3.476380825E0,1.891419291E-1
1.950361552E0,6.248866320E-1,-3.687070608E0,1.532289088E-1
1.955361552E0,7.206547260E-1,-3.983951569E0,1.029506698E-1
1.960362218E0,9.457096457E-1,-4.472368717E0,3.351882473E-2
1.965362251E0,1.158793569E0,-5.097554684E0,-8.858546615E-2
1.970362251E0,1.482010841E0,-6.124667168E0,-3.184288144E-1
1.975362251E0,1.891419291E0,-7.568370819E0,-6.799532771E-1
1.980362217E0,2.449268341E0,-9.502885818E0,-1.077390790E0
1.985362183E0,3.004723072E0,-1.206468201E1,-1.520318031E0
1.990361249E0,3.766079187E0,-1.508167553E1,-1.934514999E0
1.995361249E0,4.599261284E0,-1.828511620E1,-2.243366957E0
2.000361249E0,5.638644218E0,-2.150292397E1,-2.370259762E0
2.005361282E0,6.909965515E0,-2.446933937E1,-2.499546528E0
2.010360648E0,8.770259857E0,-2.735943985E1,-2.557007313E0
2.015360681E0,1.069040966E1,-2.973688316E1,-2.578555346E0
2.020360681E0,1.241662884E1,-3.121410561E1,-2.437297344E0
2.025360681E0,1.340303993E1,-3.165703201E1,-2.149993181E0
2.030361247E0,1.352035618E1,-3.114227867E1,-1.671152830E0
2.035361247E0,1.256746387E1,-2.975124741E1,3.136404157E-1
2.040361247E0,1.077899551E1,-2.774730110E1,2.846705914E0
2.045361280E0,9.229947090E0,-2.556857872E1,4.546588898E0
2.050361413E0,7.867646217E0,-2.326505661E1,5.353734493E0
2.055361413E0,6.713640690E0,-2.111985207E1,5.700893402E0
2.060361413E0,5.588366032E0,-1.892676353E1,5.734412193E0
2.065361413E0,4.410119534E0,-1.677916336E1,6.062417984E0
2.070361413E0,3.203441858E0,-1.471296787E1,6.761524677E0
2.075361379E0,2.087743998E0,-1.282124901E1,7.281066418E0
2.080361379E0,1.161187768E0,-1.114291382E1,7.415142059E0
2.085361379E0,4.668693244E-1,-9.687239647E0,7.158962250E0
2.090361412E0,1.436521020E-2,-8.423100471E0,6.409577370E0
2.095361412E0,-3.280056417E-1,-7.309797287E0,5.574000835E0
2.100361378E0,-5.195417404E-1,-6.273107529E0,4.539406300E0
2.105361344E0,-6.177040339E-1,-5.380070686E0,3.550601006E0
2.110361310E0,-5.985504389E-1,-4.649539471E0,2.647987127E0
2.115361310E0,-5.123591423E-1,-4.096478939E0,1.934514999E0
2.120361343E0,-4.357447028E-1,-3.749319792E0,1.331176162E0
2.125361376E0,-3.782838583E-1,-3.605667830E0,7.996633649E-1
2.130361376E0,-5.746083856E-1,-3.646369219E0,3.854664862E-1
2.135361376E0,-6.967126727E-1,-3.830722809E0,1.675941236E-2
2.140362276E0,-6.943184733E-1,-4.125209332E0,-2.777273953E-1
2.145362276E0,-7.062895298E-1,-4.467580318E0,-5.243301988E-1
2.150362276E0,-7.134721279E-1,-4.946720123E0,-7.398083210E-1
2.155362242E0,-6.991068721E-1,-5.430348873E0,-9.241618514E-1
2.160362908E0,-6.871358752E-1,-5.973832607E0,-1.096544385E0
2.165362908E0,-6.679822803E-1,-6.584353924E0,-1.235408068E0
2.170362941E0,-6.392518282E-1,-7.266701221E0,-1.369483352E0
2.175362941E0,-6.033388376E-1,-7.999327183E0,-1.467645645E0
2.180362341E0,-5.674257874E-1,-8.767866135E0,-1.522712231E0
2.185362307E0,-5.458779931E-1,-9.534010887E0,-1.541865945E0
2.190362307E0,-5.458779931E-1,-1.029776096E1,-1.532289028E0
2.195362307E0,-5.626373887E-1,-1.098729134E1,-1.513135433E0
2.200362207E0,-6.200982332E-1,-1.159541798E1,-1.474828243E0
2.205362207E0,-6.871358752E-1,-1.209580612E1,-1.422155857E0
2.210361540E0,-7.589619160E-1,-1.249563789E1,-1.352723956E0
2.215361540E0,-8.451532125E-1,-1.278054810E1,-1.271321058E0
2.220361540E0,-9.409212470E-1,-1.294095993E1,-1.173158884E0
2.225361540E0,-1.048660398E0,-1.295293045E1,-1.046266198E0
2.230361506E0,-1.142034173E0,-1.284519100E1,-9.097966552E-1
2.235361472E0,-1.209071875E0,-1.262492466E1,-7.589619160E-1
2.240361472E0,-1.233013868E0,-1.228494835E1,-5.554547906E-1
2.245361505E0,-1.235408068E0,-1.189708710E1,-3.088520169E-1
2.250361538E0,-1.228225470E0,-1.139191055E1,5.985504389E-2
2.255361538E0,-1.237802267E0,-1.086279202E1,5.363011956E-1
2.260361538E0,-1.271321058E0,-1.029297256E1,1.094150186E0
2.265361504E0,-1.283292055E0,-9.792584419E0,1.537077546E0
2.270361504E0,-1.254561663E0,-9.378387451E0,1.819593310E0
2.275361504E0,-1.187524080E0,-9.052776337E0,1.939303398E0
2.280361537E0,-1.079784989E0,-8.844480515E0,1.941697598E0
2.285361537E0,-9.528923035E-1,-8.729558945E0,1.920149803E0
2.290361537E0,-7.900865674E-1,-8.719982147E0,1.896207690E0
2.295361537E0,-6.200982332E-1,-8.777442932E0,1.889025092E0
2.300361537E0,-4.285621047E-1,-8.925883293E0,1.953668594E0
2.305361537E0,-2.466027737E-1,-9.126996040E0,2.075772762E0
2.310361503E0,-7.661445439E-2,-9.366415977E0,2.248155355E0
2.315361503E0,8.619125932E-2,-9.634567261E0,2.458845139E0
2.320361503E0,2.298433632E-1,-9.907505989E0,2.676717520E0
2.325361536E0,3.495534360E-1,-1.016607952E1,2.870647907E0
2.330361536E0,4.501099288E-1,-1.036479855E1,2.961627483E0
2.335361536E0,5.291185975E-1,-1.048929691E1,2.944868088E0
2.340361502E0,5.793967843E-1,-1.051563358E1,2.746149302E0
2.345361468E0,6.057330370E-1,-1.048450851E1,2.454056740E0
2.350361434E0,5.841852427E-1,-1.036719227E1,2.006340981E0
2.355361434E0,5.386953950E-1,-1.023311710E1,1.525106430E0
2.360362100E0,4.908113480E-1,-1.007509995E1,1.074996591E0
2.365362133E0,4.333505034E-1,-9.921871185E0,6.703764796E-1
2.370362166E0,3.734954596E-1,-9.768642426E0,3.375824392E-1
2.375362199E0,3.184288144E-1,-9.627384186E0,9.097966552E-2
2.380362199E0,2.753331959E-1,-9.510068893E0,-6.464344263E-2
2.385362199E0,2.513911724E-1,-9.428665161E0,-1.604115069E-1
2.390362165E0,2.418143749E-1,-9.392752647E0,-1.915361285E-1
2.395362165E0,2.466027737E-1,-9.392752647E0,-1.963245422E-1
2.400362165E0,2.753331959E-1,-9.452607155E0,-1.699883193E-1
2.405362198E0,3.303998411E-1,-9.562741280E0,-1.197100878E-1
2.410361964E0,4.141969085E-1,-9.718363762E0,-4.548983276E-2
2.415361964E0,5.243301988E-1,-9.902717590E0,6.464344263E-2
2.420361930E0,6.631938815E-1,-1.009185982E1,2.250549644E-1
2.425361230E0,8.236053586E-1,-1.027142429E1,4.333505034E-1
2.430360296E0,1.000776291E0,-1.040789413E1,6.991068721E-1
2.435359396E0,1.165976286E0,-1.050605679E1,9.672574997E-1
2.440358529E0,1.331176162E0,-1.056112289E1,1.244984865E0
2.445357662E0,1.479616642E0,-1.058745956E1,1.477222443E0
2.450357428E0,1.601720929E0,-1.057069969E1,1.661576033E0
2.455357428E0,1.680729628E0,-1.049887371E1,1.786074519E0
2.460357428E0,1.699883223E0,-1.036479855E1,1.855506301E0
2.465357394E0,1.709460020E0,-1.024987698E1,1.855506301E0
2.470357394E0,1.635239720E0,-1.008467674E1,1.805228114E0
2.475357394E0,1.544260144E0,-9.888352394E0,1.735796213E0
2.480357427E0,1.398213744E0,-9.648932457E0,1.640028119E0
2.485356793E0,1.244984865E0,-9.421483040E0,1.537077546E0
2.490356793E0,1.079784989E0,-9.220370293E0,1.412579060E0
2.495356793E0,9.217676520E-1,-9.047987938E0,1.290474772E0
2.500356393E0,7.733271718E-1,-8.925883293E0,1.158793569E0
2.505355493E0,6.416460276E-1,-8.854057312E0,1.031900883E0
2.510354826E0,5.434837937E-1,-8.851662636E0,9.145850539E-1
2.515353892E0,4.764461517E-1,-8.916306496E0,8.212111592E-1
2.520353892E0,4.357447028E-1,-9.059958458E0,7.661445141E-1
2.525353892E0,3.998316824E-1,-9.210793495E0,7.445967197E-1
2.530353925E0,3.591302633E-1,-9.359233856E0,7.709329724E-1
2.535353925E0,3.232172430E-1,-9.493309021E0,8.164227605E-1
2.540353925E0,2.705447972E-1,-9.581894875E0,8.762778044E-1
2.545353891E0,2.394201756E-1,-9.675268173E0,9.121908545E-1
2.550353857E0,2.250549644E-1,-9.771036148E0,9.074024558E-1
2.555353823E0,2.250549644E-1,-9.859622002E0,8.690952063E-1
2.560354056E0,2.585737705E-1,-9.960178375E0,7.996633649E-1
2.565354089E0,3.184288144E-1,-1.006791782E1,7.134721279E-1
2.570354122E0,4.094084799E-1,-1.015171432E1,6.177040339E-1
2.575354822E0,5.099649429E-1,-1.022114658E1,5.339069963E-1
2.580355722E0,6.464344859E-1,-1.026903057E1,4.692635238E-1
2.585356622E0,7.709329724E-1,-1.027142429E1,4.285621047E-1
2.590357488E0,9.217676520E-1,-1.024987698E1,4.189853072E-1
2.595358388E0,1.063025594E0,-1.019720459E1,4.285621047E-1
2.600358654E0,1.192312479E0,-1.013495541E1,4.477157295E-1
2.605358687E0,1.297657371E0,-1.005115795E1,4.812345505E-1
2.610358053E0,1.374271750E0,-9.938630104E0,5.123591423E-1
2.615357386E0,1.431732655E0,-9.833285332E0,5.315127969E-1
2.620357352E0,1.489193439E0,-9.763854027E0,5.243301988E-1
2.625357318E0,1.537077546E0,-9.720758438E0,5.003881454E-1
2.630357284E0,1.582567334E0,-9.699210167E0,4.501099288E-1
2.635357917E0,1.625662923E0,-9.703998566E0,3.950432837E-1
2.640357917E0,1.685518026E0,-9.756670952E0,3.280056417E-1
2.645357950E0,1.757344007E0,-9.842862129E0,2.537853718E-1
2.650358383E0,1.819593310E0,-9.938630104E0,1.891419291E-1
2.655359316E0,1.865083098E0,-1.000327396E1,1.316810995E-1
2.660359982E0,1.891419291E0,-1.003918743E1,1.029506698E-1
2.665360882E0,1.900996208E0,-1.005115795E1,9.576806426E-2
2.670360848E0,1.905784607E0,-1.003918743E1,1.053448766E-1
2.675360848E0,1.915361404E0,-1.003679276E1,1.292868853E-1
2.680360848E0,1.922544003E0,-1.001763916E1,1.699883193E-1
2.685360881E0,1.896207690E0,-9.957783699E0,2.250549644E-1
2.690360881E0,1.891419291E0,-9.936236382E0,2.753331959E-1
2.695360881E0,1.829170108E0,-9.814131737E0,3.208230138E-1
2.700361347E0,1.721431017E0,-9.632172585E0,3.615244627E-1
2.705361347E0,1.599326730E0,-9.428665161E0,3.878606856E-1
2.710361347E0,1.434126854E0,-9.136572838E0,3.974374831E-1
2.715361313E0,1.252167463E0,-8.822932243E0,3.998316824E-1
2.720361313E0,1.034295082E0,-8.437465668E0,3.878606856E-1
2.725361313E0,8.307880163E-1,-8.061576843E0,3.639186621E-1
2.730361346E0,6.416460276E-1,-7.692869186E0,3.280056417E-1
2.735361379E0,5.075707436E-1,-7.436689854E0,2.896983922E-1
2.740361379E0,4.094084799E-1,-7.300220490E0,2.466027737E-1
2.745361345E0,3.639186621E-1,-7.374440670E0,1.987187415E-1
2.750361311E0,3.639186621E-1,-7.649773598E0,1.340752989E-1
2.755361311E0,3.830722570E-1,-8.052000046E0,5.746084079E-2
2.760361977E0,4.525041282E-1,-8.576330185E0,-6.224924326E-2
2.765362677E0,5.722141862E-1,-9.129390717E0,-1.747767180E-1
2.770362677E0,7.685387731E-1,-9.739912033E0,-2.849099934E-1
2.775362677E0,9.864110947E-1,-1.030494308E1,-3.950432837E-1
2.780362677E0,1.249773264E0,-1.085560989E1,-4.860229492E-1
2.785362677E0,1.527500629E0,-1.132487297E1,-5.027823448E-1
2.790362677E0,1.783680320E0,-1.163611984E1,-4.213795066E-1
2.795362643E0,1.989581585E0,-1.171752262E1,-2.370259613E-1
2.800362643E0,2.097320795E0,-1.160738945E1,2.633621916E-2
2.805362643E0,2.126051188E0,-1.137994003E1,3.375824392E-1
2.810362009E0,2.075772762E0,-1.106869411E1,6.919242740E-1
2.815362009E0,1.994369984E0,-1.076463032E1,1.015141487E0
2.820362009E0,1.869871497E0,-1.045338345E1,1.295263171E0
2.825361975E0,1.735796213E0,-1.018762779E1,1.498770237E0
2.830361941E0,1.587355733E0,-9.957783699E0,1.582567334E0
2.835361907E0,1.453280449E0,-9.775824547E0,1.575384736E0
2.840361907E0,1.345541358E0,-9.644144058E0,1.496376038E0
2.845361940E0,1.256955862E0,-9.562741280E0,1.367089152E0
2.850361506E0,1.192312479E0,-9.522039413E0,1.201889277E0
2.855361539E0,1.144428372E0,-9.517251015E0,1.019929886E0
2.860361572E0,1.110909581E0,-9.548376083E0,8.307880163E-1
2.865361572E0,1.082179189E0,-9.593865395E0,6.631938815E-1
2.870361538E0,1.046266198E0,-9.656114578E0,5.075707436E-1
2.875361504E0,1.010353088E0,-9.718363762E0,3.711012602E-1
2.880361504E0,9.600749016E-1,-9.778219223E0,2.513911724E-1
2.885361504E0,8.978256583E-1,-9.830891609E0,1.436520964E-1
2.890361537E0,8.355764151E-1,-9.873987198E0,6.224924326E-2
2.895361537E0,7.733271718E-1,-9.905111313E0,2.394201700E-3
2.900361537E0,7.158663273E-1,-9.926659584E0,-3.830722719E-2
2.905361503E0,6.631938815E-1,-9.941024780E0,-6.464344263E-2
2.910361469E0,6.224924326E-1,-9.936236382E0,-7.900865376E-2
2.915361435E0,5.961562395E-1,-9.921871185E0,-8.379705995E-2
2.920361435E0,5.865794420E-1,-9.890746117E0,-8.140286058E-2
2.925361468E0,5.889736414E-1,-9.854833603E0,-7.182604820E-2
2.930360834E0,6.081272364E-1,-9.806949615E0,-5.985504389E-2
2.935360867E0,6.344634295E-1,-9.756670952E0,-4.548983276E-2
2.940360867E0,6.655880809E-1,-9.703998566E0,-3.112462163E-2
2.945360867E0,7.015010715E-1,-9.658509254E0,-2.154781483E-2
2.950360833E0,7.350199223E-1,-9.622595787E0,-1.675941236E-2
2.955360833E0,7.733271718E-1,-9.601048470E0,-1.675941236E-2
2.960361499E0,8.068459630E-1,-9.584288597E0,-2.394201607E-2
2.965361532E0,8.403648138E-1,-9.572318077E0,-3.351882473E-2
2.970361532E0,8.714894056E-1,-9.569923401E0,-4.309562966E-2
2.975361532E0,8.954314590E-1,-9.572318077E0,-5.746084079E-2
2.980361532E0,9.145850539E-1,-9.581894875E0,-7.422025502E-2
2.985361532E0,9.337386489E-1,-9.593865395E0,-8.858546615E-2
2.990361532E0,9.504981041E-1,-9.601048470E0,-1.005564705E-1
2.995361498E0,9.600749016E-1,-9.608230591E0,-1.149216816E-1
3.000361464E0,9.672574997E-1,-9.620202065E0,-1.244984865E-1
3.005361464E0,9.744400978E-1,-9.636960983E0,-1.316810995E-1
3.010360764E0,9.744400978E-1,-9.656114578E0,-1.412578970E-1
3.015360797E0,9.744400978E-1,-9.677662849E0,-1.508347094E-1
3.020360797E0,9.720458984E-1,-9.703998566E0,-1.580173075E-1
3.025360797E0,9.696516991E-1,-9.732728958E0,-1.675941199E-1
3.030360763E0,9.624691010E-1,-9.766247749E0,-1.747767180E-1
3.035360763E0,9.528923035E-1,-9.797372818E0,-1.819593310E-1
3.040360763E0,9.433154464E-1,-9.830891609E0,-1.915361285E-1
3.045360796E0,9.337386489E-1,-9.859622002E0,-2.035071403E-1
3.050360796E0,9.217676520E-1,-9.878775597E0,-2.202665508E-1
3.055360796E0,9.026140571E-1,-9.897929192E0,-2.370259613E-1
3.060360796E0,8.810662031E-1,-9.912294388E0,-2.537853718E-1
3.065360796E0,8.595184088E-1,-9.926659584E0,-2.705447972E-1
3.070360796E0,8.307880163E-1,-9.931447983E0,-2.849099934E-1
3.075360762E0,7.996633649E-1,-9.929053307E0,-2.968810201E-1
3.080361428E0,7.613561153E-1,-9.919476509E0,-3.064578176E-1
3.085361428E0,7.182605267E-1,-9.907505989E0,-3.136404157E-1
3.090361461E0,6.727706790E-1,-9.895534515E0,-3.208230138E-1
3.095361461E0,6.272808313E-1,-9.883563995E0,-3.303998411E-1
3.100361461E0,5.889736414E-1,-9.862015724E0,-3.351882398E-1
3.105361427E0,5.530605912E-1,-9.838073730E0,-3.399766386E-1
3.110361393E0,5.147533417E-1,-9.811738014E0,-3.423708379E-1
3.115361393E0,4.740519226E-1,-9.783007622E0,-3.471592367E-1
3.120361426E0,4.453215301E-1,-9.747094154E0,-3.543418646E-1
3.125361459E0,4.261679053E-1,-9.718363762E0,-3.615244627E-1
3.130473037E0,4.141969085E-1,-9.682451248E0,-3.663128614E-1
3.135473037E0,4.046200812E-1,-9.646537781E0,-3.758896589E-1
3.140473037E0,4.070142806E-1,-9.615413666E0,-3.854664862E-1
3.145473037E0,4.165911078E-1,-9.589076996E0,-3.974374831E-1
3.150473037E0,4.381389022E-1,-9.572318077E0,-4.118026793E-1
3.155473003E0,4.644751251E-1,-9.560346603E0,-4.261679053E-1
3.160473703E0,5.027823448E-1,-9.557952881E0,-4.429273009E-1
3.165473703E0,5.410895944E-1,-9.565135002E0,-4.596867263E-1
3.170473736E0,5.793967843E-1,-9.572318077E0,-4.788403511E-1
3.175473736E0,6.177040339E-1,-9.586683273E0,-4.955997467E-1
3.180473736E0,6.512228847E-1,-9.603442192E0,-5.099649429E-1
3.185473702E0,6.823474765E-1,-9.627384186E0,-5.243301988E-1
3.190473702E0,7.134721279E-1,-9.651326180E0,-5.434837937E-1
3.195473702E0,7.374141216E-1,-9.670479774E0,-5.578489900E-1
3.200473735E0,7.565677166E-1,-9.696816444E0,-5.698199868E-1
3.205473735E0,7.757213712E-1,-9.725546837E0,-5.841852427E-1
3.210473068E0,7.972691655E-1,-9.754277229E0,-5.961562395E-1
3.215473068E0,8.188169599E-1,-9.778219223E0,-6.057330370E-1
3.220473068E0,8.451532125E-1,-9.802161217E0,-6.153098345E-1
3.225473068E0,8.667010069E-1,-9.823708534E0,-6.248866320E-1
3.230473034E0,8.906430602E-1,-9.835680008E0,-6.344634295E-1
3.235473000E0,9.121908545E-1,-9.842862129E0,-6.440402865E-1
3.240473000E0,9.361328483E-1,-9.840468407E0,-6.512228847E-1
3.245473033E0,9.528923035E-1,-9.838073730E0,-6.536170840E-1
3.250473066E0,9.744400978E-1,-9.821314812E0,-6.536170840E-1
3.255473066E0,9.911994934E-1,-9.804554939E0,-6.512228847E-1
3.260473066E0,1.010353088E0,-9.787796021E0,-6.512228847E-1
3.265473032E0,1.027112484E0,-9.771036148E0,-6.488286853E-1
3.270473032E0,1.041477680E0,-9.751882553E0,-6.440402865E-1
3.275473032E0,1.048660398E0,-9.737517357E0,-6.320692301E-1
3.280473065E0,1.055842996E0,-9.715970039E0,-6.224924326E-1
3.285473065E0,1.051054597E0,-9.696816444E0,-6.153098345E-1
3.290473065E0,1.039083481E0,-9.675268173E0,-6.009446383E-1
3.295473065E0,1.019929886E0,-9.658509254E0,-5.889736414E-1
3.300473065E0,9.935936928E-1,-9.641749382E0,-5.746083856E-1
3.305473065E0,9.696516991E-1,-9.632172585E0,-5.626373887E-1
3.310473031E0,9.481038451E-1,-9.624990463E0,-5.482721925E-1
3.315473031E0,9.337386489E-1,-9.617807388E0,-5.363011956E-1
3.320473031E0,9.265560508E-1,-9.617807388E0,-5.267243981E-1
3.325473064E0,9.217676520E-1,-9.627384186E0,-5.219359994E-1
3.330473064E0,9.217676520E-1,-9.651326180E0,-5.171475410E-1
3.335473064E0,9.241618514E-1,-9.675268173E0,-5.147533417E-1
3.340473030E0,9.289502501E-1,-9.699210167E0,-5.123591423E-1
3.345472996E0,9.313444495E-1,-9.718363762E0,-5.099649429E-1
3.350472962E0,9.385270476E-1,-9.727940559E0,-5.075707436E-1
3.355472962E0,9.457096457E-1,-9.732728958E0,-5.051765442E-1
3.360473628E0,9.528923035E-1,-9.725546837E0,-5.051765442E-1
3.365473661E0,9.600749016E-1,-9.713575363E0,-5.051765442E-1
3.370473694E0,9.696516991E-1,-9.703998566E0,-5.027823448E-1
3.375473727E0,9.768342972E-1,-9.703998566E0,-5.051765442E-1
3.380473727E0,9.768342972E-1,-9.711181641E0,-5.027823448E-1
3.385473727E0,9.744400978E-1,-9.720758438E0,-5.003881454E-1
3.390473693E0,9.624691010E-1,-9.735123634E0,-4.979939461E-1
3.395473693E0,9.409212470E-1,-9.747094154E0,-4.932055473E-1
3.400473693E0,9.026140571E-1,-9.759065628E0,-4.860229492E-1
3.405473726E0,8.547300100E-1,-9.766247749E0,-4.788403511E-1
3.410473059E0,8.020575643E-1,-9.768642426E0,-4.716577232E-1
3.415473059E0,7.445967197E-1,-9.763854027E0,-4.644751251E-1
3.420473025E0,6.871358752E-1,-9.749488831E0,-4.572925270E-1
3.425472991E0,6.320692301E-1,-9.723152161E0,-4.501099288E-1
3.430472057E0,5.817909837E-1,-9.699210167E0,-4.429273009E-1
3.435471390E0,5.363011956E-1,-9.672874451E0,-4.381389022E-1
3.440470523E0,4.955997467E-1,-9.651326180E0,-4.309563041E-1
3.445469656E0,4.596867263E-1,-9.629778862E0,-4.237737060E-1
3.450469022E0,4.381389022E-1,-9.620202065E0,-4.189853072E-1
3.455468122E0,4.237737060E-1,-9.613018990E0,-4.141969085E-1
3.460467222E0,4.165911078E-1,-9.613018990E0,-4.141969085E-1
3.465466288E0,4.165911078E-1,-9.617807388E0,-4.141969085E-1
3.470465621E0,4.261679053E-1,-9.629778862E0,-4.141969085E-1
3.475465621E0,4.453215301E-1,-9.653720856E0,-4.141969085E-1
3.480465654E0,4.716577232E-1,-9.682451248E0,-4.165911078E-1
3.485465054E0,5.027823448E-1,-9.713575363E0,-4.165911078E-1
3.490465054E0,5.339069963E-1,-9.744700432E0,-4.189853072E-1
3.495465054E0,5.626373887E-1,-9.773430824E0,-4.213795066E-1
3.500465054E0,5.913678408E-1,-9.790189743E0,-4.237737060E-1
3.505465054E0,6.177040339E-1,-9.794978142E0,-4.237737060E-1
3.510464654E0,6.320692301E-1,-9.790189743E0,-4.237737060E-1
3.515464620E0,6.488286853E-1,-9.778219223E0,-4.261679053E-1
3.520464620E0,6.655880809E-1,-9.761459351E0,-4.261679053E-1
3.525464620E0,6.847416759E-1,-9.735123634E0,-4.285621047E-1
3.530464653E0,7.086837292E-1,-9.706393242E0,-4.309563041E-1
3.535464653E0,7.326257229E-1,-9.672874451E0,-4.333505034E-1
3.540464653E0,7.613561153E-1,-9.646537781E0,-4.333505034E-1
3.545464619E0,7.924807668E-1,-9.624990463E0,-4.357447028E-1
3.550464619E0,8.259995580E-1,-9.615413666E0,-4.405331016E-1
3.555464219E0,8.571242094E-1,-9.610625267E0,-4.453215301E-1
3.560464252E0,8.858546019E-1,-9.610625267E0,-4.501099288E-1
3.565464252E0,9.145850539E-1,-9.608230591E0,-4.525041282E-1
3.570464252E0,9.385270476E-1,-9.605836868E0,-4.548983276E-1
3.575464252E0,9.552865028E-1,-9.598653793E0,-4.548983276E-1
3.580465152E0,9.744400978E-1,-9.579500198E0,-4.572925270E-1
3.585465818E0,9.911994934E-1,-9.555558205E0,-4.596867263E-1
3.590466684E0,1.010353088E0,-9.514857292E0,-4.620809257E-1
3.595467584E0,1.027112484E0,-9.466972351E0,-4.620809257E-1
3.600468250E0,1.046266198E0,-9.404723167E0,-4.644751251E-1
3.605469183E0,1.065419793E0,-9.342473984E0,-4.596867263E-1
3.610469449E0,1.089361787E0,-9.280224800E0,-4.596867263E-1
3.615470349E0,1.113303781E0,-9.213187218E0,-4.596867263E-1
3.620470315E0,1.144428372E0,-9.153332710E0,-4.620809257E-1
3.625470281E0,1.182735682E0,-9.110237122E0,-4.644751251E-1
3.630470281E0,1.228225470E0,-9.083900452E0,-4.692635238E-1
3.635470914E0,1.273715258E0,-9.069535255E0,-4.740519226E-1
3.640470947E0,1.323993564E0,-9.069535255E0,-4.812345505E-1
3.645470947E0,1.374271750E0,-9.083900452E0,-4.932055473E-1
3.650470947E0,1.419761658E0,-9.107842445E0,-5.051765442E-1
3.655470947E0,1.455674648E0,-9.129390717E0,-5.147533417E-1
3.660471347E0,1.479616642E0,-9.141361237E0,-5.267243981E-1
3.665471347E0,1.486799240E0,-9.141361237E0,-5.363011956E-1
3.670471313E0,1.477222443E0,-9.110237122E0,-5.434837937E-1
3.675471313E0,1.458068848E0,-9.074323654E0,-5.506663918E-1
3.680471313E0,1.436521053E0,-9.014469147E0,-5.554547906E-1
3.685471346E0,1.410184860E0,-8.947430611E0,-5.602431893E-1
3.690471346E0,1.383848548E0,-8.875604630E0,-5.650315881E-1
3.695471346E0,1.359906554E0,-8.808567047E0,-5.698199868E-1
3.700471312E0,1.340752959E0,-8.758289337E0,-5.746083856E-1
3.705471678E0,1.331176162E0,-8.739135742E0,-5.841852427E-1
3.710472311E0,1.338358760E0,-8.758289337E0,-5.961562395E-1
3.715472311E0,1.347935557E0,-8.822932243E0,-6.105214357E-1
3.720472344E0,1.359906554E0,-8.957007408E0,-6.296750307E-1
3.725472377E0,1.374271750E0,-9.115025520E0,-6.536170840E-1
3.730472410E0,1.381454349E0,-9.318531990E0,-6.799532771E-1
3.735472443E0,1.383848548E0,-9.531616211E0,-7.086837292E-1
3.740472443E0,1.369483352E0,-9.771036148E0,-7.374141216E-1
3.745472409E0,1.335964561E0,-1.001524544E1,-7.661445141E-1
3.750472375E0,1.288080573E0,-1.024987698E1,-7.924807668E-1
3.755472375E0,1.216254473E0,-1.045577812E1,-8.212111592E-1
3.760473041E0,1.103726983E0,-1.062576675E1,-8.571242094E-1
3.765473074E0,9.744400978E-1,-1.075265884E1,-8.930372596E-1
3.770473740E0,7.876923680E-1,-1.082448483E1,-9.433154464E-1
3.775473740E0,6.033388376E-1,-1.085800362E1,-9.816226959E-1
3.780473706E0,4.189853072E-1,-1.083645630E1,-1.000776291E0
3.785473672E0,2.633621991E-1,-1.077899551E1,-1.003170490E0
3.790473638E0,1.173158810E-1,-1.069998646E1,-1.003170490E0
3.795473638E0,-2.394201700E-3,-1.061379528E1,-9.983820915E-1
3.800473671E0,-9.576806426E-2,-1.052521038E1,-9.911994934E-1
3.805473704E0,-1.651999205E-1,-1.043422985E1,-9.816226959E-1
3.810473104E0,-2.226607651E-1,-1.034085655E1,-9.696516991E-1
3.815473104E0,-2.657563984E-1,-1.024987698E1,-9.576807022E-1
3.820473104E0,-3.064578176E-1,-1.016129112E1,-9.576807022E-1
3.825473070E0,-3.495534360E-1,-1.008946514E1,-9.624691010E-1
3.830473070E0,-3.830722570E-1,-1.001763916E1,-9.696516991E-1
3.835473070E0,-4.165911078E-1,-9.950601578E0,-9.864110947E-1
3.840473103E0,-4.596867263E-1,-9.890746117E0,-1.019929886E0
3.845473103E0,-5.147533417E-1,-9.830891609E0,-1.055842996E0
3.850473103E0,-5.722141862E-1,-9.778219223E0,-1.098938584E0
3.855473103E0,-6.248866320E-1,-9.727940559E0,-1.125274777E0
3.860473103E0,-6.536170840E-1,-9.672874451E0,-1.130063176E0
3.865473103E0,-6.703764796E-1,-9.624990463E0,-1.122880578E0
3.870473069E0,-6.799532771E-1,-9.560346603E0,-1.115697980E0
3.875473035E0,-6.991068721E-1,-9.505280495E0,-1.108515382E0
3.880473035E0,-7.158663273E-1,-9.433453560E0,-1.098938584E0
3.885473035E0,-7.326257229E-1,-9.354445457E0,-1.086967587E0
3.890473068E0,-7.374141216E-1,-9.277831078E0,-1.077390790E0
3.895473068E0,-7.422025204E-1,-9.213187218E0,-1.074996591E0
3.900473068E0,-7.445967197E-1,-9.148544312E0,-1.070208192E0
3.905473034E0,-7.493851185E-1,-9.088688850E0,-1.053448796E0
3.910473034E0,-7.637503147E-1,-9.028834343E0,-1.029506683E0
3.915473034E0,-7.685387731E-1,-8.990526199E0,-1.005564690E0
3.920473067E0,-7.709329724E-1,-8.978555679E0,-1.031900883E0
3.925473067E0,-7.781155705E-1,-9.000102997E0,-1.101332784E0
3.930473067E0,-7.996633649E-1,-9.040804863E0,-1.177947283E0
3.935473067E0,-8.403648138E-1,-9.105448723E0,-1.221042871E0
3.940473067E0,-8.906430602E-1,-9.198822021E0,-1.199495077E0
3.945473067E0,-9.481038451E-1,-9.320926666E0,-1.113303781E0
3.950473033E0,-1.007958889E0,-9.474155426E0,-9.768342972E-1
3.955473033E0,-1.060631394E0,-9.622595787E0,-8.259995580E-1
3.960473666E0,-1.103726983E0,-9.756670952E0,-6.512228847E-1
3.965473699E0,-1.134851575E0,-9.857227325E0,-4.908113480E-1
3.970473699E0,-1.146822572E0,-9.914688110E0,-3.280056417E-1
3.975473699E0,-1.149216771E0,-9.941024780E0,-1.675941199E-1
3.980473665E0,-1.106121182E0,-9.912294388E0,6.464344263E-2
3.985473631E0,-9.552865028E-1,-9.818920135E0,6.248866320E-1
3.990473597E0,-5.937620401E-1,-9.658509254E0,1.848323703E0
3.995473597E0,-1.412578970E-1,-9.474155426E0,3.301604033E0
4.000473597E0,1.819593310E-1,-9.330503464E0,4.252102375E0
4.005473630E0,3.471592367E-1,-9.258677483E0,4.604049683E0
4.010472996E0,3.112462163E-1,-9.275436401E0,4.204218388E0
4.015473029E0,1.987187415E-1,-9.311349869E0,3.564966440E0
4.020473029E0,2.394201607E-2,-9.347262383E0,2.803610086E0
4.025473029E0,-1.388636976E-1,-9.364022255E0,2.133233786E0
4.030472995E0,-2.537853718E-1,-9.368810654E0,1.568202138E0
4.035472995E0,-3.160346150E-1,-9.366415977E0,1.091755986E0
4.040472995E0,-3.303998411E-1,-9.344868660E0,6.799532771E-1
4.045473028E0,-3.088520169E-1,-9.301773071E0,3.375824392E-1
4.050473028E0,-2.849099934E-1,-9.237129211E0,6.943184882E-2
4.055473028E0,-2.537853718E-1,-9.165303230E0,-1.412578970E-1
4.060472994E0,-2.274491638E-1,-9.081506729E0,-3.016694188E-1
4.065472960E0,-2.226607651E-1,-8.997709274E0,-4.285621047E-1
4.070472926E0,-2.370259613E-1,-8.933065414E0,-5.243301988E-1
4.075472926E0,-2.633621991E-1,-8.889969826E0,-6.033388376E-1
4.080472959E0,-2.920926213E-1,-8.887576103E0,-6.799532771E-1
4.085472992E0,-3.160346150E-1,-8.930671692E0,-7.565677166E-1
4.090473025E0,-3.256114423E-1,-9.038411140E0,-8.547300100E-1
4.095473025E0,-3.136404157E-1,-9.206005096E0,-9.840168953E-1
4.100473025E0,-2.729389966E-1,-9.433453560E0,-1.199495077E0
4.105472991E0,-1.963245422E-1,-9.684844971E0,-1.489193439E0
4.110472957E0,-7.661445439E-2,-1.000327396E1,-1.898601890E0
4.115472957E0,4.548983276E-2,-1.033127975E1,-2.267308950E0
4.120472990E0,1.580173075E-1,-1.070716953E1,-2.540247917E0
4.125473023E0,2.466027737E-1,-1.108545303E1,-2.700659513E0
4.130473023E0,2.849099934E-1,-1.146373749E1,-2.743755102E0
4.135473023E0,2.346317619E-1,-1.183723259E1,-2.693476915E0
4.140473023E0,1.436520964E-1,-1.219636250E1,-2.585737944E0
4.145473023E0,7.900865376E-2,-1.253873348E1,-2.454056740E0
4.150473023E0,4.309562966E-2,-1.286434460E1,-2.185906172E0
4.155472989E0,4.788403399E-3,-1.312291908E1,-1.853112102E0
4.160473655E0,-8.619125932E-2,-1.328572464E1,-1.403002143E0
4.165473655E0,-2.322375625E-1,-1.337191582E1,-8.427590132E-1
4.170473688E0,-4.309563041E-1,-1.338149261E1,-1.460463107E-1
4.175473688E0,-6.105214357E-1,-1.335755062E1,6.847416759E-1
4.180473688E0,-7.469909191E-1,-1.329290676E1,1.572990537E0
4.185473654E0,-8.643068075E-1,-1.319713879E1,2.442085743E0
4.190473654E0,-9.624691010E-1,-1.307503510E1,3.277662039E0
4.195473654E0,-1.060631394E0,-1.297447872E1,4.024652958E0
4.200473687E0,-1.175553083E0,-1.302236271E1,4.800374508E0
4.205473687E0,-1.300051570E0,-1.321629238E1,5.550058842E0
4.210473053E0,-1.522712231E0,-1.365443134E1,6.287472725E0
4.215473053E0,-1.860294700E0,-1.411651230E1,6.871658325E0
4.220473053E0,-2.262520552E0,-1.452831554E1,7.142202854E0
4.225473053E0,-2.686294317E0,-1.477761173E1,7.075165272E0
4.230473019E0,-3.078943491E0,-1.482070732E1,6.730400085E0
4.235472985E0,-3.371036053E0,-1.468393803E1,6.210858345E0
4.240472985E0,-3.543418407E0,-1.441578770E1,5.700893402E0
4.245473018E0,-3.672705412E0,-1.416200256E1,5.375282288E0
4.250473051E0,-3.672705412E0,-1.395131302E1,5.310638428E0
4.255473051E0,-3.550601006E0,-1.380047798E1,5.430348873E0
4.260473051E0,-3.138798475E0,-1.376695919E1,6.105513573E0
4.265473017E0,-2.475604534E0,-1.384357357E1,6.988974094E0
4.270472350E0,-1.745373011E0,-1.394173622E1,7.367258072E0
4.275472350E0,-1.077390790E0,-1.398962021E1,6.977003098E0
4.280472383E0,-5.099649429E-1,-1.396807194E1,5.954679012E0
4.285472383E0,-1.436521020E-2,-1.394412994E1,4.604049683E0
4.290472383E0,4.644751251E-1,-1.398962021E1,3.134010077E0
4.295472383E0,9.217676520E-1,-1.410454178E1,1.798045516E0
4.300472383E0,1.436521053E0,-1.438226891E1,5.889736414E-1
4.305472383E0,1.958456993E0,-1.473212147E1,-4.118026793E-1
4.310472349E0,2.434903145E0,-1.520856762E1,-1.211466074E0
4.315472349E0,2.896984100E0,-1.574965763E1,-1.817199111E0
4.320472349E0,3.356670856E0,-1.637215042E1,-2.209848166E0
4.325472382E0,3.835511208E0,-1.705689240E1,-2.372653961E0
4.330472382E0,4.323928356E0,-1.776796913E1,-2.346317768E0
4.335472382E0,4.728548527E0,-1.843834496E1,-2.164358377E0
4.340472348E0,5.068824291E0,-1.902971458E1,-1.956062794E0
4.345472314E0,5.320215225E0,-1.946785164E1,-1.814804912E0
4.350472280E0,5.480627060E0,-1.969290733E1,-1.776497602E0
4.355472280E0,5.600337029E0,-1.977909851E1,-1.790862918E0
4.360472913E0,5.724835396E0,-1.966417694E1,-1.829170108E0
4.365472946E0,5.851728439E0,-1.940560341E1,-1.790862918E0
4.370472979E0,6.024110794E0,-1.902731895E1,-1.599326730E0
4.375473012E0,6.189310551E0,-1.857960320E1,-1.242590666E0
4.380473012E0,6.299443722E0,-1.807442665E1,-7.038952708E-1
4.385473012E0,6.323386192E0,-1.757882690E1,-1.101332754E-1
4.390472978E0,6.196493149E0,-1.699942970E1,5.817909837E-1
4.395472978E0,5.942708015E0,-1.650382996E1,1.295263171E0
4.400472978E0,5.054459095E0,-1.611836433E1,3.105279684E0
4.405473011E0,4.098873138E0,-1.569698524E1,3.952826977E0
4.410472344E0,3.301604033E0,-1.520617390E1,3.938461781E0
4.415472344E0,2.729389906E0,-1.467914963E1,3.342305660E0
4.420472977E0,2.458845139E0,-1.408059978E1,2.434903145E0
4.425472943E0,2.243366957E0,-1.353711605E1,1.400607944E0
4.430472243E0,1.970427990E0,-1.298405552E1,2.346317619E-1
4.435472243E0,1.680729628E0,-1.246930218E1,-8.690952063E-1
4.440471776E0,1.383848548E0,-1.195215416E1,-1.922544003E0
4.445471142E0,1.194706678E0,-1.147570801E1,-2.782062292E0
4.450470275E0,1.089361787E0,-1.094180107E1,-3.270479441E0
4.455469375E0,9.911994934E-1,-1.041028786E1,-3.459621429E0
4.460468708E0,9.409212470E-1,-9.802161217E0,-3.193865061E0
4.465467774E0,9.696516991E-1,-9.174880028E0,-2.755726099E0
4.470466874E0,1.089361787E0,-8.521263123E0,-2.331952572E0
4.475465974E0,1.244984865E0,-7.898770809E0,-2.044648170E0
4.480465107E0,1.364694953E0,-7.297826290E0,-1.915361404E0
4.485464473E0,1.462857246E0,-6.783072472E0,-1.886630893E0
4.490464473E0,1.508347034E0,-6.285078526E0,-1.939303398E0
4.495463806E0,1.532289028E0,-5.856516838E0,-2.063801765E0
4.500463406E0,1.479616642E0,-5.444714069E0,-2.200271368E0
4.505463406E0,1.383848548E0,-5.068824291E0,-2.410961151E0
4.510463406E0,1.300051570E0,-4.668693542E0,-2.607285738E0
4.515463372E0,1.276109457E0,-4.235342979E0,-2.798821688E0
4.520463372E0,1.244984865E0,-3.811569214E0,-3.021482468E0
4.525463372E0,1.146822572E0,-3.378218651E0,-3.193865061E0
4.530463405E0,9.696516991E-1,-2.956839085E0,-3.375824451E0
4.535462538E0,7.422025204E-1,-2.564189911E0,-3.560178041E0
4.540462538E0,4.165911078E-1,-2.145204782E0,-3.691859007E0
4.545462504E0,7.900865376E-2,-1.752555609E0,-3.780444384E0
4.550462504E0,-2.561795712E-1,-1.410184860E0,-3.799597979E0
4.555462504E0,-5.722141862E-1,-1.101332784E0,-3.809175014E0
4.560463204E0,-8.882488012E-1,-8.236053586E-1,-3.739742994E0
4.565463204E0,-1.182735682E0,-6.057330370E-1,-3.660734415E0
4.570463204E0,-1.438915253E0,-4.333505034E-1,-3.490746021E0
4.575463204E0,-1.637633920E0,-3.016694188E-1,-3.268085241E0
4.580463870E0,-1.800439715E0,-1.604115069E-1,-2.940079689E0
4.585463870E0,-1.896207690E0,-4.788403399E-3,-2.557007313E0
4.590464336E0,-1.893813491E0,2.202665508E-1,-2.049436569E0
4.595465002E0,-1.881842494E0,4.884171486E-1,-1.479616642E0
4.600465902E0,-1.857900500E0,7.924807668E-1,-6.943184733E-1
4.605466835E0,-1.838746905E0,1.144428372E0,3.040636182E-1
4.610467068E0,-1.826775908E0,1.575384736E0,1.577778935E0
4.615467968E0,-1.936909199E0,1.905784607E0,3.141192675E0
4.620468834E0,-2.600103140E0,1.687912226E0,5.406406879E0
4.625469700E0,-3.457227230E0,1.168370485E0,8.080730438E0
4.630470566E0,-4.429273129E0,1.939303428E-1,1.150922680E1
4.635471199E0,-5.195716858E0,-9.026140571E-1,1.465520763E1
4.640471199E0,-5.399224281E0,-2.200271368E0,1.719336128E1
4.645471899E0,-5.044882298E0,-3.394978046E0,1.859636307E1
4.650472332E0,-4.283226967E0,-4.359841347E0,1.893155098E1
4.655472365E0,-3.375824451E0,-5.068824291E0,1.862509346E1
4.660472365E0,-2.533065319E0,-5.545270443E0,1.801696587E1
4.665472365E0,-1.862688899E0,-5.842151642E0,1.713829422E1
4.670472331E0,-1.400607944E0,-5.997774601E0,1.574726295E1
4.675472331E0,-1.113303781E0,-6.045658588E0,1.420988655E1
4.680472331E0,-1.029506683E0,-5.890035629E0,1.234240913E1
4.685473231E0,-1.072602391E0,-5.609913826E0,1.053718090E1
4.690473231E0,-1.314416766E0,-5.071218491E0,8.614637375E0
4.695473231E0,-1.587355733E0,-4.398148537E0,6.529287338E0
4.700473197E0,-1.788468719E0,-3.667917013E0,4.352658749E0
4.705473163E0,-1.879448295E0,-2.990357876E0,2.145204782E0
4.710473129E0,-1.853112102E0,-2.494758129E0,-8.619125932E-2
4.715473129E0,-1.754949808E0,-2.178723574E0,-2.310404539E0
4.720473162E0,-1.553836942E0,-2.047042370E0,-4.539406300E0
4.725473195E0,-1.302445769E0,-1.944091797E0,-6.361693382E0
4.730473228E0,-9.624691010E-1,-1.936909199E0,-7.161356449E0
4.735473261E0,-5.722141862E-1,-1.984793186E0,-7.252336025E0
4.740473261E0,1.675941236E-2,-2.047042370E0,-6.711246490E0
4.745473227E0,7.852981687E-1,-2.135627985E0,-5.842151642E0
4.750473193E0,3.778050184E0,-2.626439333E0,1.731007814E0
4.755473193E0,9.419088364E0,-3.976768970E0,1.298884392E1
4.760473659E0,1.256028175E1,-5.284302235E0,1.541207504E1
4.765473692E0,1.394412994E1,-6.344933987E0,1.367119122E1
4.770473692E0,1.363288403E1,-7.063194275E0,8.473379135E0
4.775473692E0,1.262013626E1,-7.582736015E0,3.253720045E0
4.780473692E0,1.115249062E1,-8.004115105E0,-1.113303781E0
4.785473692E0,9.660902977E0,-8.324938774E0,-4.146757126E0
4.790473692E0,8.207622528E0,-8.538022995E0,-5.961861610E0
4.795473658E0,6.821380138E0,-8.638579369E0,-7.070376873E0
4.800473658E0,5.526116848E0,-8.643367767E0,-7.783848763E0
4.805473658E0,4.307168961E0,-8.595483780E0,-8.305785179E0
4.810473024E0,3.215412855E0,-8.547599792E0,-8.710405350E0
4.815473024E0,2.336740971E0,-8.561964989E0,-9.014469147E0
4.820473024E0,1.781286120E0,-8.736741066E0,-9.251494408E0
4.825472990E0,1.505952835E0,-9.040804863E0,-9.490914345E0
4.830472956E0,1.659181833E0,-9.605836868E0,-9.806949615E0
4.835472922E0,2.075772762E0,-1.024030018E1,-1.014932060E1
4.840472922E0,2.736572504E0,-1.106390572E1,-1.043422985E1
4.845472955E0,3.584120035E0,-1.194497108E1,-1.059464169E1
4.850472988E0,4.541800499E0,-1.284279728E1,-1.058985329E1
4.855473021E0,5.547664642E0,-1.375259399E1,-1.037437534E1
4.860473054E0,6.569988728E0,-1.478000546E1,-9.976937294E0
4.865473054E0,7.455843449E0,-1.574965763E1,-9.517251015E0
4.870473020E0,8.219594002E0,-1.669776154E1,-8.863634109E0
4.875472986E0,8.839692116E0,-1.755488586E1,-8.169315338E0
4.880472986E0,9.368810654E0,-1.871846771E1,-6.653785706E0
4.885472986E0,9.976937294E0,-2.039680290E1,-3.964797974E0
4.890473019E0,1.058745956E1,-2.246778679E1,-1.110909581E0
4.895473019E0,1.095616627E1,-2.448370552E1,6.009446383E-1
4.900473019E0,1.104475212E1,-2.630599213E1,1.204283476E0
4.905472985E0,1.090349388E1,-2.796756744E1,1.108515382E0
4.910472951E0,1.051802731E1,-2.955971146E1,6.224924326E-1
4.915472917E0,1.003918743E1,-3.088849449E1,1.819593310E-1
4.920472917E0,9.198822021E0,-3.191560555E1,-7.182605099E-3
4.925472950E0,8.075942039E0,-3.268653870E1,5.746084079E-2
4.930472983E0,6.751947880E0,-3.321326447E1,7.086837292E-1
4.935473016E0,5.377676487E0,-3.349817276E1,1.486799240E0
4.940473016E0,3.995922565E0,-3.358675766E1,2.161964178E0
4.945473016E0,2.703053713E0,-3.351014328E1,2.726995707E0
4.950472982E0,1.527500629E0,-3.321086884E1,3.215412855E0
4.955472982E0,4.596867263E-1,-3.266259766E1,3.734954596E0
4.960473648E0,-6.129156351E-1,-3.181505013E1,4.434061527E0
4.965473681E0,-1.611297727E0,-3.092201233E1,5.207687855E0
4.970473681E0,-2.674323320E0,-2.977279663E1,6.234800339E0
4.975473681E0,-3.660734415E0,-2.860203171E1,7.249941826E0
4.980473681E0,-4.580107689E0,-2.727085495E1,8.190863609E0
4.985473681E0,-5.303455830E0,-2.586306381E1,8.937853813E0
4.990473681E0,-5.782296181E0,-2.445258141E1,9.462183952E0
4.995473647E0,-6.021716595E0,-2.307591438E1,9.936236382E0
5.000473613E0,-6.081571579E0,-2.157235527E1,1.040549946E1
5.005473613E0,-6.076783180E0,-2.015259361E1,1.086997509E1
5.010473413E0,-5.961861610E0,-1.873283195E1,1.112854862E1
5.015473446E0,-5.794267178E0,-1.756925011E1,1.118361568E1
5.020473446E0,-5.492598057E0,-1.647509956E1,1.086997509E1
5.025473446E0,-5.138256073E0,-1.533785439E1,1.043901825E1
5.030473412E0,-4.702212334E0,-1.426495266E1,9.900322914E0
5.035473412E0,-4.230554581E0,-1.324262905E1,9.270648003E0
5.040473412E0,-3.763684988E0,-1.222030449E1,8.645761490E0
5.045473445E0,-3.287238836E0,-1.110460663E1,8.312967300E0
5.050473445E0,-2.779668093E0,-9.581894875E0,9.280224800E0
5.055473445E0,-2.284068346E0,-7.783848763E0,1.159302425E1
5.060473445E0,-1.881842494E0,-5.418377876E0,1.589330959E1
5.065473445E0,-1.711854219E0,-3.181894064E0,1.992275047E1
5.070473445E0,-1.980004787E0,-1.142034173E0,2.285564804E1
5.075473411E0,-2.533065319E0,4.668693244E-1,2.451961899E1
5.080473411E0,-3.136404276E0,1.496376038E0,2.489820099E1
5.085473411E0,-3.476380825E0,1.951274395E0,2.387797165E1
5.090473444E0,-3.263296843E0,1.829170108E0,2.138081932E1
5.095473444E0,-2.616862535E0,1.249773264E0,1.787331390E1
5.100473444E0,-1.903390408E0,3.830722570E-1,1.398483181E1
5.105473410E0,-1.333570361E0,-3.926490843E-1,1.064731407E1
5.110473376E0,-8.834604025E-1,-1.019929886E0,7.939472198E0
5.115473342E0,-5.434837937E-1,-1.539471745E0,5.827786446E0
5.120473342E0,-2.489969730E-1,-1.939303398E0,4.240131378E0
5.125473342E0,9.576806799E-3,-2.245761156E0,3.057395458E0
5.130473375E0,2.633621991E-1,-2.451662540E0,2.238578558E0
5.135473408E0,5.602431893E-1,-2.557007313E0,1.972822189E0
5.140473441E0,1.070208192E0,-2.616862535E0,2.755726099E0
5.145473441E0,1.865083098E0,-2.707842112E0,4.726154327E0
5.150473441E0,2.645592928E0,-2.959233284E0,6.775889874E0
5.155473407E0,3.198653460E0,-3.318363667E0,8.121431351E0
5.160473607E0,3.406949043E0,-3.871424198E0,8.439860344E0
5.165473607E0,3.371036053E0,-4.505887508E0,8.107066154E0
5.170473640E0,3.122039080E0,-5.147832870E0,7.355287075E0
5.175473640E0,2.750937700E0,-5.784690380E0,6.354510784E0
5.180473640E0,2.382230759E0,-6.395212173E0,5.238812447E0
5.185473606E0,2.104503393E0,-7.039252281E0,4.177882195E0
5.190473572E0,1.965639591E0,-7.757512569E0,3.263296843E0
5.195473538E0,1.905784607E0,-8.490138054E0,2.540247917E0
5.200473538E0,1.951274395E0,-9.392752647E0,2.114080191E0
5.205473571E0,2.059013367E0,-1.035282707E1,1.956062794E0
5.210472937E0,2.255337954E0,-1.161935997E1,2.375048161E0
5.215472970E0,2.449268341E0,-1.295771885E1,3.205836058E0
5.220472970E0,2.681505919E0,-1.457380486E1,4.757278919E0
5.225472970E0,3.035847664E0,-1.630511284E1,6.306626320E0
5.230472936E0,3.509899616E0,-1.811273384E1,7.623437405E0
5.235472902E0,4.144362926E0,-2.004964447E1,8.509291649E0
5.240472902E0,5.054459095E0,-2.227385712E1,8.403946877E0
5.245472935E0,6.036081791E0,-2.449836922E1,7.633014202E0
5.250472968E0,7.367258072E0,-2.707453156E1,6.088754177E0
5.255472968E0,8.815750122E0,-2.973688316E1,4.553771496E0
5.260472968E0,1.049169159E1,-3.287568283E1,2.947262287E0
5.265472901E0,1.160499477E1,-3.587831116E1,1.572990537E0
5.270472901E0,1.186356831E1,-3.841616440E1,4.213795066E-1
5.275472901E0,1.130811405E1,-4.031476593E1,-5.363011956E-1
5.280472867E0,9.830891609E0,-4.129159927E1,-8.571242094E-1
5.285472867E0,7.695263386E0,-4.139694595E1,-1.460463107E-1
5.290472867E0,5.068824291E0,-4.051348495E1,1.201889277E0
5.295472900E0,2.695871115E0,-3.920864487E1,2.319981337E0
5.300472900E0,1.221042871E0,-3.698203659E1,2.803610086E0
5.305472900E0,5.027823448E-1,-3.456867981E1,2.861071110E0
5.310472866E0,4.836287498E-1,-3.181026077E1,2.319981337E0
5.315472866E0,7.757213712E-1,-2.910960197E1,1.381454349E0
5.320472866E0,1.252167463E0,-2.649992180E1,1.843535304E-1
5.325472899E0,1.841141105E0,-2.399049950E1,-1.055842996E0
5.330472899E0,2.489969730E0,-2.162263489E1,-2.171540976E0
5.335472899E0,3.112462282E0,-1.943433380E1,-3.071760893E0
5.340472899E0,3.677493811E0,-1.740405083E1,-3.646369219E0
5.345472899E0,4.144362926E0,-1.567064857E1,-3.960009575E0
5.350472899E0,4.481945515E0,-1.412369537E1,-3.957615376E0
5.355472865E0,4.683058739E0,-1.277815342E1,-3.909731388E0
5.360473498E0,4.635174274E0,-1.150204468E1,-4.034229755E0
5.365473498E0,4.443638325E0,-1.038634586E1,-4.230554581E0
5.370473531E0,4.185064793E0,-9.407117844E0,-4.443638325E0
5.375473564E0,3.924096584E0,-8.506897926E0,-4.649539471E0
5.380473564E0,3.610456228E0,-7.654561996E0,-4.821922302E0
5.385473564E0,3.277662039E0,-6.852504730E0,-4.946720123E0
5.390473530E0,2.865859509E0,-6.040870190E0,-5.030517101E0
5.395473496E0,2.444479942E0,-5.279513836E0,-5.047276497E0
5.400473462E0,1.910573006E0,-4.455609322E0,-5.008969307E0
5.405473462E0,1.400607944E0,-3.646369219E0,-4.985027313E0
5.410473028E0,8.954314590E-1,-2.837129116E0,-4.982633114E0
5.415473128E0,4.453215301E-1,-2.025494576E0,-5.004180908E0
5.420473161E0,2.394201607E-2,-1.180341482E0,-5.025728703E0
5.425472494E0,-3.088520169E-1,-4.357447028E-1,-5.004180908E0
5.430472494E0,-5.746083856E-1,1.388636976E-1,-4.841075897E0
5.435471560E0,-8.236053586E-1,5.770025849E-1,-4.639962673E0
5.440470893E0,-1.139639974E0,8.068459630E-1,-4.467580318E0
5.445469993E0,-1.453280449E0,8.930372596E-1,-4.395754337E0
5.450470026E0,-1.709460020E0,8.283938169E-1,-4.553771496E0
5.455469359E0,-1.905784607E0,7.469909191E-1,-4.807557106E0
5.460468459E0,-1.996764183E0,6.655880809E-1,-5.138256073E0
5.465467525E0,-1.999158382E0,6.416460276E-1,-5.365705490E0
5.470466591E0,-1.970427990E0,6.823474765E-1,-5.485415459E0
5.475465657E0,-1.924938202E0,7.876923680E-1,-5.542876244E0
5.480464757E0,-1.956062794E0,9.888052940E-1,-5.593154430E0
5.485464757E0,-2.011129379E0,1.326387763E0,-5.684134007E0
5.490464390E0,-2.063801765E0,1.867477298E0,-5.818209171E0
5.495464423E0,-2.097320795E0,2.461239338E0,-5.969044209E0
5.500464456E0,-2.099714994E0,3.165134668E0,-6.074388981E0
5.505464456E0,-2.104503393E0,3.847482204E0,-6.038475990E0
5.510463556E0,-2.111685991E0,4.398148537E0,-5.808632374E0
5.515463222E0,-2.109291792E0,4.690241337E0,-5.442319870E0
5.520463222E0,-2.066195965E0,4.616020679E0,-4.934749126E0
5.525463222E0,-1.984793186E0,4.355052948E0,-4.417302132E0
5.530463255E0,-1.814804912E0,3.825934410E0,-3.852270603E0
5.535463255E0,-1.632845521E0,3.275267839E0,-3.335123062E0
5.540463255E0,-1.422155857E0,2.659958124E0,-2.904166698E0
5.545463255E0,-1.168370485E0,2.035071373E0,-2.600103140E0
5.550463255E0,-9.864110947E-1,9.457096457E-1,-2.171540976E0
5.555463255E0,-1.024718285E0,2.753331959E-1,-1.783680320E0
5.560463688E0,-1.036689281E0,7.182605099E-3,-1.489193439E0
5.565463688E0,-1.017535686E0,-1.292868853E-1,-1.244984865E0
5.570463688E0,-9.433154464E-1,-1.915361285E-1,-1.029506683E0
5.575464388E0,-8.331822157E-1,-2.346317619E-1,-8.643068075E-1
5.580464388E0,-7.398083210E-1,-2.657563984E-1,-7.206547260E-1
5.585465288E0,-6.464344859E-1,-3.208230138E-1,-5.865794420E-1
5.590465921E0,-5.602431893E-1,-4.501099288E-1,-4.381389022E-1
5.595466821E0,-5.147533417E-1,-5.889736414E-1,-2.944868207E-1
5.600466821E0,-4.788403511E-1,-7.182605267E-1,-2.705447972E-1
5.605467521E0,-4.213795066E-1,-8.116343617E-1,-3.663128614E-1
5.610467787E0,-3.543418646E-1,-9.433154464E-1,-6.296750307E-1
5.615468687E0,-2.513911724E-1,-1.113303781E0,-9.696516991E-1
5.620469587E0,-4.309562966E-2,-1.410184860E0,-1.532289028E0
5.625470487E0,2.394201756E-1,-1.764526606E0,-2.205059767E0
5.630471387E0,7.781155705E-1,-2.348711967E0,-3.136404276E0
5.635471387E0,1.438915253E0,-3.059789658E0,-4.082113743E0
5.640471753E0,2.432508945E0,-4.106055737E0,-5.011363506E0
5.645471753E0,3.457227230E0,-5.408801079E0,-5.815814972E0
5.650471753E0,4.515464306E0,-7.194875240E0,-6.706458092E0
5.655471719E0,5.866093636E0,-9.732728958E0,-7.841310024E0
5.660472619E0,7.604283810E0,-1.338388634E1,-9.277831078E0
5.665472919E0,9.783007622E0,-1.804090881E1,-1.078138924E1
5.670472885E0,1.262492466E1,-2.366488838E1,-1.205749893E1
5.675472885E0,1.566107178E1,-2.912636185E1,-1.294814205E1
5.680472885E0,1.897943497E1,-3.451121902E1,-1.305109310E1
5.685472918E0,2.182135201E1,-3.912724304E1,-1.265365505E1
5.690472918E0,2.369840622E1,-4.285980225E1,-1.147331429E1
5.695472918E0,2.447891617E1,-4.570201874E1,-1.005594635E1
5.700472918E0,2.424188995E1,-4.762935257E1,-8.518868446E0
5.705472918E0,2.316449928E1,-4.854393768E1,-6.953061104E0
5.710472918E0,2.143349266E1,-4.843380356E1,-5.540482044E0
5.715472884E0,1.946306419E1,-4.742584229E1,-4.386177540E0
5.720472884E0,1.737053108E1,-4.532373428E1,-3.847482204E0
5.725471984E0,1.458577633E1,-4.295557022E1,-2.164358377E0
5.730471150E0,1.234001446E1,-4.076487350E1,-3.016694188E-1
5.735470316E0,1.046535492E1,-3.901232147E1,1.884236693E0
5.740469516E0,8.782231331E0,-3.733877182E1,3.632004023E0
5.745469482E0,7.077559471E0,-3.475782394E1,9.636960983E0
5.750469448E0,5.834969044E0,-2.841767693E1,2.307352066E1
5.755469448E0,5.313032627E0,-2.423710251E1,3.408235931E1
5.760470114E0,4.709394932E0,-2.191472626E1,3.897640610E1
5.765470147E0,4.254496574E0,-2.051890755E1,3.832757950E1
5.770470147E0,4.007893562E0,-1.965460014E1,3.483683014E1
5.775470147E0,3.804386616E0,-1.909675217E1,3.073765945E1
5.780470147E0,3.600879431E0,-1.893634033E1,2.502509308E1
5.785470147E0,3.371036053E0,-1.886451340E1,1.910632896E1
5.790470147E0,3.014299870E0,-1.859157562E1,1.392497635E1
5.795470113E0,2.669534922E0,-1.800978279E1,9.993697166E0
5.800470113E0,2.355894566E0,-1.709998703E1,7.103895664E0
5.805470179E0,2.082955360E0,-1.565149498E1,5.257966042E0
5.810469312E0,1.862688899E0,-1.439423943E1,3.825934410E0
5.815469312E0,1.666364431E0,-1.300320911E1,2.813186884E0
5.820469312E0,1.319205165E0,-1.102320385E1,2.461239338E0
5.825469278E0,2.513911724E-1,-8.482955933E0,5.358522892E0
5.830469244E0,-1.910573006E0,-4.687847137E0,1.638412094E1
5.835469210E0,-3.315969467E0,-1.096544385E0,2.833627510E1
5.840469210E0,-2.090138197E0,7.038952708E-1,3.525581741E1
5.845469243E0,-1.386242747E0,7.422025502E-2,2.970575905E1
5.850469276E0,-1.010353088E0,-6.823474765E-1,2.345898628E1
5.855469309E0,-8.427590132E-1,-1.357512355E0,1.730349350E1
5.860469342E0,-6.919242740E-1,-1.927332401E0,1.193060589E1
5.865469342E0,-5.027823448E-1,-2.387019157E0,7.546823025E0
5.870469308E0,-1.484405100E-1,-2.738966703E0,4.161122322E0
5.875469308E0,2.370259613E-1,-2.999934673E0,1.460463047E0
5.880470174E0,6.368576288E-1,-3.145981073E0,-6.751648784E-1
5.885471040E0,9.816226959E-1,-3.196259260E0,-2.279279947E0
5.890471873E0,1.264138460E0,-3.153163671E0,-3.430891037E0
5.895471873E0,1.474828243E0,-3.019088268E0,-4.225766182E0
5.900471873E0,1.616086125E0,-2.825158119E0,-4.711789131E0
5.905471839E0,1.687912226E0,-2.643198729E0,-4.922778130E0
5.910471805E0,1.740584612E0,-2.501940727E0,-4.865017891E0
5.915471771E0,1.802833915E0,-2.396595955E0,-4.707000732E0
5.920471771E0,1.908178806E0,-2.358288765E0,-4.434061527E0
5.925471804E0,2.032677174E0,-2.367865562E0,-4.151545525E0
5.930471837E0,2.205059767E0,-2.468421936E0,-3.864241600E0
5.935471870E0,2.463633537E0,-2.647987127E0,-3.610456228E0
5.940471870E0,3.007117271E0,-3.217807055E0,-4.812345505E-1
5.945471870E0,3.622427225E0,-4.776432514E0,5.195716858E0
5.950471836E0,4.601655483E0,-6.541258335E0,8.626607895E0
5.955471836E0,5.854122639E0,-8.265083313E0,9.768642426E0
5.960472736E0,7.513304234E0,-1.027860737E1,9.450213432E0
5.965472769E0,9.395146370E0,-1.251957989E1,9.024045944E0
5.970472769E0,1.196891403E1,-1.621892166E1,1.156189919E1
5.975472769E0,1.465041924E1,-2.083015251E1,1.546474743E1
5.980472769E0,1.885733032E1,-2.692130089E1,1.713829422E1
5.985472769E0,2.353799629E1,-3.319889832E1,1.673606873E1
5.990472769E0,2.775927162E1,-3.886627197E1,1.498351288E1
5.995472735E0,3.022290611E1,-4.279515839E1,1.269435692E1
6.000472701E0,3.004094696E1,-4.393001175E1,9.991303444E0
6.005472701E0,2.870498276E1,-4.346314240E1,7.257124424E0
6.010472034E0,2.635866356E1,-4.107372665E1,4.273650169E0
6.015472067E0,2.405274963E1,-3.823899078E1,1.486799240E0
6.020471167E0,2.156277847E1,-3.493259811E1,-1.199495077E0
6.025472033E0,1.914463615E1,-3.178392601E1,-3.581725836E0
6.030471999E0,1.678634644E1,-2.905693054E1,-5.485415459E0
6.035471999E0,1.457859325E1,-2.659329605E1,-6.830956936E0
6.040471999E0,1.242860031E1,-2.444539833E1,-7.841310024E0
6.045472032E0,1.051802731E1,-2.271917915E1,-8.789413452E0
6.050472032E0,8.801384926E0,-2.128265762E1,-9.732728958E0
6.055472032E0,7.386411667E0,-2.004964447E1,-1.047493172E1
6.060472032E0,6.244377136E0,-1.892676353E1,-1.093940639E1
6.065472032E0,5.377676487E0,-1.789725685E1,-1.115967369E1
6.070472032E0,4.774038315E0,-1.693239212E1,-1.110460663E1
6.075471998E0,4.328716755E0,-1.608484650E1,-1.091546440E1
6.080471998E0,3.976768970E0,-1.527321148E1,-1.059703636E1
6.085471998E0,3.665522814E0,-1.452352715E1,-1.019480991E1
6.090472031E0,3.342305660E0,-1.380766010E1,-9.715970039E0
6.095472031E0,2.954444885E0,-1.313728428E1,-9.194033623E0
6.100472031E0,2.456450939E0,-1.242381191E1,-8.566753387E0
6.105471997E0,1.975216389E0,-1.170076275E1,-7.922712803E0
6.110471963E0,1.426944256E0,-1.083885002E1,-7.211634636E0
6.115471929E0,8.571242094E-1,-9.996091843E0,-6.541258335E0
6.120471929E0,2.346317619E-1,-9.047987938E0,-5.832574844E0
6.125471929E0,-4.118026793E-1,-8.145373344E0,-5.183745861E0
6.130471962E0,-1.031900883E0,-7.305008888E0,-4.584896088E0
6.135471995E0,-1.599326730E0,-6.546046734E0,-4.086902142E0
6.140472028E0,-2.080561161E0,-5.870882034E0,-3.701435804E0
6.145472028E0,-2.463633537E0,-5.298667431E0,-3.418920040E0
6.150472028E0,-2.712630510E0,-4.821922302E0,-3.177105665E0
6.155471994E0,-2.865859509E0,-4.424484730E0,-2.949656487E0
6.160472660E0,-3.007117271E0,-4.115632534E0,-2.657563925E0
6.165472660E0,-3.248931646E0,-3.871424198E0,-2.346317768E0
6.170473593E0,-3.632004023E0,-3.612850428E0,-2.035071373E0
6.175473593E0,-4.079719543E0,-3.330334663E0,-1.850717902E0
6.180473593E0,-4.608838081E0,-3.059789658E0,-1.869871497E0
6.185473559E0,-5.090372086E0,-2.813186884E0,-1.984793186E0
6.190473525E0,-5.492598057E0,-2.600103140E0,-2.185906172E0
6.195473491E0,-5.799055576E0,-2.403778553E0,-2.432508945E0
6.200473491E0,-5.961861610E0,-2.202665567E0,-2.662352324E0
6.205473524E0,-6.074388981E0,-2.008735180E0,-2.861071110E0
6.210472890E0,-6.165368557E0,-1.783680320E0,-2.990357876E0
6.215472923E0,-6.225223541E0,-1.553836942E0,-3.059789658E0
6.220472923E0,-6.210858345E0,-1.278503656E0,-3.047818661E0
6.225472923E0,-6.074388981E0,-9.696516991E-1,-2.973598480E0
6.230472889E0,-5.763142586E0,-6.200982332E-1,-2.834734917E0
6.235472855E0,-5.384859085E0,-2.801215947E-1,-2.679111719E0
6.240472855E0,-4.980238914E0,0.000000000E0,-2.640804529E0
6.245472888E0,-4.963479519E0,3.088520169E-1,-3.962403774E0
6.250472921E0,-4.876988888E0,8.834604025E-1,-5.214870453E0
6.255472921E0,-4.635174274E0,1.187524080E0,-5.672163010E0
6.260472921E0,-4.137180328E0,9.840168953E-1,-5.327397823E0
6.265472921E0,-3.450044632E0,5.913678408E-1,-3.689464808E0
6.270472921E0,-2.676717520E0,-4.788403511E-1,-7.924807668E-1
6.275472921E0,-2.303221941E0,-2.377442360E0,1.012747288E0
6.280472887E0,-2.274491549E0,-4.096478939E0,1.867477298E0
6.285472887E0,-2.391807556E0,-5.150227070E0,2.523488522E0
6.290472887E0,-2.458845139E0,-5.511751652E0,3.272873640E0
6.295472920E0,-2.468421936E0,-5.427954674E0,4.019864559E0
6.300472920E0,-2.343923569E0,-4.762067318E0,4.687847137E0
6.305472920E0,-2.202665567E0,-3.969586372E0,5.128679276E0
6.310472886E0,-2.090138197E0,-3.064578056E0,5.313032627E0
6.315472886E0,-2.018311977E0,-2.226607561E0,5.236418247E0
6.320472886E0,-1.912967205E0,-1.525106430E0,4.975450516E0
6.325472919E0,-1.762132406E0,-9.959878922E-1,4.565742493E0
6.330472919E0,-1.580173135E0,-6.248866320E-1,4.050989151E0
6.335472919E0,-1.414973259E0,-3.758896589E-1,3.483563423E0
6.340472919E0,-1.261744261E0,-2.298433632E-1,2.892195702E0
6.345472919E0,-1.125274777E0,-1.436520964E-1,2.339135170E0
6.350472919E0,-9.983820915E-1,-1.508347094E-1,1.798045516E0
6.355472885E0,-8.762778044E-1,-2.274491638E-1,1.312022567E0
6.360473518E0,-7.038952708E-1,-4.716577232E-1,7.829039693E-1
6.365473518E0,-4.501099288E-1,-8.978256583E-1,2.178723514E-1
6.370473551E0,-9.097966552E-2,-1.565807939E0,-3.256114423E-1
6.375473584E0,4.118026793E-1,-2.501940727E0,-8.427590132E-1
6.380473584E0,1.084573388E0,-3.790021181E0,-1.400607944E0
6.385473584E0,1.958456993E0,-5.554847240E0,-2.047042370E0
6.390473550E0,3.488351822E0,-8.269871712E0,-3.019088268E0
6.395473516E0,5.538087845E0,-1.161457157E1,-4.436455727E0
6.400473482E0,8.784625053E0,-1.668818474E1,-6.459855556E0
6.405473482E0,1.321629238E1,-2.242947960E1,-8.645761490E0
6.410472882E0,1.815104103E1,-2.923170662E1,-1.037676907E1
6.415472915E0,2.252764320E1,-3.568677521E1,-1.158823586E1
6.420472948E0,2.574814224E1,-4.133948517E1,-1.213411331E1
6.425472281E0,2.749830437E1,-4.599171829E1,-1.213890171E1
6.430471614E0,2.759886169E1,-4.980328751E1,-1.165048504E1
6.435470914E0,2.623656082E1,-5.249915695E1,-1.078138924E1
6.440470247E0,2.370319557E1,-5.370822906E1,-9.579500198E0
6.445469347E0,2.103844833E1,-5.407723618E1,-8.348880768E0
6.450469380E0,1.817259026E1,-5.340895462E1,-7.029675484E0
6.455468913E0,1.559642887E1,-5.225016022E1,-5.758354187E0
6.460468013E0,1.326178265E1,-5.024382019E1,-4.441244125E0
6.465467313E0,1.129614258E1,-4.780173492E1,-3.256114244E0
6.470466379E0,9.665691376E0,-4.506037140E1,-2.243366957E0
6.475465445E0,8.336909294E0,-4.211281204E1,-1.403002143E0
6.480464545E0,7.175721645E0,-3.900513840E1,-2.106897533E-1
6.485463878E0,4.668693542E0,-3.266259766E1,1.367597961E1
6.490463911E0,5.789478779E0,-2.779039764E1,2.450046539E1
6.495430877E0,8.296208382E0,-2.400007629E1,3.369210434E1
6.500397577E0,1.086758041E1,-2.088521957E1,4.253658295E1
6.505364243E0,1.191384697E1,-1.931941223E1,4.743542099E1
6.510330243E0,1.215087318E1,-1.779669952E1,4.384142303E1
6.515296876E0,1.144697762E1,-1.628356361E1,3.644573593E1
6.520263542E0,1.007749462E1,-1.518702030E1,2.859006119E1
6.525230175E0,8.700828552E0,-1.433917332E1,2.210865784E1
6.530195975E0,7.293037415E0,-1.353232765E1,1.704013252E1
6.535161975E0,6.057629585E0,-1.269914532E1,1.320192719E1
6.540128641E0,5.126285076E0,-1.145655441E1,1.150443840E1
6.545095774E0,6.852504730E0,-8.183680534E0,2.292029190E1
6.550062440E0,8.480561256E0,-5.047276497E0,3.105608749E1
6.555029106E0,8.789413452E0,-3.028665066E0,3.144155502E1
6.559996372E0,8.267477989E0,-1.999158382E0,2.762280273E1
6.564963038E0,7.613860607E0,-1.527500629E0,2.281734085E1
6.569929704E0,7.048829079E0,-1.486799240E0,1.787331390E1
6.574897070E0,6.610690117E0,-1.654393315E0,1.342219353E1
6.579864403E0,6.392817974E0,-2.023100376E0,9.476549149E0
6.584831736E0,6.309020519E0,-2.389413357E0,6.117484570E0
6.589799036E0,6.340145588E0,-2.731784105E0,3.318363667E0
6.594766569E0,6.397606373E0,-3.009511471E0,1.046266198E0
6.599733235E0,6.435913563E0,-3.189076662E0,-7.302315235E-1
6.604700401E0,6.395212173E0,-3.251325846E0,-2.047042370E0
6.609667334E0,6.282684326E0,-3.184288263E0,-2.942473888E0
6.614634000E0,6.107907772E0,-3.009511471E0,-3.466804028E0
6.619601566E0,5.890035629E0,-2.755726099E0,-3.622427225E0
6.624569132E0,5.664980412E0,-2.485181332E0,-3.557783842E0
6.629536698E0,5.372888088E0,-1.793257117E0,-1.489193439E0
6.634504031E0,5.066430092E0,-1.134851575E0,1.742978811E0
6.639470664E0,4.740519524E0,-1.199495077E0,4.453215122E0
6.644470397E0,4.467580318E0,-1.673547029E0,5.360917091E0
6.649470397E0,4.252102375E0,-2.171540976E0,4.908412933E0
6.654470430E0,4.048594952E0,-2.547430515E0,3.778050184E0
6.659471096E0,3.940855980E0,-2.882618904E0,2.542642117E0
6.664471096E0,3.933673382E0,-3.256114244E0,1.584961534E0
6.669471062E0,4.161122322E0,-3.904942989E0,1.386242747E0
6.674471095E0,4.582501888E0,-4.845864296E0,2.023100376E0
6.679471995E0,5.454290867E0,-6.660968304E0,4.120420933E0
6.684472695E0,6.651391506E0,-9.352050781E0,7.398382664E0
6.689472695E0,8.032846451E0,-1.299602604E1,1.101123333E1
6.694472228E0,9.931447983E0,-1.750221252E1,1.408538818E1
6.699472228E0,1.269435692E1,-2.270960236E1,1.576162815E1
6.704472228E0,1.613033485E1,-2.830515099E1,1.610400009E1
6.709472228E0,1.978867531E1,-3.420925140E1,1.538094997E1
6.714472194E0,2.291310883E1,-3.950073624E1,1.448043156E1
6.719472160E0,2.499875832E1,-4.407844925E1,1.306545830E1
6.724472160E0,2.610487938E1,-4.748330307E1,1.133444977E1
6.729472193E0,2.576011467E1,-4.886475754E1,9.057564735E0
6.734472226E0,2.456540680E1,-4.866843414E1,6.768707275E0
6.739472226E0,2.294662857E1,-4.626944351E1,4.520252705E0
6.744472226E0,2.134011841E1,-4.295317459E1,2.272097349E0
6.749472192E0,1.976473427E1,-3.956298447E1,4.788403399E-3
6.754472158E0,1.837609673E1,-3.623025894E1,-2.035071373E0
6.759472791E0,1.704252625E1,-3.314143753E1,-3.936067581E0
6.764473457E0,1.573529243E1,-3.057246017E1,-5.763142586E0
6.769473490E0,1.437269211E1,-2.825247765E1,-7.187692642E0
6.774473523E0,1.308700562E1,-2.623656082E1,-8.257901192E0
6.779473556E0,1.189948177E1,-2.437596512E1,-9.007286072E0
6.784473556E0,1.083406162E1,-2.270481300E1,-9.510068893E0
6.789290111E0,9.854833603E0,-2.111506271E1,-9.826103210E0
6.794290077E0,8.957007408E0,-1.958277512E1,-9.941024780E0
6.799290077E0,8.131008148E0,-1.815104103E1,-9.897929192E0
6.804290077E0,7.376834869E0,-1.679352951E1,-9.682451248E0
6.809289443E0,6.723217487E0,-1.542883396E1,-9.249100685E0
6.814289443E0,6.117484570E0,-1.419312668E1,-8.727164268E0
6.819289443E0,5.382464886E0,-1.302954483E1,-8.212410927E0
6.824289409E0,4.651933670E0,-1.198806763E1,-7.743147373E0
6.829289375E0,3.933673382E0,-1.102320385E1,-7.206846237E0
6.834289341E0,3.224989653E0,-1.019959831E1,-6.668150902E0
6.839289341E0,2.540247917E0,-9.514857292E0,-6.139032364E0
6.844289341E0,1.877054095E0,-8.925883293E0,-5.650615215E0
6.849289374E0,1.228225470E0,-8.425495148E0,-5.198111057E0
6.854289407E0,6.488286853E-1,-8.047211647E0,-4.819528103E0
6.859289440E0,6.224924326E-2,-7.747935772E0,-4.575319290E0
6.864289440E0,-4.812345505E-1,-7.494150639E0,-4.458003521E0
6.869289440E0,-9.696516991E-1,-7.290643215E0,-4.450820923E0
6.874289406E0,-1.235408068E0,-7.135020256E0,-4.429273129E0
6.879289406E0,-1.398213744E0,-7.192481041E0,-4.398148537E0
6.884289406E0,-1.539471745E0,-7.388805866E0,-4.302380562E0
6.889289439E0,-1.865083098E0,-7.594707012E0,-4.434061527E0
6.894288572E0,-2.533065319E0,-7.812579632E0,-5.042488098E0
6.899288572E0,-3.366247654E0,-7.984961987E0,-5.973832607E0
6.904288572E0,-4.101267338E0,-8.138191223E0,-6.981791496E0
6.909288572E0,-4.809951305E0,-8.303390503E0,-8.284236908E0
6.914288572E0,-5.437531471E0,-8.456619263E0,-9.464578629E0
6.919288538E0,-6.071994781E0,-8.538022995E0,-1.040549946E1
6.924288538E0,-6.665756702E0,-8.454225540E0,-1.090588760E1
6.929288538E0,-7.125443459E0,-8.157344818E0,-1.093461800E1
6.934288571E0,-7.381623268E0,-7.625831604E0,-1.058745956E1
6.939288571E0,-7.305008888E0,-6.795043468E0,-9.835680008E0
6.944288571E0,-7.058405876E0,-5.846940041E0,-9.009679794E0
6.949288537E0,-6.761524677E0,-4.388571739E0,-8.420706749E0
6.954288503E0,-6.538864136E0,-2.655169725E0,-8.394370079E0
6.959289136E0,-6.562806129E0,-3.734954596E-1,-8.964190483E0
6.964289136E0,-6.730400085E0,1.695094824E0,-9.335291862E0
6.969289136E0,-6.821380138E0,3.177105665E0,-9.160514832E0
6.974289169E0,-6.656179905E0,3.881000996E0,-8.621819496E0
6.979289202E0,-6.186916351E0,3.885789394E0,-7.786243439E0
6.984289235E0,-5.461473465E0,3.406949043E0,-6.771101475E0
6.989289235E0,-4.486733913E0,2.394201756E0,-5.617096424E0
6.994289235E0,-3.754108191E0,8.188169599E-1,-4.505887508E0
6.999289201E0,-3.552995205E0,-1.915361404E0,-2.590526342E0
7.004289201E0,-3.347094059E0,-4.513070107E0,-1.386242747E0
7.009288534E0,-2.825158119E0,-6.179733753E0,-2.849099934E-1
7.014288567E0,-2.288856745E0,-7.127837658E0,8.020575643E-1
7.019288567E0,-1.819593310E0,-7.340921879E0,1.860294700E0
7.024288567E0,-1.467645645E0,-7.017704487E0,2.741360903E0
7.029288533E0,-1.276109457E0,-6.297049522E0,3.469198227E0
7.034288499E0,-1.211466074E0,-5.392041683E0,4.158728123E0
7.039288465E0,-1.316810966E0,-4.438849926E0,4.654327869E0
7.044289331E0,-1.443703651E0,-3.495534420E0,4.913201332E0
7.049289364E0,-1.611297727E0,-2.585737944E0,4.857835293E0
7.054289397E0,-1.757344007E0,-1.833958507E0,4.651933670E0
7.059289430E0,-1.874659896E0,-1.185129881E0,4.316745758E0
7.064289430E0,-1.968033791E0,-6.392518282E-1,3.957615376E0
7.069289430E0,-2.085349798E0,-2.394201756E-1,3.629609823E0
7.074289396E0,-2.221819162E0,-2.633621916E-2,3.378218651E0
7.079289362E0,-2.363077164E0,-2.394201700E-3,3.155557871E0
7.084289328E0,-2.523488522E0,-1.699883193E-1,2.964021683E0
7.089289328E0,-2.789244890E0,-6.823474765E-1,2.806004286E0
7.094289328E0,-3.086126089E0,-1.407790542E0,2.662352324E0
7.099288994E0,-3.428496838E0,-2.681505919E0,2.525882721E0
7.104289027E0,-3.770867586E0,-4.218583584E0,2.389413357E0
7.109289060E0,-4.041412354E0,-6.603507519E0,2.025494576E0
7.114289060E0,-4.161122322E0,-9.375992775E0,1.400607944E0
7.119289060E0,-3.615244627E0,-1.357063484E1,-5.506663769E-2
7.124289026E0,-2.133233786E0,-1.880226517E1,-2.126051188E0
7.129289026E0,4.118026793E-1,-2.476173210E1,-4.343081951E0
7.134289026E0,4.314351559E0,-3.129790306E1,-6.438307762E0
7.139289059E0,1.016129112E1,-3.849756622E1,-8.195652008E0
7.144289059E0,1.592922211E1,-4.488559723E1,-9.486125946E0
7.149289059E0,2.119167709E1,-5.036592484E1,-1.041986465E1
7.154289025E0,2.527887917E1,-5.493196487E1,-1.120755768E1
7.159289658E0,2.728282547E1,-5.814258957E1,-1.160020638E1
7.164289624E0,2.708650208E1,-5.949291992E1,-1.140867043E1
7.169289624E0,2.538901329E1,-5.939236450E1,-1.069998646E1
7.174289657E0,2.284607124E1,-5.829821396E1,-9.684844971E0
7.179289690E0,1.991556740E1,-5.653847504E1,-8.487744331E0
7.184289723E0,1.689408493E1,-5.433102036E1,-7.221211433E0
7.189289723E0,1.385315037E1,-5.163006210E1,-5.916371822E0
7.194289723E0,1.115488529E1,-4.894616318E1,-4.728548527E0
7.199289689E0,8.739135742E0,-4.600368881E1,-3.548206806E0
7.204289689E0,6.761524677E0,-4.314471054E1,-2.528276920E0
7.209289022E0,5.775113583E0,-3.792295837E1,4.661510944E0
7.214289055E0,8.394370079E0,-2.894919014E1,1.866819000E1
7.219289088E0,1.217960358E1,-2.178304482E1,3.057246017E1
7.224289088E0,1.351317406E1,-1.787810326E1,3.974015808E1
7.229289088E0,1.313010120E1,-1.664269447E1,3.955101395E1
7.234289088E0,1.212214279E1,-1.630750656E1,3.500203323E1
7.239289088E0,1.055633450E1,-1.591485691E1,2.746239090E1
7.244289088E0,9.129390717E0,-1.474409294E1,2.027469826E1
7.249289421E0,7.702445984E0,-1.311094761E1,1.410454178E1
7.254289421E0,6.450278759E0,-1.174864674E1,9.502885818E0
7.259289421E0,5.368099689E0,-1.070477486E1,6.572382927E0
7.264289454E0,4.443638325E0,-9.751882553E0,4.695029736E0
7.269289454E0,3.598485231E0,-8.684068680E0,3.785232782E0
7.274289454E0,1.766920805E0,-6.189310551E0,1.014692593E1
7.279289420E0,3.519476354E-1,-2.880224705E0,2.150531769E1
7.284289420E0,3.447650373E-1,-5.410895944E-1,2.784067535E1
7.289289420E0,9.696516991E-1,4.429273009E-1,2.772575378E1
7.294289453E0,1.496376038E0,8.068459630E-1,2.551111603E1
7.299289453E0,1.798045516E0,4.836287498E-1,2.137603188E1
7.304289453E0,1.975216389E0,-2.154781483E-2,1.719814873E1
7.309289453E0,2.154781580E0,-5.147533417E-1,1.356584644E1
7.314289453E0,2.365471363E0,-9.361328483E-1,1.048450851E1
7.319289453E0,2.638410330E0,-1.266532660E0,7.937077999E0
7.324289419E0,2.952050686E0,-1.517923832E0,5.897218227E0
7.329289419E0,3.282450438E0,-1.695094824E0,4.290409565E0
7.334289419E0,3.615244627E0,-1.805228114E0,3.129221678E0
7.339289452E0,4.175487995E0,-1.795651317E0,3.095702887E0
7.344289485E0,4.893748283E0,-1.728613615E0,4.017470360E0
7.349289485E0,5.660192013E0,-1.651999116E0,5.435137272E0
7.354289451E0,6.012139797E0,-1.687912226E0,5.746383190E0
7.359290084E0,6.110301971E0,-1.898601890E0,5.071218491E0
7.364290050E0,6.103119373E0,-2.236184359E0,4.022258759E0
7.369290016E0,6.024110794E0,-2.679111719E0,2.935291290E0
7.374290016E0,5.882853031E0,-3.208230257E0,2.008735180E0
7.379290049E0,5.746383190E0,-3.902548790E0,1.369483352E0
7.384290082E0,5.679345608E0,-4.695029736E0,9.768342972E-1
7.389290115E0,5.844545841E0,-5.954679012E0,1.173158884E0
7.394290115E0,6.153397560E0,-7.439084053E0,1.726219416E0
7.399290115E0,6.778284073E0,-9.603442192E0,2.688688517E0
7.404290081E0,7.709628582E0,-1.218199730E1,3.574543238E0
7.409289181E0,9.019257545E0,-1.514392471E1,4.252102375E0
7.414289181E0,1.070956326E1,-1.855566216E1,4.692635536E0
7.419289214E0,1.285955620E1,-2.245342255E1,5.487809658E0
7.424288547E0,1.515110683E1,-2.735943985E1,1.012059021E1
7.429287647E0,1.721969795E1,-3.397940826E1,1.808639908E1
7.434286947E0,2.029145813E1,-3.986226273E1,2.099295998E1
7.439286247E0,2.338237190E1,-4.424873734E1,1.904168510E1
7.444286213E0,2.541774368E1,-4.675307465E1,1.551502514E1
7.449286113E0,2.587264061E1,-4.653280640E1,1.074068832E1
7.454285779E0,2.499636269E1,-4.464857101E1,6.215646744E0
7.459284912E0,2.325069046E1,-4.183987045E1,2.343923569E0
7.464284045E0,2.096422958E1,-3.872022629E1,-6.248866320E-1
7.469283178E0,1.853411484E1,-3.567480087E1,-2.710236311E0
7.474282278E0,1.617821884E1,-3.296665955E1,-4.108449936E0
7.479281344E0,1.394891834E1,-3.058443069E1,-5.004180908E0
7.484280644E0,1.202158642E1,-2.858287811E1,-5.684134007E0
7.489279977E0,1.034325027E1,-2.683032227E1,-6.182127953E0
7.494281310E0,9.004891396E0,-2.529803276E1,-6.651391506E0
7.499281343E0,7.953837395E0,-2.378220367E1,-7.211634636E0
7.504281343E0,7.106289864E0,-2.235765457E1,-7.745541573E0
7.509280943E0,6.383241177E0,-2.092113304E1,-8.162133217E0
7.514280943E0,5.770325184E0,-1.963544655E1,-8.403946877E0
7.519280943E0,5.128679276E0,-1.843595123E1,-8.368034363E0
7.524280609E0,4.479551315E0,-1.735616684E1,-8.181286812E0
7.529279675E0,3.651157618E0,-1.633623695E1,-7.680898190E0
7.534279675E0,2.825158119E0,-1.538813305E1,-7.108684063E0
7.539279675E0,1.920149803E0,-1.437987423E1,-6.409577370E0
7.544279708E0,1.051054597E0,-1.330248356E1,-5.712864399E0
7.549279708E0,2.729389966E-1,-1.212693119E1,-5.076006889E0
7.554279708E0,-3.232172430E-1,-1.086997509E1,-4.508281708E0
7.559280574E0,-7.613561153E-1,-9.608230591E0,-3.998316765E0
7.564280574E0,-1.053448796E0,-8.382399559E0,-3.548206806E0
7.569280574E0,-1.235408068E0,-7.187692642E0,-3.155557871E0
7.574281274E0,-1.352723956E0,-6.129455566E0,-2.832340717E0
7.579282174E0,-1.410184860E0,-5.138256073E0,-2.590526342E0
7.584282840E0,-1.434126854E0,-4.271255970E0,-2.425326347E0
7.589283506E0,-1.426944256E0,-3.478775024E0,-2.370259762E0
7.594283506E0,-1.400607944E0,-2.777273893E0,-2.353500366E0
7.599283606E0,-1.369483352E0,-2.200271368E0,-2.329558372E0
7.604283939E0,-1.343147159E0,-1.802833915E0,-2.257732153E0
7.609284139E0,-1.343147159E0,-1.599326730E0,-2.214636564E0
7.614285039E0,-1.400607944E0,-1.575384736E0,-2.370259762E0
7.619285939E0,-1.549048543E0,-1.745373011E0,-3.043030262E0
7.624286872E0,-1.781286120E0,-1.987187386E0,-4.007893562E0
7.629287772E0,-2.217030764E0,-2.363077164E0,-5.365705490E0
7.634288438E0,-2.695871115E0,-2.782062292E0,-6.689698696E0
7.639289071E0,-3.244143248E0,-3.299209833E0,-8.044816971E0
7.644287704E0,-3.770867586E0,-3.797203779E0,-9.261071205E0
7.649287670E0,-4.271255970E0,-4.223371983E0,-1.021156979E1
7.654287670E0,-4.723760128E0,-4.532223701E0,-1.077420712E1
7.659288103E0,-5.085583687E0,-4.625597477E0,-1.078857231E1
7.664288136E0,-5.248389244E0,-4.491522312E0,-1.041747093E1
7.669288169E0,-5.042488098E0,-3.976768970E0,-9.502885818E0
7.674288502E0,-3.359065056E0,-9.816226959E-1,-4.759673119E0
7.679289402E0,-2.377442360E0,2.145204782E0,-6.428730965E0
7.684289368E0,-2.329558372E0,5.131073475E0,-8.329727173E0
7.689289368E0,-2.643198729E0,7.084742069E0,-8.174103737E0
7.694289368E0,-2.703053713E0,7.376834869E0,-6.510133743E0
7.699289401E0,-2.214636564E0,6.366481781E0,-4.565742493E0
7.704289401E0,-1.529894829E0,5.028122902E0,-2.765302896E0
7.709289401E0,-1.340752959E0,3.916913986E0,-1.285686255E0
7.714289367E0,-1.067813993E0,3.184288263E0,-6.991068721E-1
7.719289333E0,-4.285621047E-1,2.039859772E0,3.926490843E-1
7.724289299E0,1.484405100E-1,1.005564690E0,8.355764151E-1
7.729289299E0,3.280056417E-1,-1.379060149E0,9.528923035E-1
7.734289299E0,6.344634295E-1,-1.783680320E0,2.059013397E-1
7.739289332E0,6.488286853E-1,-1.450886250E0,-2.106897533E-1
7.744289365E0,7.613561153E-1,-1.256955862E0,-3.136404157E-1
7.749289398E0,6.967126727E-1,-1.187524080E0,-2.059013397E-1
7.754289398E0,5.482721925E-1,-1.204283476E0,-2.729389966E-1
7.759290064E0,3.639186621E-1,-1.374271750E0,1.915361285E-1
7.764290030E0,3.351882398E-1,-1.244984865E0,3.806780577E-1
7.769290030E0,1.802833915E0,-2.542642117E0,2.331952572E0
7.774290030E0,3.986345768E0,-3.960009575E0,4.302380562E0
7.779290063E0,3.526659012E0,-3.560178041E0,2.856282711E0
7.784290063E0,1.077390790E0,-1.628057122E0,1.055842996E0
7.789290063E0,-2.106897533E-1,-4.453215301E-1,1.723825186E-1
7.794290063E0,-7.900865674E-1,-1.699883193E-1,-1.628057212E-1
7.799290063E0,-1.228225470E0,-3.184288144E-1,-3.830722570E-1
7.804290063E0,-1.448492050E0,-6.655880809E-1,-5.889736414E-1
7.809289363E0,-1.551442742E0,-1.254561663E0,-6.775590777E-1
7.814288929E0,-1.829170108E0,-1.853112102E0,-4.477157295E-1
7.819288929E0,-2.197877169E0,-3.871424198E0,-1.084573388E0
7.824288962E0,-2.482787132E0,-5.724835396E0,-1.747767210E0
7.829288962E0,-2.724601507E0,-1.024269390E1,-4.209006786E0
7.834288962E0,-2.109291792E0,-1.556769753E1,-7.451055050E0
7.839288928E0,-8.643068075E-1,-2.272396660E1,-1.182526112E1
7.844288894E0,1.740584612E0,-3.121889305E1,-1.681028938E1
7.849288860E0,6.383241177E0,-4.025969696E1,-2.083015251E1
7.854288860E0,1.361373043E1,-4.952555847E1,-2.283649445E1
7.859288860E0,2.446694565E1,-5.995500183E1,-2.123477364E1
7.864288893E0,3.170970535E1,-6.460005188E1,-1.837609673E1
7.869288926E0,3.958692932E1,-6.964702606E1,-1.305109310E1
7.874288959E0,4.129159927E1,-7.147380066E1,-9.423876762E0
7.879288959E0,3.896443558E1,-7.071484375E1,-3.488351822E0
7.884288959E0,3.208320236E1,-6.605093384E1,7.182605099E-3
7.889288925E0,2.244145203E1,-5.918406677E1,1.860294700E0
7.894288925E0,1.742320442E1,-5.487929153E1,2.094926596E0
7.899288925E0,1.073350525E1,-4.965963364E1,2.006340981E0
7.904288958E0,7.616254807E0,-4.502445984E1,1.948880196E0
7.909288958E0,4.015076160E0,-3.959650421E1,1.874659896E0
7.914288958E0,2.626439333E0,-3.638348770E1,1.924938202E0
7.919288924E0,-1.922544003E0,-2.621740723E1,4.735731125E0
7.924288890E0,-1.070477486E1,-1.787331390E1,2.183092880E1
7.929288856E0,-5.751171589E0,-1.777036285E1,3.569156265E1
7.934288856E0,8.037634850E0,-1.473451614E1,6.238750839E1
7.939288889E0,2.183811188E1,-2.887407303E0,7.792169189E1
7.944288922E0,2.023878479E1,-8.030451775E0,7.836701202E1
7.949288955E0,1.358260536E1,-1.765065384E1,5.870283127E1
7.954288955E0,1.030494308E1,-2.119886017E1,3.214784241E1
7.959289621E0,3.536235809E0,-2.215893555E1,-7.709329724E-1
7.964290021E0,2.384624958E0,-1.717899513E1,-9.555558205E0
7.969289987E0,1.663970232E0,-8.777442932E0,-1.041986465E1
7.974289987E0,4.165911078E-1,-7.810185432E0,-6.179733753E0
7.979290020E0,-6.368576288E-1,-7.992144585E0,-2.679111719E0
7.984290053E0,-1.357512355E0,-6.665756702E0,-3.375824392E-1
7.989290053E0,-1.039083481E0,-1.819593310E-1,1.970966721E1
7.994290053E0,4.091690540E0,1.072153473E1,6.006274033E1
7.999290053E0,6.833351135E0,1.223706436E1,4.895573807E1
8.004290053E0,6.428730965E0,1.008228302E1,3.148704529E1
8.009289386E0,4.949114323E0,3.845088005E0,8.609848976E0
8.014289352E0,3.974374771E0,8.044517636E-1,1.283292055E0
8.019289352E0,3.572149038E0,-1.798045516E0,-3.517082214E0
8.024289352E0,3.969586372E0,-2.930502892E0,-4.831499100E0
8.029289385E0,4.721365929E0,-3.670311213E0,-5.140650272E0
8.034289385E0,5.217264652E0,-4.247313976E0,-5.739200592E0
8.039289385E0,5.641038418E0,-4.510675907E0,-5.947496414E0
8.044289351E0,6.036081791E0,-4.434061527E0,-5.892429829E0
8.049289351E0,6.292261124E0,-4.091690540E0,-5.255571842E0
8.054289351E0,6.313809395E0,-3.761290789E0,-4.661510944E0
8.059289384E0,6.603507519E0,-2.904166698E0,-3.043030262E0
8.064289384E0,7.633014202E0,-2.238578558E0,-5.147533417E-1
8.069289384E0,8.873210907E0,-1.900996208E0,5.930737019E0
8.074289384E0,9.014469147E0,-2.149993181E0,7.570765018E0
8.079289384E0,8.358457565E0,-2.578555346E0,5.095160484E0
8.084289384E0,7.568370819E0,-3.021482468E0,2.863465309E0
8.089289350E0,6.881235123E0,-3.308786631E0,1.369483352E0
8.094289316E0,6.744765282E0,-3.785232782E0,1.223437071E0
8.099289316E0,7.091924667E0,-4.769249916E0,2.547430515E0
8.104289349E0,7.558794022E0,-5.593154430E0,4.323928356E0
8.109289382E0,8.916306496E0,-7.683292389E0,7.972990990E0
8.114289382E0,1.032888508E1,-9.316138268E0,9.229947090E0
8.119289382E0,1.296490192E1,-1.436790371E1,1.974558067E1
8.124289348E0,1.406862831E1,-2.009513283E1,2.534352303E1
8.129289348E0,1.773205566E1,-2.639697075E1,2.393782806E1
8.134289348E0,2.343983269E1,-3.443221283E1,2.121562004E1
8.139289381E0,3.062273788E1,-4.510346985E1,1.726997566E1
8.144289381E0,3.480810165E1,-4.974343109E1,1.390582275E1
8.149289114E0,3.882796478E1,-5.479070663E1,8.226776123E0
8.154289114E0,3.900274277E1,-5.564304352E1,4.953902721E0
8.159289780E0,3.426192474E1,-5.228128433E1,1.300051570E0
8.164289780E0,2.721100044E1,-4.644900894E1,-1.613691926E0
8.169289746E0,2.066016579E1,-3.971860886E1,-4.881777287E0
8.174289746E0,1.614230728E1,-3.340001297E1,-7.597101212E0
8.179289746E0,1.281167221E1,-2.767547607E1,-1.137036324E1
8.184289779E0,1.143500614E1,-2.542492485E1,-1.283322048E1
8.189289779E0,9.443030357E0,-2.199134064E1,-1.306785202E1
8.194289779E0,8.456619263E0,-2.014541245E1,-1.253633976E1
8.199289745E0,7.348104477E0,-1.768177795E1,-1.064970875E1
8.204289745E0,7.024887085E0,-1.630271721E1,-9.871592522E0
8.209289078E0,6.593930721E0,-1.489492702E1,-9.155726433E0
8.214289111E0,6.151003361E0,-1.404708099E1,-9.088688850E0
8.219289144E0,5.648221016E0,-1.330008984E1,-8.755894661E0
8.224289144E0,5.392041683E0,-1.263689613E1,-7.992144585E0
8.229289144E0,5.049670696E0,-1.192342377E1,-7.472602844E0
8.234289144E0,4.860229492E0,-1.102799225E1,-7.022492886E0
8.239289144E0,4.881777287E0,-1.003679276E1,-6.040870190E0
8.244289144E0,4.029441357E0,-9.708786964E0,-5.930737019E0
8.249289110E0,1.805228114E0,-9.311349869E0,-5.526116848E0
8.254289110E0,1.216254473E0,-8.887576103E0,-5.322609425E0
8.259289110E0,-5.027823523E-2,-8.121431351E0,-5.030517101E0
8.264289143E0,-1.029506683E0,-7.518092632E0,-4.632780075E0
8.269289143E0,-1.642422318E0,-6.639420509E0,-4.180276394E0
8.274289143E0,-2.331952572E0,-5.717652798E0,-3.816357613E0
8.279289109E0,-2.676717520E0,-4.771644115E0,-3.469198227E0
8.284289075E0,-2.686294317E0,-3.816357613E0,-3.057395458E0
8.289289041E0,-2.640804529E0,-2.806004286E0,-2.717418909E0
8.294289041E0,-2.518700123E0,-2.322375536E0,-2.545036316E0
8.299289341E0,-2.195482969E0,-1.728613615E0,-2.355894566E0
8.304289374E0,-1.738190413E0,-1.608903527E0,-2.044648170E0
8.309289407E0,-1.132457376E0,-1.733402014E0,-1.683123827E0
8.314289407E0,-6.607996821E-1,-1.934514999E0,-1.460463047E0
8.319289407E0,-4.022258818E-1,-2.078166962E0,-1.400607944E0
8.324289373E0,-7.565677166E-1,-2.229001760E0,-1.460463047E0
8.329289373E0,-1.707065821E0,-2.398990154E0,-2.296039343E0
8.334289373E0,-2.363077164E0,-2.480392933E0,-2.949656487E0
8.339289406E0,-3.758896589E0,-2.650381327E0,-4.649539471E0
8.344289439E0,-4.491522312E0,-2.786850691E0,-6.208464146E0
8.349289439E0,-5.672163010E0,-2.997540474E0,-9.988908768E0
8.354289405E0,-6.093542576E0,-3.057395458E0,-1.090828228E1
8.359290038E0,-6.071994781E0,-3.426102638E0,-9.126996040E0
8.364290004E0,-6.021716595E0,-3.409343243E0,-8.025663376E0
8.369289970E0,-6.083965778E0,-3.272873640E0,-7.585130215E0
8.374289970E0,-5.760748386E0,-2.913743496E0,-6.957849503E0
8.379290003E0,-5.188534260E0,-2.025494576E0,-5.538087845E0
8.384290036E0,-4.584896088E0,-1.285686255E0,-4.484339714E0
8.389290069E0,-3.531447411E0,-4.165911078E-1,-3.100491285E0
8.394290069E0,-3.076549292E0,-2.059013397E-1,-2.614468336E0
8.399290069E0,-2.504334927E0,-6.703764945E-2,-2.178723574E0
8.404290035E0,-1.984793186E0,4.070143029E-2,-1.932120800E0
8.409289368E0,-1.556231141E0,2.777273953E-1,-1.814804912E0
8.414289368E0,-1.094150186E0,6.033388376E-1,-3.347094059E0
8.419289401E0,-1.149216816E-1,1.266532660E0,-1.553178501E1
8.424288734E0,-1.699883193E-1,-8.619125932E-2,-1.261774254E1
8.429288067E0,-1.206677675E0,-1.131529617E1,-4.027047157E0
8.434287400E0,-1.865083098E0,-1.672409821E1,-1.165976286E0
8.439286500E0,-9.672574997E-1,-1.610400009E1,8.355764151E-1
8.444285833E0,-3.423708379E-1,-1.426495266E1,2.664746523E0
8.449285799E0,-6.009446383E-1,-1.170555115E1,3.991134167E0
8.454285799E0,-5.746083856E-1,-9.438241959E0,5.064035892E0
8.459285132E0,-4.405331016E-1,-7.199663639E0,6.124667168E0
8.464284265E0,1.508347094E-1,-4.917989731E0,7.079953671E0
8.469283398E0,4.237737060E-1,-3.043030262E0,7.817368031E0
8.474282498E0,4.644751251E-1,-1.422155857E0,8.478167534E0
8.479282464E0,1.125274822E-1,-7.900865376E-2,8.030451775E0
8.484282430E0,-4.596867263E-1,5.147533417E-1,6.876446724E0
8.489281763E0,-1.007958889E0,7.254431248E-1,4.812345505E0
8.494281363E0,-1.158793569E0,5.578489900E-1,3.790021181E0
8.499281396E0,-1.146822572E0,1.101332754E-1,2.477998734E0
8.504281396E0,-1.280897856E0,-2.442085743E-1,1.704671621E0
8.509280996E0,-1.295263171E0,-8.762778044E-1,9.504981041E-1
8.514280996E0,-1.197100878E0,-1.656787634E0,2.920926213E-1
8.519280996E0,-1.177947283E0,-2.784456491E0,-2.154781520E-1
8.524280596E0,-1.314416766E0,-4.106055737E0,-3.064578176E-1
8.529280562E0,-1.644816518E0,-6.390423775E0,-1.209071875E0
8.534280562E0,-1.960851192E0,-8.293813705E0,-2.188300371E0
8.539280562E0,-2.236184359E0,-1.253155136E1,-4.247313976E0
8.544280595E0,-1.460463047E0,-1.726518631E1,-6.328174591E0
8.549280595E0,8.954314590E-1,-2.340870857E1,-8.461407661E0
8.554280595E0,4.766855717E0,-3.074962997E1,-1.111897182E1
8.559281228E0,1.037676907E1,-3.850953674E1,-1.326896477E1
8.564281194E0,1.875198555E1,-4.692066574E1,-1.432480812E1
8.569281160E0,2.996193695E1,-5.673479843E1,-1.388427448E1
8.574281826E0,3.609139252E1,-6.068762589E1,-1.279251862E1
8.579282526E0,4.130835724E1,-6.474609375E1,-1.098729134E1
8.584283226E0,4.199309921E1,-6.748745728E1,-1.010383034E1
8.589284159E0,3.677374268E1,-6.768856812E1,-8.557176590E0
8.594284859E0,2.946154976E1,-6.547154236E1,-6.280290127E0
8.599284859E0,2.228822136E1,-6.122632217E1,-4.194641590E0
8.604284825E0,1.610400009E1,-5.718730164E1,-2.674323320E0
8.609284791E0,1.136318016E1,-5.333952332E1,-1.649604917E0
8.614285691E0,7.558794022E0,-4.979370880E1,-6.871358752E-1
8.619285924E0,4.216189384E0,-4.514895630E1,2.059013397E-1
8.624286857E0,2.978386879E0,-4.196197510E1,1.278503656E0
8.629286857E0,1.924938202E0,-3.629969025E1,2.245761156E0
8.634286857E0,2.044648170E0,-3.304806519E1,2.925714493E0
8.639287490E0,7.295432091E0,-1.833060646E1,5.519293213E1
8.644287856E0,1.563234138E1,-9.177274704E0,7.697837067E1
8.649287822E0,2.684708214E1,-1.288110447E1,6.899580383E1
8.654287355E0,2.889651871E1,-1.310855389E1,7.392097473E1
8.659287788E0,2.411021042E1,-1.555093861E1,6.901256561E1
8.664287821E0,2.004964447E1,-1.849101830E1,5.258535004E1
8.669287854E0,1.127220058E1,-1.733222389E1,9.830891609E0
8.674288254E0,7.585130215E0,-1.366161442E1,-5.909189224E0
8.679288254E0,4.307168961E0,-7.781454563E0,-5.358522892E0
8.684288220E0,2.166752577E0,-6.708852291E0,-2.396595955E0
8.689288220E0,9.481038451E-1,-5.518934250E0,2.262520552E0
8.694288220E0,5.277119637E0,3.282450438E0,3.593816376E1
8.699288253E0,1.584781933E1,1.428410625E1,6.825120544E1
8.704288253E0,1.672409821E1,1.483267784E1,4.725585556E1
8.709288253E0,1.317559147E1,1.067365074E1,2.260425758E1
8.714288253E0,1.171273422E1,6.744765282E0,8.629002571E0
8.719288253E0,1.125304699E1,2.051830769E0,4.596867263E-1
8.724288253E0,1.122431660E1,-5.770025849E-1,-3.663128614E0
8.729288219E0,1.163851357E1,-3.088520288E0,-1.005115795E1
8.734288185E0,1.180371380E1,-3.737348795E0,-1.204552841E1
8.739288185E0,1.152359200E1,-3.845088005E0,-1.175822353E1
8.744288185E0,1.023551178E1,-3.749319792E0,-1.015410900E1
8.749288218E0,8.751106262E0,-3.531447411E0,-7.759906769E0
8.754288218E0,7.372046471E0,-3.153163671E0,-6.160580158E0
8.759288884E0,5.688922405E0,-2.626439333E0,-4.733336926E0
8.764288850E0,5.169380665E0,-2.149993181E0,-3.500322819E0
8.769289483E0,3.945644379E0,-8.020575643E-1,5.219359994E-1
8.774289449E0,2.578555346E0,5.626373887E-1,6.280290127E0
8.779289449E0,3.854664862E-1,1.288080573E0,1.429847145E1
8.784289482E0,1.939303428E-1,-7.422025204E-1,1.284997940E1
8.789289515E0,1.604115129E0,-3.028665066E0,8.985737801E0
8.794289548E0,2.935291290E0,-4.311957359E0,5.494992256E0
8.799289548E0,3.758896589E0,-5.073612690E0,3.347094059E0
8.804290014E0,4.472368717E0,-5.842151642E0,2.645592928E0
8.809289314E0,6.026504993E0,-7.228394032E0,4.264073372E0
8.814289314E0,7.446266651E0,-9.534010887E0,6.778284073E0
8.819289314E0,1.006312943E1,-1.464563084E1,1.648707199E1
8.824289347E0,1.179174232E1,-1.863467026E1,2.024596786E1
8.829289347E0,1.646552277E1,-2.721818352E1,2.402641296E1
8.834289347E0,2.222836685E1,-3.521272278E1,2.445258141E1
8.839289313E0,2.988771820E1,-4.376241684E1,2.235286522E1
8.844289279E0,3.797802353E1,-5.251112747E1,1.901295471E1
8.849289245E0,4.398028946E1,-6.072114563E1,1.459774685E1
8.854289245E0,4.468208694E1,-6.344335175E1,1.203116322E1
8.859289245E0,4.110964203E1,-6.408529663E1,7.338527679E0
8.864289278E0,3.671628189E1,-6.165009689E1,5.411195278E0
8.869289311E0,2.819741058E1,-5.391891861E1,-2.059013397E-1
8.874289344E0,2.310225105E1,-4.797890472E1,-3.529053211E0
8.879289344E0,1.739926147E1,-3.842334747E1,-7.922712803E0
8.884289344E0,1.576881123E1,-3.214066315E1,-9.852438927E0
8.889289310E0,1.392258263E1,-2.746478462E1,-1.146134281E1
8.894289310E0,1.236635113E1,-2.371995544E1,-1.174146461E1
8.899289310E0,1.106151104E1,-2.136884880E1,-1.086758041E1
8.904289343E0,1.032888508E1,-1.947982407E1,-9.490914345E0
8.909289343E0,8.971372604E0,-1.896267509E1,-9.265859604E0
8.914289343E0,8.159738541E0,-1.881423569E1,-9.869198799E0
8.919289343E0,7.915530205E0,-1.767220116E1,-9.790189743E0
8.924289343E0,7.965808392E0,-1.710956383E1,-1.004158115E1
8.929289343E0,7.470208645E0,-1.655171585E1,-1.045577812E1
8.934289309E0,7.518092632E0,-1.584542561E1,-9.900322914E0
8.939289309E0,6.507739544E0,-1.526124001E1,-9.347262383E0
8.944289309E0,4.733336926E0,-1.577359962E1,-9.646537781E0
8.949289342E0,3.739742994E0,-1.428889465E1,-9.220370293E0
8.954289342E0,2.422932148E0,-1.407102299E1,-8.468590736E0
8.959290008E0,5.219359994E-1,-1.358500004E1,-7.544428825E0
8.964289974E0,-1.939303428E-1,-1.283561420E1,-6.907571316E0
8.969289940E0,-6.560112834E-1,-1.110221291E1,-5.811026573E0
8.974289906E0,-9.816226959E-1,-1.006312943E1,-5.245995045E0
8.979289906E0,-1.319205165E0,-8.102277756E0,-4.613626480E0
8.984289906E0,-1.905784607E0,-6.682516098E0,-4.185064793E0
8.989289939E0,-2.140416384E0,-5.602731228E0,-3.866635799E0
8.994289972E0,-2.319981337E0,-4.771644115E0,-3.478775024E0
8.999290005E0,-2.434903145E0,-3.967192173E0,-3.629609823E0
9.004290005E0,-2.439691544E0,-3.598485231E0,-3.878606796E0
9.009289338E0,-2.408566952E0,-3.337517262E0,-4.469974518E0
9.014289304E0,-2.264914751E0,-3.397372246E0,-4.867412090E0
9.019289304E0,-2.212242365E0,-3.629609823E0,-5.368099689E0
9.024289304E0,-2.454056740E0,-3.773261786E0,-5.286696434E0
9.029289337E0,-2.485181332E0,-3.696647406E0,-4.606443882E0
9.034289337E0,-2.480392933E0,-3.785232782E0,-3.995922565E0
9.039289337E0,-2.712630510E0,-3.684676409E0,-3.471592426E0
9.044289303E0,-3.071760893E0,-3.801992416E0,-3.892971992E0
9.049289269E0,-3.718195200E0,-3.969586372E0,-5.375282288E0
9.054289235E0,-3.933673382E0,-4.350264549E0,-6.105513573E0
9.059289235E0,-4.450820923E0,-4.888959885E0,-7.111078262E0
9.064289268E0,-4.793191910E0,-5.030517101E0,-7.738358974E0
9.069289301E0,-5.392041683E0,-5.030517101E0,-8.016086578E0
9.074289334E0,-5.554847240E0,-5.056853294E0,-7.738358974E0
9.079289334E0,-5.432743073E0,-5.109525681E0,-7.613860607E0
9.084290267E0,-5.250783443E0,-4.920383930E0,-7.360075474E0
9.089290233E0,-4.745307922E0,-4.299986362E0,-6.677727699E0
9.094290199E0,-4.065354347E0,-3.330334663E0,-5.708076000E0
9.099290199E0,-3.232172251E0,-2.324769735E0,-4.592078686E0
9.104290232E0,-2.942473888E0,-1.836352706E0,-4.158728123E0
9.109290265E0,-2.501940727E0,-1.079784989E0,-3.646369219E0
9.114290265E0,-2.281674147E0,2.466027737E-1,-5.909189224E0
9.119290265E0,-4.161122322E0,7.000945091E0,-1.240944672E1
9.124290265E0,-5.545270443E0,9.658509254E0,-1.084603310E1
9.129290265E0,-5.210082054E0,8.985737801E0,-8.324938774E0
9.134290265E0,-4.077325344E0,6.818985939E0,-6.194098949E0
9.139290231E0,-2.870647907E0,4.695029736E0,-4.209006786E0
9.144290231E0,-2.248155355E0,3.114856482E0,-3.232172251E0
9.149290231E0,-9.624691010E-1,6.584054828E-1,-1.625662923E0
9.154290264E0,1.041477680E0,-2.966415882E0,-1.242590666E0
9.159290930E0,1.932120800E0,-8.245929718E0,-1.467645645E0
9.164290930E0,1.051054597E0,-6.768707275E0,-1.651999205E-1
9.169290896E0,6.368576288E-1,-6.546046734E0,3.878606856E-1
9.174290862E0,1.987187415E-1,-6.198887348E0,6.248866320E-1
9.179290828E0,3.351882473E-2,-5.617096424E0,1.118092179E0
9.184290828E0,4.548983276E-2,-4.802768707E0,1.877054095E0
9.189290861E0,-5.267243832E-2,-3.536235809E0,2.200271368E0
9.194290894E0,-2.178723514E-1,-3.009511471E0,2.293645144E0
9.199290927E0,-6.033388376E-1,-2.360682964E0,2.183511972E0
9.204290927E0,-8.236053586E-1,-2.042253971E0,1.982398987E0
9.209290260E0,-1.218648672E0,-1.764526606E0,1.616086125E0
9.214290226E0,-1.599326730E0,-1.453280449E0,1.288080573E0
9.219290192E0,-1.740584612E0,-8.954314590E-1,4.405331016E-1
9.224290192E0,-1.831564307E0,-6.655880809E-1,-7.182605099E-3
9.229290225E0,-1.867477298E0,-7.206547260E-1,-2.609679997E-1
9.234289325E0,-2.161964178E0,-1.268926859E0,-4.285621047E-1
9.239289325E0,-2.590526342E0,-2.284068346E0,-4.357447028E-1
9.244289325E0,-3.071760893E0,-3.220201254E0,-5.075707436E-1
9.249289291E0,-4.417302132E0,-5.406406879E0,-5.770025849E-1
9.254289257E0,-5.231629848E0,-7.175721645E0,-5.123591423E-1
9.259289223E0,-6.744765282E0,-1.129135418E1,-1.053448796E0
9.264289223E0,-7.635408401E0,-1.586697292E1,-2.427720547E0
9.269289256E0,-7.556399822E0,-2.187163162E1,-5.001786709E0
9.274289289E0,-6.342539787E0,-2.935620499E1,-8.530839920E0
9.279289322E0,-2.997540474E0,-3.805463791E1,-1.181329060E1
9.284289322E0,2.118868589E0,-4.714572144E1,-1.439184570E1
9.289289322E0,1.109024143E1,-5.899253082E1,-1.596752930E1
9.294289288E0,1.826117516E1,-6.665187836E1,-1.626680565E1
9.299289254E0,3.065625572E1,-7.699513245E1,-1.465520763E1
9.304289220E0,3.575141525E1,-7.825448608E1,-1.297687244E1
9.309289220E0,3.465966034E1,-7.836222076E1,-9.737517357E0
9.314289253E0,2.989489937E1,-7.609252167E1,-7.120655060E0
9.319289153E0,2.366967583E1,-7.146662140E1,-4.601655483E0
9.324289186E0,1.776078606E1,-6.622811127E1,-2.679111719E0
9.329289186E0,1.134881496E1,-5.913857651E1,-8.619126081E-1
9.334289186E0,8.123826027E0,-5.527672958E1,1.436521020E-2
9.339289152E0,4.333505154E0,-4.934838867E1,1.122880578E0
9.344289118E0,3.509899616E0,-4.578342056E1,1.525106430E0
9.349289118E0,2.363077164E0,-4.021899796E1,1.934514999E0
9.354289151E0,1.522712231E0,-3.697006607E1,2.047042370E0
9.359289851E0,1.687912226E0,-2.781673241E1,2.243366957E0
9.364289851E0,3.579331636E0,-2.140476227E1,3.142000580E1
9.369289851E0,1.608484650E1,-9.483732224E0,7.292469025E1
9.374289817E0,2.975843048E1,1.381454349E0,7.808689117E1
9.379289783E0,2.015498924E1,-5.942708015E0,7.836461639E1
9.384289749E0,1.439184570E1,-1.168160915E1,6.409008789E1
9.389289749E0,7.214028835E0,-1.967614746E1,1.959713936E1
9.394289782E0,4.295197964E0,-2.156038475E1,3.790021181E0
9.399289815E0,5.545270443E0,-1.675043297E1,1.378611279E1
9.404289848E0,5.068824291E0,-9.395146370E0,5.813420773E0
9.409289181E0,3.414131641E0,-4.271255970E0,1.644816518E0
9.414289181E0,2.102109194E0,-2.130839586E0,1.537077546E0
9.419289147E0,3.296815634E0,2.659958124E0,4.754884720E0
9.424289147E0,5.217264652E0,6.172551155E0,8.018480301E0
9.429289013E0,8.111854553E0,9.189245224E0,1.141345882E1
9.434288379E0,9.275436401E0,9.493309021E0,9.668086052E0
9.439287712E0,9.957783699E0,6.237194538E0,2.197877169E0
9.444286812E0,1.036001015E1,3.459621429E0,-1.903390408E0
9.449286812E0,1.131769085E1,-1.436520964E-1,-6.476614952E0
9.454286112E0,1.233283234E1,-1.335964561E0,-8.063970566E0
9.459285445E0,1.297926712E1,-2.322375536E0,-1.055154610E1
9.464284511E0,1.294095993E1,-2.758120298E0,-1.098729134E1
9.469283711E0,1.226579475E1,-2.695871115E0,-9.847650528E0
9.474282811E0,1.133205605E1,-2.269703150E0,-7.568370819E0
9.479282844E0,1.017326260E1,-1.091755986E0,-3.246537447E0
9.484282877E0,9.440636635E0,1.699883193E-1,1.376665950E0
9.489282877E0,7.446266651E0,2.262520552E0,1.039352894E1
9.494282877E0,5.866093636E0,2.762908697E0,1.327614784E1
9.499282177E0,3.263296843E0,1.271321058E0,1.137515163E1
9.504282177E0,3.016694069E0,-1.110909581E0,8.645761490E0
9.509282177E0,3.529053211E0,-3.198653460E0,7.132626057E0
9.514282210E0,4.192247391E0,-4.553771496E0,5.727229595E0
9.519282510E0,4.901230335E0,-5.516540051E0,4.158728123E0
9.524281843E0,5.583577633E0,-6.605901718E0,3.881000996E0
9.529281843E0,6.737582684E0,-9.217975616E0,9.790189743E0
9.534281843E0,7.625831604E0,-1.230649567E1,1.760755730E1
9.539282309E0,1.048690319E1,-1.869692039E1,2.410063362E1
9.544282275E0,1.438945103E1,-2.345180511E1,2.569068146E1
9.549282275E0,2.015738297E1,-3.323720551E1,2.361939812E1
9.554282275E0,2.737859344E1,-4.106654358E1,1.962826347E1
9.559282975E0,3.313186264E1,-4.855590820E1,1.677916336E1
9.564282975E0,3.852869034E1,-5.478831482E1,1.569937897E1
9.569282975E0,3.988380814E1,-5.912421417E1,1.399201393E1
9.574282941E0,3.858375931E1,-5.937799835E1,1.223227596E1
9.579283041E0,3.394828415E1,-5.595428848E1,7.747935772E0
9.584283674E0,3.045514297E1,-5.190539551E1,3.845088005E0
9.589284340E0,2.625092506E1,-4.088937378E1,-1.553836942E0
9.594285240E0,2.337518883E1,-3.405841827E1,-4.331110954E0
9.599285273E0,1.951094818E1,-2.581278610E1,-8.008903503E0
9.604286006E0,1.670254898E1,-2.240074921E1,-1.026184750E1
9.609286039E0,1.483986092E1,-1.980543518E1,-1.135839176E1
9.614286939E0,1.301757431E1,-1.772008514E1,-1.100405025E1
9.619287605E0,1.079096603E1,-1.603456688E1,-1.018283939E1
9.624288471E0,9.737517357E0,-1.512955952E1,-9.349657059E0
9.629288471E0,8.202834129E0,-1.452592087E1,-8.320150375E0
9.634288471E0,7.743147373E0,-1.448282528E1,-7.836521626E0
9.639288504E0,6.965032101E0,-1.459774685E1,-8.004115105E0
9.644288504E0,6.493374348E0,-1.423861694E1,-8.140584946E0
9.649289170E0,6.526893139E0,-1.389385128E1,-7.994538784E0
9.654289136E0,6.692092896E0,-1.356345177E1,-7.903559208E0
9.659289102E0,6.725611687E0,-1.327854156E1,-7.633014202E0
9.664289068E0,5.985803604E0,-1.300799751E1,-7.709628582E0
9.669288768E0,5.200505257E0,-1.266802025E1,-7.865252018E0
9.674289468E0,4.888959885E0,-1.179174232E1,-7.558794022E0
9.679289501E0,4.158728123E0,-1.037916374E1,-6.795043468E0
9.684289534E0,3.986345768E0,-9.641749382E0,-6.335357189E0
9.689289067E0,3.198653460E0,-8.523657799E0,-5.655403614E0
9.694289067E0,2.418143749E0,-7.683292389E0,-5.286696434E0
9.699289033E0,1.501164436E0,-6.926724911E0,-5.068824291E0
9.704289033E0,1.173158884E0,-6.349722385E0,-5.162198067E0
9.709289033E0,9.768342972E-1,-6.151003361E0,-5.265148640E0
9.714289066E0,9.026140571E-1,-6.268319130E0,-5.262754440E0
9.719289099E0,1.055842996E0,-7.044040680E0,-5.693710804E0
9.724289099E0,1.015141487E0,-7.803002834E0,-6.198887348E0
9.729289099E0,6.991068721E-1,-9.447818756E0,-7.130231857E0
9.734289099E0,2.226607651E-1,-1.049169159E1,-8.217199326E0
9.739289099E0,-7.948749661E-1,-1.226100636E1,-1.068801594E1
9.744289099E0,-1.613691926E0,-1.340303993E1,-1.245733070E1
9.749289065E0,-2.394201756E0,-1.432241344E1,-1.382920837E1
9.754289065E0,-2.995146275E0,-1.511279964E1,-1.497632980E1
9.759289731E0,-3.292027235E0,-1.491168690E1,-1.407581139E1
9.764289764E0,-3.373430252E0,-1.411411858E1,-1.293617153E1
9.769289997E0,-3.488351822E0,-1.314446640E1,-1.136078644E1
9.774289997E0,-3.588908434E0,-1.220354557E1,-1.005355263E1
9.779289963E0,-3.454833031E0,-9.931447983E0,-7.597101212E0
9.784289929E0,-3.095702887E0,-8.181286812E0,-5.902006626E0
9.789289895E0,-2.576161146E0,-6.328174591E0,-4.417302132E0
9.794289895E0,-2.047042370E0,-4.790797710E0,-3.335123062E0
9.799289928E0,-1.675941229E0,-3.799597979E0,-2.679111719E0
9.804289961E0,-1.482010841E0,-1.908178806E0,-4.101267338E0
9.809289327E0,-2.877830505E0,5.815814972E0,-1.221072769E1
9.814289327E0,-5.995380402E0,1.487337971E1,-1.688450813E1
9.819289327E0,-8.267477989E0,1.824680901E1,-1.333360863E1
9.824289293E0,-7.331345081E0,1.668100166E1,-1.158344746E1
9.829289293E0,-4.376600742E0,1.042465305E1,-9.701604843E0
9.834289293E0,-1.766920805E0,5.171774864E0,-9.105448723E0
9.839289326E0,-2.873042040E-2,-5.104737282E0,-1.225382328E1
9.844289359E0,1.005564690E0,-1.234480286E1,-7.486968040E0
9.849289359E0,1.991975784E0,-1.431762505E1,-1.565807939E0
9.854289325E0,2.674323320E0,-1.446846008E1,1.367089152E0
9.859289291E0,2.863465309E0,-1.297926712E1,3.617638826E0
9.864289257E0,2.767697096E0,-1.160260105E1,4.587290287E0
9.869289223E0,2.446874142E0,-9.239523888E0,5.607519627E0
9.874289223E0,2.236184359E0,-7.819762230E0,5.897218227E0
9.879289256E0,1.855506301E0,-5.686528206E0,5.765536785E0
9.884289289E0,1.525106430E0,-4.261679173E0,5.712864399E0
9.889289322E0,7.062895298E-1,-2.858676910E0,5.727229595E0
9.894289322E0,-7.661445439E-2,-1.613691926E0,4.929960728E0
9.899289322E0,-6.440402865E-1,-9.911994934E-1,4.058171749E0
9.904289288E0,-1.242590666E0,-7.398083210E-1,3.418920040E0
9.909289288E0,-1.879448295E0,-9.121908545E-1,2.908955097E0
9.914289288E0,-2.322375536E0,-1.256955862E0,2.774879694E0
9.919289321E0,-3.275267839E0,-2.518700123E0,2.820369720E0
9.924289321E0,-4.244919777E0,-3.835511208E0,3.002328873E0
9.929289321E0,-5.542876244E0,-6.943484306E0,3.222595453E0
9.934289321E0,-7.149385452E0,-1.040071106E1,3.050212860E0
9.939289321E0,-8.633790970E0,-1.432480812E1,2.547430515E0
9.944289321E0,-1.000088024E1,-1.898422432E1,1.508347034E0
9.949289287E0,-1.116685581E1,-2.484552956E1,-8.379705995E-2
9.954289287E0,-1.142542934E1,-3.188687515E1,-3.081337690E0
9.959289953E0,-1.026184750E1,-4.142807007E1,-9.088688850E0
9.964289986E0,-8.861239433E0,-4.748809433E1,-1.405665779E1
9.969290019E0,-3.526659012E0,-5.735968399E1,-2.094268036E1
9.974290019E0,2.557007313E0,-6.238990402E1,-2.066255951E1
9.979289985E0,1.423382854E1,-6.964224243E1,-1.712632370E1
9.984289951E0,2.165615273E1,-7.472064209E1,-1.500506020E1
9.989289917E0,2.537704086E1,-7.682514191E1,-1.134881496E1
9.994289883E0,2.506818962E1,-7.479725647E1,-9.091083527E0
9.999289883E0,2.214696503E1,-7.032458496E1,-5.411195278E0
1.000428992E1,1.881184196E1,-6.735338593E1,-3.040636063E0
1.000928928E1,1.369034481E1,-6.149686813E1,-4.716577232E-1
1.001428932E1,1.078617764E1,-5.740517426E1,2.705447972E-1
1.001928932E1,6.747159481E0,-5.151274490E1,5.817909837E-1
1.002428932E1,5.365705490E0,-4.712417603E1,8.283938169E-1
1.002928928E1,5.427954674E0,-4.271854401E1,2.226607651E-1
1.003428928E1,6.151003361E0,-3.711611176E1,-5.274725437E0
1.003928928E1,7.659350395E0,-3.402011108E1,3.622427225E0
1.004428931E1,8.169315338E0,-3.068019867E1,2.319083595E1
1.004928931E1,1.673127937E1,-1.652298355E1,7.444052124E1
1.005428931E1,2.314055824E1,-1.263928986E1,7.793126678E1
1.005928901E1,2.541774368E1,-1.367358494E1,5.932292938E1
1.006428898E1,2.396176910E1,-1.349880886E1,4.798369217E1
1.006928895E1,1.995866394E1,-1.319474506E1,4.288374329E1
1.007428895E1,1.620694923E1,-1.405186939E1,3.045993233E1
1.007928898E1,1.228015995E1,-1.560121727E1,1.158584118E1
1.008428901E1,8.758289337E0,-1.609681702E1,-3.859453201E0
1.008928905E1,4.996998310E0,-1.195454884E1,-1.046774864E1
1.009428908E1,3.936067581E0,-6.222829342E0,-1.114052010E1
1.009928908E1,1.589330959E1,1.648228264E1,9.862015724E0
1.010428904E1,3.020614624E1,3.144873810E1,3.431220245E1
1.010928901E1,4.071220398E1,3.730046463E1,2.428498650E1
1.011428901E1,4.177522659E1,3.324199295E1,7.463026047E0
1.011928901E1,4.101626587E1,2.076790428E1,-1.063294888E1
1.012428904E1,3.996760559E1,1.174864674E1,-1.511519432E1
1.012928904E1,3.661333084E1,5.178957462E0,-1.532109547E1
1.013428904E1,3.139845848E1,1.582567334E0,-1.227537155E1
1.013928904E1,2.475694275E1,-1.699883193E-1,-7.127837658E0
1.014428904E1,1.713590050E1,-2.446874142E0,-2.054224968E0
1.014928904E1,1.041747093E1,-5.013757706E0,4.041412354E0
1.015428901E1,7.680898190E0,-5.904400826E0,6.735188484E0
1.015928968E1,5.064035892E0,-6.682516098E0,8.138191223E0
1.016428968E1,4.230554581E0,-6.663362503E0,7.539640427E0
1.016928971E1,3.423708439E0,-6.708852291E0,7.429507256E0
1.017428971E1,2.437297344E0,-7.173327446E0,9.366415977E0
1.017928971E1,1.307234168E0,-9.141361237E0,1.386512089E1
1.018428967E1,1.204283476E0,-1.137994003E1,1.671930885E1
1.018928967E1,2.561795712E0,-1.470309162E1,1.636257362E1
1.019428967E1,3.809175014E0,-1.640327454E1,1.339346313E1
1.019928971E1,4.627991676E0,-1.607287407E1,7.951443195E0
1.020428971E1,4.913201332E0,-1.614709473E1,6.579565525E0
1.020928931E1,5.861305237E0,-1.822526169E1,6.735188484E0
1.021428931E1,6.792649269E0,-2.044229317E1,7.067982674E0
1.021928931E1,9.136572838E0,-2.589179420E1,9.155726433E0
1.022428931E1,1.218918037E1,-3.158520699E1,1.148767948E1
1.022928927E1,1.615667152E1,-3.775057602E1,1.322586918E1
1.023428924E1,2.162023926E1,-4.513459396E1,1.409257030E1
1.023928924E1,3.080948448E1,-5.322460175E1,1.511040592E1
1.024428924E1,3.598844147E1,-5.718730164E1,1.486859131E1
1.024928927E1,4.205056000E1,-6.109943008E1,1.165048504E1
1.025428927E1,4.324287415E1,-6.097971725E1,7.750329971E0
1.025928927E1,4.073854065E1,-5.596147156E1,2.585737705E-1
1.026428924E1,3.520553970E1,-4.974103546E1,-5.758354187E0
1.026928920E1,2.908566093E1,-4.180874634E1,-8.241141319E0
1.027428917E1,2.384684753E1,-3.474585342E1,-9.462183952E0
1.027928917E1,1.928349876E1,-2.812079620E1,-1.090109921E1
1.028428920E1,1.711435318E1,-2.519987106E1,-1.080054283E1
1.028928924E1,1.418594456E1,-2.182135201E1,-1.026424217E1
1.029428927E1,1.267759705E1,-2.026751518E1,-9.787796021E0
1.029928927E1,1.058506489E1,-1.842637444E1,-9.517251015E0
1.030428927E1,9.742305756E0,-1.793556404E1,-9.577106476E0
1.030928924E1,7.937077999E0,-1.700182533E1,-9.682451248E0
1.031428924E1,6.213252544E0,-1.630511284E1,-1.003918743E1
1.031928924E1,5.198111057E0,-1.584542561E1,-9.830891609E0
1.032428927E1,4.786009312E0,-1.453789234E1,-9.368810654E0
1.032928927E1,4.072536945E0,-1.310376549E1,-8.775048256E0
1.033428927E1,3.914519787E0,-1.242381191E1,-8.104672432E0
1.033928923E1,3.172317266E0,-1.155232239E1,-7.060800076E0
1.034428920E1,2.806004286E0,-1.084603310E1,-6.483797550E0
1.034928917E1,2.123656988E0,-9.658509254E0,-5.607519627E0
1.035428917E1,1.611297727E0,-9.031228065E0,-5.032911301E0
1.035928983E1,9.313444495E-1,-8.174103737E0,-4.192247391E0
1.036428986E1,4.070142806E-1,-7.460631847E0,-3.687070608E0
1.036928990E1,-3.830722719E-2,-6.838139534E0,-3.198653460E0
1.037428993E1,-3.615244627E-1,-6.265924931E0,-2.887407303E0
1.037928993E1,-7.637503147E-1,-5.710470200E0,-2.597708941E0
1.038428993E1,-8.355764151E-1,-5.581183434E0,-2.461239338E0
1.038928990E1,-9.768342972E-1,-5.813420773E0,-2.482787132E0
1.039428990E1,-9.888052940E-1,-6.306626320E0,-2.784456491E0
1.039928990E1,-1.261744261E0,-7.838915825E0,-4.046200752E0
1.040428993E1,-1.814804912E0,-9.337685585E0,-5.518934250E0
1.040928926E1,-2.726995707E0,-1.067365074E1,-7.249941826E0
1.041428926E1,-3.876212597E0,-1.136796856E1,-8.528446198E0
1.041928926E1,-4.757278919E0,-1.229691887E1,-1.026424217E1
1.042428860E1,-5.700893402E0,-1.341740513E1,-1.239747524E1
1.042928770E1,-6.392817974E0,-1.439423943E1,-1.464323711E1
1.043428700E1,-6.301837921E0,-1.485422611E1,-1.540249825E1
1.043928633E1,-6.210858345E0,-1.510322285E1,-1.550305462E1
1.044428543E1,-6.055235386E0,-1.443494129E1,-1.422425175E1
1.044928480E1,-5.633855820E0,-1.301517963E1,-1.126741219E1
1.045428443E1,-5.459079266E0,-1.224424648E1,-1.008946514E1
1.045928376E1,-4.884171486E0,-1.030015469E1,-7.872434616E0
1.046428283E1,-4.094084740E0,-8.327332497E0,-6.131849766E0
1.046928189E1,-2.868253708E0,-5.921160221E0,-4.268861771E0
1.047428096E1,-2.372653961E0,-4.829104900E0,-3.564966440E0
1.047928006E1,-2.482787132E0,-9.600749016E-1,-8.973767281E0
1.048428006E1,-4.570530891E0,7.910741806E0,-1.472493935E1
1.048928009E1,-8.765471458E0,1.594837570E1,-1.441099930E1
1.049427946E1,-9.601048470E0,1.800978279E1,-1.227058315E1
1.049927939E1,-9.052776337E0,1.808879280E1,-9.723152161E0
1.050427939E1,-7.616254807E0,1.580472374E1,-8.451830864E0
1.050927939E1,-6.052841187E0,1.212453651E1,-7.838915825E0
1.051427869E1,-4.697423935E0,7.872434616E0,-7.652167797E0
1.051927869E1,-3.315969467E0,2.817975283E0,-7.278672218E0
1.052427869E1,-2.461239338E0,-1.843535304E-1,-6.536469936E0
1.052927782E1,-1.589749932E0,-4.639962673E0,-4.809951305E0
1.053427782E1,-1.520318031E0,-6.419154167E0,-3.531447411E0
1.053927782E1,-1.417367458E0,-7.429507256E0,-8.834604025E-1
1.054427779E1,-1.331176162E0,-7.312191486E0,3.591302410E-2
1.054927776E1,-1.295263171E0,-6.613084316E0,7.924807668E-1
1.055427772E1,-1.235408068E0,-6.024110794E0,9.935936928E-1
1.055927839E1,-1.170764685E0,-5.557241440E0,9.074024558E-1
1.056427842E1,-1.235408068E0,-5.037699699E0,7.685387731E-1
1.056927845E1,-1.426944256E0,-3.933673382E0,7.685387731E-1
1.057427915E1,-1.769315004E0,-3.232172251E0,6.512228847E-1
1.057928005E1,-2.238578558E0,-2.114080191E0,-3.423708379E-1
1.058428072E1,-2.461239338E0,-1.541865945E0,-1.213860273E0
1.058928135E1,-2.710236311E0,-1.149216771E0,-2.226607561E0
1.059428222E1,-2.750937700E0,-1.201889277E0,-2.497152328E0
1.059928289E1,-3.066972494E0,-1.460463047E0,-2.710236311E0
1.060428329E1,-3.337517262E0,-1.850717902E0,-2.746149302E0
1.060928332E1,-3.840299606E0,-2.717418909E0,-2.822763920E0
1.061428422E1,-4.556165695E0,-4.125209332E0,-2.865859509E0
1.061928512E1,-5.767930984E0,-7.022492886E0,-3.174711466E0
1.062428602E1,-6.414365768E0,-9.414299965E0,-3.708618402E0
1.062928692E1,-7.290643215E0,-1.444451809E1,-5.071218491E0
1.063428768E1,-7.446266651E0,-1.823244476E1,-6.237194538E0
1.063928765E1,-6.672939301E0,-2.588221741E1,-9.026439667E0
1.064428832E1,-4.244919777E0,-3.315340805E1,-1.149007320E1
1.064928842E1,2.561795712E-1,-4.131314850E1,-1.419791508E1
1.065428845E1,5.942708015E0,-5.012650299E1,-1.638172722E1
1.065928845E1,1.479676533E1,-6.157108688E1,-1.795950508E1
1.066428912E1,2.056918526E1,-6.857442474E1,-1.734419632E1
1.066928908E1,2.968660545E1,-7.741890717E1,-1.571613884E1
1.067428908E1,3.300017929E1,-7.830715179E1,-1.419791508E1
1.067928998E1,3.300017929E1,-7.842926025E1,-1.057548809E1
1.068429001E1,2.968420982E1,-7.843165588E1,-8.040028572E0
1.068929001E1,2.338955498E1,-7.839095306E1,-3.928884983E0
1.069429001E1,1.756446266E1,-7.544129181E1,-1.039083481E0
1.069929001E1,1.172949314E1,-7.045387268E1,1.206677675E0
1.070429001E1,7.628225803E0,-6.494721222E1,2.420537949E0
1.070929001E1,4.513070107E0,-5.760868454E1,3.174711466E0
1.071428998E1,3.189076662E0,-5.313601303E1,3.442862034E0
1.071928995E1,1.865083098E0,-4.545302200E1,3.746925592E0
1.072428995E1,1.333570361E0,-4.091092300E1,3.921702385E0
1.072928998E1,-1.048929691E1,-1.711674690E1,5.886563873E1
1.073429001E1,-1.648946571E1,-6.328174591E0,7.598477936E1
1.073929001E1,1.355148125E1,-1.294574833E1,7.616434479E1
1.074429001E1,2.512565041E1,-1.225142956E1,7.816589355E1
1.074928998E1,1.885254288E1,-1.554136181E1,7.842207336E1
1.075428994E1,2.100493050E1,-2.637063599E1,7.699273682E1
1.075929058E1,1.215087318E1,-3.612491226E1,1.797865868E1
1.076429058E1,8.655338287E0,-2.654780579E1,-7.905953407E0
1.076929061E1,6.462249756E0,-1.595555878E1,-1.196651936E1
1.077429064E1,4.750096321E0,-1.355387497E1,-1.060900688E1
1.077929068E1,4.977844715E0,-6.052841187E0,-6.323386192E0
1.078428991E1,8.296208382E0,5.315127969E-1,-3.758896589E0
1.078928991E1,1.350599098E1,1.451395035E1,-1.714248419E0
1.079428988E1,1.737771416E1,2.512325668E1,-4.896441936E0
1.079928994E1,1.913984680E1,2.562364388E1,-1.141106415E1
1.080428994E1,2.024836159E1,1.996105766E1,-1.591725159E1
1.080928931E1,2.106957436E1,1.424340534E1,-1.762910652E1
1.081428931E1,2.060030937E1,8.988132477E0,-1.786613083E1
1.081928931E1,1.787092018E1,3.792415380E0,-1.625483322E1
1.082428927E1,1.540968037E1,1.350329757E0,-1.419312668E1
1.082928924E1,1.104235744E1,-1.216254473E0,-9.917082787E0
1.083428921E1,9.047987938E0,-1.896207690E0,-7.597101212E0
1.083928920E1,6.694487095E0,-2.231395960E0,-3.976768970E0
1.084428920E1,2.056619167E0,-1.951274395E0,2.268326569E1
1.084928924E1,7.685387731E-1,-3.869029999E0,3.227473831E1
1.085428927E1,2.121262789E0,-5.363311291E0,2.814952660E1
1.085928930E1,3.035847664E0,-6.569988728E0,2.066974258E1
1.086428930E1,3.670311213E0,-7.958625793E0,1.894112778E1
1.086928930E1,5.380070686E0,-1.123389339E1,1.702576637E1
1.087428927E1,6.802226067E0,-1.344853020E1,1.289786339E1
1.087928927E1,8.164526939E0,-1.531391239E1,5.547664642E0
1.088428927E1,8.854057312E0,-1.433199024E1,8.834604025E-1
1.088928930E1,9.395146370E0,-1.399440861E1,1.580173075E-1
1.089428930E1,9.742305756E0,-1.636975479E1,6.122272968E0
1.089928930E1,1.110460663E1,-2.170643044E1,1.133444977E1
1.090428930E1,1.399201393E1,-2.566434669E1,1.167203236E1
1.090928930E1,2.160587502E1,-3.435320282E1,1.280927849E1
1.091428930E1,2.661484337E1,-4.082233429E1,1.415481949E1
1.091928927E1,3.318453217E1,-5.107699966E1,1.637693787E1
1.092428927E1,3.591422272E1,-5.614582443E1,1.691323853E1
1.092928927E1,3.844250107E1,-6.078099823E1,1.588612652E1
1.093428930E1,3.742496490E1,-6.125744629E1,1.325220585E1
1.093928930E1,3.526539230E1,-5.843947220E1,9.888352394E0
1.094428930E1,3.196109581E1,-5.230522537E1,3.598485231E0
1.094928920E1,2.564998055E1,-4.384381866E1,-4.017470360E0
1.095428917E1,2.220681953E1,-3.877768707E1,-6.957849503E0
1.095928980E1,1.802893829E1,-3.062513161E1,-1.061858368E1
1.096428980E1,1.620934486E1,-2.669385338E1,-1.179174232E1
1.096928980E1,1.348204899E1,-2.117970657E1,-1.250521469E1
1.097428983E1,1.240944672E1,-1.842637444E1,-1.164569664E1
1.097928987E1,9.873987198E0,-1.515350151E1,-9.244312286E0
1.098428990E1,7.759906769E0,-1.336952114E1,-7.735964775E0
1.098928990E1,6.972214699E0,-1.187075138E1,-6.385635376E0
1.099428990E1,5.976226807E0,-1.107587624E1,-5.468656063E0
1.099928987E1,4.853046894E0,-1.050845051E1,-4.970662117E0
1.100428987E1,4.256890774E0,-1.015650272E1,-4.766855717E0
1.100928920E1,3.732560396E0,-9.148544312E0,-4.323928356E0
1.101428923E1,3.414131641E0,-8.827720642E0,-3.950432777E0
1.101928923E1,3.129221678E0,-8.619425774E0,-3.660734415E0
1.102428923E1,2.731784105E0,-8.198045731E0,-3.514688015E0
1.102928920E1,2.638410330E0,-8.004115105E0,-3.785232782E0
1.103428916E1,2.413355350E0,-7.807791233E0,-3.950432777E0
1.103928913E1,1.999158382E0,-7.525275230E0,-3.904942989E0
1.104428913E1,1.556231141E0,-7.103895664E0,-3.763684988E0
1.104928916E1,1.120486379E0,-6.567594528E0,-3.560178041E0
1.105428920E1,9.361328483E-1,-6.332962990E0,-3.452438831E0
1.105928923E1,5.985504389E-1,-6.201281548E0,-3.351882458E0
1.106428923E1,4.764461517E-1,-6.337751389E0,-3.390189648E0
1.106928923E1,3.687070608E-1,-6.912359715E0,-3.691859007E0
1.107428920E1,5.171475410E-1,-7.546823025E0,-4.345476151E0
1.107928916E1,7.637503147E-1,-9.100660324E0,-5.703287601E0
1.108428913E1,5.770025849E-1,-1.070477486E1,-5.978621006E0
1.108928913E1,3.232172430E-1,-1.266802025E1,-7.297826290E0
1.109428913E1,5.985504389E-1,-1.435832691E1,-9.366415977E0
1.109928916E1,1.180341482E0,-1.517026043E1,-1.093461800E1
1.110428919E1,1.697489023E0,-1.528039360E1,-1.149246788E1
1.110928923E1,2.468421936E0,-1.473212147E1,-1.118122101E1
1.111428923E1,2.956839085E0,-1.457141113E1,-1.084842682E1
1.111928923E1,3.739742994E0,-1.425058746E1,-1.025705910E1
1.112428919E1,4.005499363E0,-1.389624596E1,-9.524434090E0
1.112928919E1,3.773261786E0,-1.335994434E1,-8.731952667E0
1.113428909E1,3.701435804E0,-1.217720890E1,-7.439084053E0
1.113928913E1,3.394978046E0,-1.030254936E1,-5.502174854E0
1.114428912E1,3.114856482E0,-9.148544312E0,-4.434061527E0
1.114928913E1,2.693476915E0,-7.501333237E0,-3.057395458E0
1.115428909E1,2.482787132E0,-6.785466671E0,-2.504334927E0
1.115928972E1,2.193088770E0,-5.846940041E0,-1.915361404E0
1.116428969E1,2.001552582E0,-5.210082054E0,-1.814804912E0
1.116928969E1,1.644816518E0,-4.096478939E0,-1.941697598E0
1.117428972E1,1.379060149E0,-3.069366693E0,-2.183511972E0
1.117928976E1,1.142034173E0,-1.692700624E0,-2.518700123E0
1.118428979E1,-2.394201756E-1,6.028899193E0,-5.799055576E0
1.118929036E1,-3.773261786E0,2.017653656E1,-9.249100685E0
1.119429036E1,-6.577171326E0,3.048147964E1,-7.192481041E0
1.119929032E1,-6.524498940E0,2.260425758E1,-3.897760391E0
1.120429029E1,-5.461473465E0,1.516547203E1,-3.129221678E0
1.120928959E1,-3.696647406E0,3.028665066E0,-1.774103403E0
1.121428959E1,-2.741360903E0,-2.358288765E0,-1.290474772E0
1.121928959E1,-1.168370485E0,-6.373664379E0,-2.087743998E0
1.122428962E1,-1.225831270E0,-6.081571579E0,-2.051830769E0
1.122928965E1,-1.647210717E0,-5.667374611E0,-2.188300371E0
1.123428969E1,-1.695094824E0,-5.679345608E0,-2.492363930E0
1.123928969E1,-1.292868972E0,-5.837363243E0,-3.057395458E0
1.124428969E1,-1.407790542E0,-5.698499203E0,-3.361459255E0
1.124928965E1,-1.893813491E0,-5.243600845E0,-3.268085241E0
1.125428965E1,-1.884236693E0,-5.198111057E0,-3.038241863E0
1.125928965E1,-1.572990537E0,-5.284302235E0,-2.580949545E0
1.126428969E1,-8.882488012E-1,-5.619490623E0,-1.987187386E0
1.126928968E1,9.576806426E-2,-6.004957199E0,-1.177947283E0
1.127428969E1,8.020575643E-1,-6.277895927E0,-3.256114423E-1
1.127928965E1,1.369483352E0,-6.574777126E0,4.453215301E-1
1.128428972E1,1.819593310E0,-6.917148113E0,1.185129881E0
1.128928968E1,2.308010340E0,-7.324162483E0,1.862688899E0
1.129428968E1,2.621650934E0,-7.733570576E0,2.229001760E0
1.129928972E1,3.114856482E0,-8.696040154E0,2.810792685E0
1.130428975E1,3.615244627E0,-9.404723167E0,3.193865061E0
1.130928978E1,4.735731125E0,-1.063534355E1,3.914519787E0
1.131428978E1,5.767930984E0,-1.136796856E1,4.321534157E0
1.131928978E1,6.680121899E0,-1.263928986E1,4.762067318E0
1.132428975E1,7.707234383E0,-1.399919701E1,5.011363506E0
1.132928975E1,8.842085838E0,-1.565628338E1,5.236418247E0
1.133428975E1,9.890746117E0,-1.738010788E1,5.310638428E0
1.133928921E1,1.119319248E1,-1.990120316E1,5.310638428E0
1.134428925E1,1.215087318E1,-2.185726547E1,5.346551895E0
1.134928925E1,1.381005478E1,-2.600192833E1,5.322609425E0
1.135428925E1,1.471057415E1,-2.917185211E1,5.332186222E0
1.135928991E1,1.640566826E1,-3.582324219E1,5.411195278E0
1.136428991E1,1.730828285E1,-4.190451431E1,6.026504993E0
1.136928991E1,1.765783691E1,-4.891982651E1,7.020098686E0
1.137428988E1,1.712632370E1,-5.590161514E1,7.575553417E0
1.137928988E1,1.492365742E1,-6.396319199E1,8.066365242E0
1.138428988E1,1.324262905E1,-6.791602325E1,8.356062889E0
1.138928991E1,1.120516300E1,-7.193109894E1,8.712799072E0
1.139428991E1,1.038874054E1,-7.281216431E1,9.222764015E0
1.139928991E1,8.935460091E0,-7.059034729E1,9.912294388E0
1.140428988E1,7.388805866E0,-6.693679047E1,9.569923401E0
1.140928921E1,6.002563000E0,-5.773318100E1,8.729558945E0
1.141428921E1,6.028899193E0,-4.970272827E1,7.360075474E0
1.141928924E1,6.684910297E0,-4.281909943E1,5.727229595E0
1.142428858E1,6.785466671E0,-3.710892868E1,4.146757126E0
1.142928791E1,6.160580158E0,-3.071611214E1,2.916137695E0
1.143428701E1,5.770325184E0,-2.734028625E1,2.128445387E0
1.143928634E1,5.595548630E0,-2.267847633E1,1.544260144E0
1.144428544E1,5.940313816E0,-2.088043213E1,2.588132143E0
1.144928474E1,6.505016327E1,-1.558445740E1,7.274752045E1
1.145428404E1,4.280712891E1,-2.251806641E1,7.772057343E1
1.145928314E1,1.472493935E1,-2.032018852E1,4.676025391E1
1.146428228E1,2.006340981E0,-2.345180511E1,5.432743073E0
1.146928141E1,-3.184288144E-1,-2.413894081E1,-9.945813179E0
1.147428051E1,-9.792284966E-1,-2.272875595E1,-1.487098503E1
1.147928048E1,-4.477157295E-1,-1.815104103E1,-1.896985817E1
1.148427978E1,2.585737705E-1,-1.463844872E1,-2.128505135E1
1.148927934E1,1.620874524E0,-9.624990463E0,-2.307112694E1
1.149427931E1,2.554613113E0,-7.448660851E0,-2.207992744E1
1.149927904E1,3.758896589E0,-4.223371983E0,-1.840722084E1
1.150427841E1,5.016151905E0,-1.015141487E0,-1.497632980E1
1.150927844E1,5.770325184E0,-3.639186621E-1,-1.246690750E1
1.151427847E1,6.416759968E0,-3.112462163E-2,-1.156429386E1
1.151927757E1,6.443096161E0,7.398083210E-1,-1.131050777E1
1.152427774E1,6.287472725E0,1.446097851E0,-1.092264748E1
1.152927770E1,6.253953934E0,1.810016513E0,-9.713575363E0
1.153427770E1,6.400000572E0,1.649604917E0,-8.779836655E0
1.153927770E1,6.955455303E0,1.187524080E0,-7.089530468E0
1.154427774E1,7.446266651E0,1.022324085E0,-6.139032364E0
1.154927774E1,8.205228806E0,1.067813993E0,-4.534617901E0
1.155427774E1,8.722375870E0,1.039083481E0,-3.275267839E0
1.155927837E1,9.452607155E0,7.661445141E-1,-1.884236693E0
1.156427834E1,1.026184750E1,-4.764461517E-1,-2.130839527E-1
1.156927830E1,1.133444977E1,-2.456450939E0,3.612850428E0
1.157427897E1,1.092982960E1,-6.177339554E0,8.473379135E0
1.157927973E1,6.613084316E0,-1.071674633E1,1.866579437E1
1.158428067E1,4.481945515E0,-1.233283234E1,2.344462204E1
1.158928137E1,7.580341816E0,-1.355626965E1,2.349968910E1
1.159428230E1,1.226340008E1,-1.478718853E1,2.112224579E1
1.159928297E1,2.114139938E1,-1.871846771E1,1.458577633E1
1.160428363E1,2.689257050E1,-2.366488838E1,1.473690987E1
1.160928383E1,2.972251701E1,-3.348381042E1,3.198982620E1
1.161428473E1,2.032497597E1,-5.541080475E1,6.750661469E1
1.161928496E1,2.892045975E1,-6.198289108E1,4.269699478E1
1.162428590E1,3.929962540E1,-6.934535980E1,3.578972244E1
1.162928590E1,4.275445557E1,-7.784268188E1,2.235047150E1
1.163428656E1,3.466684341E1,-7.041316986E1,9.134179115E0
1.163928696E1,2.259946823E1,-5.005946732E1,-1.733402014E0
1.164428696E1,1.717899513E1,-3.777212143E1,-7.661744595E0
1.164928723E1,1.482070732E1,-2.952140427E1,-1.044620132E1
1.165428786E1,1.274224091E1,-2.346616936E1,-1.151401520E1
1.165928786E1,9.620202065E0,-1.766023064E1,-1.083645630E1
1.166428786E1,7.757512569E0,-1.507688618E1,-9.392752647E0
1.166928880E1,5.171774864E0,-1.207904720E1,-6.833351135E0
1.167428863E1,3.967192173E0,-1.088673401E1,-5.743988991E0
1.167928863E1,2.365471363E0,-9.565135002E0,-4.606443882E0
1.168428860E1,1.635239720E0,-8.827720642E0,-4.259284973E0
1.168928860E1,1.448492050E0,-7.592312813E0,-4.187458992E0
1.169428860E1,1.374271750E0,-7.084742069E0,-4.048594952E0
1.169928863E1,1.414973259E0,-6.330568790E0,-3.658340216E0
1.170428863E1,1.711854219E0,-5.937919617E0,-3.004723072E0
1.170928863E1,1.630451322E0,-6.014533997E0,-2.645592928E0
1.171428863E1,1.266532660E0,-5.921160221E0,-2.518700123E0
1.171928863E1,1.580173135E0,-5.717652798E0,-2.554613113E0
1.172428863E1,2.032677174E0,-5.624279022E0,-2.669534922E0
1.172928853E1,2.454056740E0,-4.826710701E0,-2.736572504E0
1.173428849E1,2.621650934E0,-4.659116745E0,-2.650381327E0
1.173928849E1,2.604891539E0,-4.663905144E0,-2.664746523E0
1.174428849E1,2.554613113E0,-4.611232281E0,-2.463633537E0
1.174928853E1,2.796427488E0,-4.934749126E0,-2.537853718E0
1.175428853E1,3.361459255E0,-5.688922405E0,-2.779668093E0
1.175928919E1,4.453215122E0,-6.859687328E0,-3.576937437E0
1.176428916E1,5.178957462E0,-7.929895401E0,-4.309563160E0
1.176928979E1,6.378452778E0,-1.058267117E1,-6.057629585E0
1.177428976E1,7.278672218E0,-1.237353325E1,-7.525275230E0
1.177928976E1,9.062353134E0,-1.492605209E1,-1.023790550E1
1.178428979E1,9.699210167E0,-1.582627201E1,-1.116206741E1
1.178928982E1,1.012537861E1,-1.681268311E1,-1.145655441E1
1.179428986E1,1.105193424E1,-1.745672226E1,-1.177258873E1
1.179928986E1,1.159541798E1,-1.823962784E1,-1.199764442E1
1.180428986E1,1.197130775E1,-1.850538254E1,-1.153316879E1
1.180928916E1,1.166724396E1,-1.820850182E1,-1.064013195E1
1.181428916E1,1.080772591E1,-1.710238075E1,-9.289801598E0
1.181928916E1,9.062353134E0,-1.448043156E1,-6.993762493E0
1.182428919E1,7.621043205E0,-1.293138218E1,-5.538087845E0
1.182928919E1,5.449502468E0,-1.041747093E1,-3.634398222E0
1.183428919E1,4.537012100E0,-9.160514832E0,-2.875436306E0
1.183928916E1,3.541024208E0,-7.225999832E0,-1.939303398E0
1.184428912E1,2.990357876E0,-6.012139797E0,-1.623268723E0
1.184928909E1,2.494758129E0,-4.843470097E0,-1.599326730E0
1.185428909E1,2.152387381E0,-3.670311213E0,-1.771709204E0
1.185928909E1,2.063801765E0,6.272808313E-1,-3.184288263E0
1.186428912E1,1.764526606E0,8.274660110E0,-6.000168800E0
1.186928915E1,-2.059013367E0,2.155559731E1,-5.653009415E0
1.187428919E1,-5.722441196E0,2.903298759E1,-3.299209833E0
1.187928919E1,-8.595483780E0,2.983743858E1,-1.017535686E0
1.188428919E1,-6.780678272E0,1.569459057E1,-2.051830769E0
1.188928915E1,-4.975450516E0,8.906430602E-1,-2.861071110E0
1.189428912E1,-4.453215122E0,-7.788637638E0,-2.729389906E0
1.189928909E1,-4.723760128E0,-1.243338871E1,-2.750937700E0
1.190428908E1,-4.575319290E0,-1.311334229E1,-4.000710964E0
1.190928912E1,-4.838681698E0,-1.040549946E1,-4.082113743E0
1.191428915E1,-4.788403511E0,-8.789413452E0,-3.871424198E0
1.191928918E1,-4.228160381E0,-6.840533733E0,-4.007893562E0
1.192428918E1,-4.335899353E0,-5.758354187E0,-4.077325344E0
1.192928918E1,-4.252102375E0,-4.623203278E0,-3.632004023E0
1.193428915E1,-3.471592426E0,-4.232948780E0,-2.880224705E0
1.193928915E1,-2.434903145E0,-4.137180328E0,-2.047042370E0
1.194428915E1,-9.744400978E-1,-3.804386616E0,-1.345541358E0
1.194928918E1,5.698199868E-1,-3.775655985E0,-8.738836050E-1
1.195428918E1,1.654393315E0,-4.048594952E0,-3.998316824E-1
1.195928985E1,2.384624958E0,-4.558559895E0,2.944868207E-1
1.196428982E1,2.633621931E0,-4.901230335E0,6.703764796E-1
1.196928978E1,2.784456491E0,-5.341763496E0,1.163581967E0
1.197428975E1,2.973598480E0,-5.681739807E0,1.448492050E0
1.197928975E1,3.387795448E0,-6.373664379E0,1.707065821E0
1.198428975E1,3.694253206E0,-7.089530468E0,1.821987510E0
1.198928978E1,4.058171749E0,-7.709628582E0,1.838746905E0
1.199428981E1,4.776432514E0,-8.758289337E0,1.546654344E0
1.199928985E1,6.912359715E0,-1.111897182E1,8.571242094E-1
1.200428985E1,8.284236908E0,-1.275181770E1,4.932055473E-1
1.200928918E1,1.081251431E1,-1.610639381E1,-1.173158810E-1
1.201428915E1,1.225142956E1,-1.838806725E1,-4.141969085E-1
1.201928914E1,1.467914963E1,-2.303521347E1,-7.661445141E-1
1.202428915E1,1.635299683E1,-2.682313919E1,-8.212111592E-1
1.202928918E1,1.787570763E1,-3.431729126E1,-6.967126727E-1
1.203428918E1,1.891958046E1,-4.101147842E1,-4.501099288E-1
1.203928918E1,2.009992218E1,-4.973624802E1,2.513911724E-1
1.204428918E1,2.069607735E1,-5.503252029E1,8.690952063E-1
1.204928918E1,2.161066246E1,-6.367319489E1,1.963245392E0
1.205428918E1,2.177346802E1,-6.846189880E1,2.557007313E0
1.205928914E1,2.122998428E1,-7.442375946E1,4.429273129E0
1.206428914E1,2.160108566E1,-7.612124634E1,6.210858345E0
1.206928914E1,2.136884880E1,-7.543411255E1,8.643367767E0
1.207428918E1,1.969530106E1,-7.195743561E1,9.490914345E0
1.207928918E1,1.528757668E1,-6.272748566E1,9.014469147E0
1.208428918E1,1.125783539E1,-5.333712769E1,7.479785442E0
1.208928914E1,8.262689590E0,-4.456237793E1,5.006575108E0
1.209428911E1,6.320991993E0,-3.736510849E1,2.760514498E0
1.209928911E1,4.625597477E0,-3.026839638E1,1.218648672E0
1.210428914E1,4.007893562E0,-2.661244965E1,5.506663918E-1
1.210928918E1,3.442862034E0,-2.189317894E1,-3.878606856E-1
1.211428918E1,3.411737442E0,-2.006640244E1,-8.762778044E-1
1.211928918E1,4.000710964E0,-1.791401482E1,-7.948749661E-1
1.212428918E1,2.444779205E1,-1.546714115E1,3.099383926E1
1.212928918E1,6.438935852E1,6.009446383E-1,7.543171692E1
1.213428918E1,4.891503525E1,-3.957615376E0,7.824250793E1
1.213928914E1,2.729479790E1,-1.389145756E1,5.870043945E1
1.214428914E1,1.435593224E1,-2.116294670E1,8.353669167E0
1.214928914E1,1.150922680E1,-2.083015251E1,-1.350359726E1
1.215428917E1,1.120995140E1,-1.639848518E1,-2.264016914E1
1.215928984E1,1.265365505E1,-4.752490520E0,-2.762759209E1
1.216428984E1,1.459295845E1,1.970427990E0,-2.497481537E1
1.216928981E1,1.731307030E1,1.183723259E1,-2.060988617E1
1.217428977E1,1.931941223E1,1.286673927E1,-1.876395798E1
1.217928974E1,2.050454140E1,1.048450851E1,-1.839525032E1
1.218428974E1,2.080142212E1,8.176498413E0,-1.877353477E1
1.218928977E1,1.964741707E1,5.576395035E0,-1.771050835E1
1.219428980E1,1.733222389E1,2.968810081E0,-1.559403419E1
1.219928984E1,1.346768379E1,-2.250549644E-1,-1.171512794E1
1.220428984E1,1.148289108E1,-1.350329757E0,-9.589076996E0
1.220928917E1,8.916306496E0,-1.661576033E0,-6.670545101E0
1.221428914E1,7.635408401E0,-1.546654344E0,-5.119102478E0
1.221928910E1,6.146214962E0,-1.113303781E0,-2.734178305E0
1.222428910E1,3.900154591E0,-5.315127969E-1,1.604414368E1
1.222928914E1,2.015917778E0,-3.684676409E0,2.984701538E1
1.223428917E1,1.230619669E0,-4.934749126E0,2.521902466E1
1.223928917E1,2.298433542E0,-4.982633114E0,1.016129112E1
1.224428917E1,2.770091295E0,-4.766855717E0,4.515464306E0
1.224928913E1,3.416525841E0,-5.198111057E0,1.077390790E0
1.225428910E1,3.924096584E0,-6.122272968E0,2.109291792E0
1.225928907E1,4.630385876E0,-1.041028786E1,1.446606636E1
1.226428907E1,6.792649269E0,-1.524926949E1,2.004724884E1
1.226928910E1,1.024508858E1,-2.126589775E1,2.184768867E1
1.227428913E1,1.468633270E1,-2.695960808E1,1.946067047E1
1.227928917E1,1.983177185E1,-3.226276398E1,1.773205566E1
1.228428916E1,2.588700676E1,-3.873937988E1,1.707843971E1
1.228928917E1,3.385730362E1,-4.696855164E1,1.615188408E1
1.229428913E1,3.731483078E1,-5.113206863E1,1.567783165E1
1.229928913E1,3.959171677E1,-5.609075928E1,1.535940266E1
1.230428913E1,3.837306595E1,-5.693351746E1,1.423861694E1
1.230928916E1,3.432926178E1,-5.564064789E1,8.210017204E0
1.231428916E1,2.943760681E1,-5.269308853E1,4.551377296E0
1.231928916E1,2.429456329E1,-4.524233246E1,-1.575384736E0
1.232428916E1,1.974079132E1,-3.798520660E1,-5.602731228E0
1.232928916E1,1.644636917E1,-3.016305161E1,-9.502885818E0
1.233428916E1,1.511519432E1,-2.641851997E1,-1.067365074E1
1.233928913E1,1.307503510E1,-2.204640770E1,-1.117164421E1
1.234428910E1,1.203834534E1,-2.009992218E1,-1.085560989E1
1.234928910E1,1.052521038E1,-1.776318169E1,-9.773430824E0
1.235428913E1,9.759065628E0,-1.689408493E1,-8.976161003E0
1.235928983E1,8.787019730E0,-1.600344276E1,-7.079953671E0
1.236428983E1,8.459013939E0,-1.531391239E1,-5.794267178E0
1.236928983E1,7.882011414E0,-1.480634212E1,-5.576395035E0
1.237428980E1,7.537246227E0,-1.431762505E1,-5.190928459E0
1.237928976E1,7.199663639E0,-1.376217079E1,-4.625597477E0
1.238428973E1,6.610690117E0,-1.359697056E1,-4.486733913E0
1.238928973E1,5.899612427E0,-1.325938797E1,-4.606443882E0
1.239428976E1,5.526116848E0,-1.316122627E1,-4.632780075E0
1.239928979E1,4.872200489E0,-1.279491329E1,-4.687847137E0
1.240428983E1,4.319139957E0,-1.239268684E1,-4.711789131E0
1.240928916E1,3.603273630E0,-1.146373749E1,-4.616020679E0
1.241428916E1,2.839523315E0,-1.042704773E1,-4.563348293E0
1.241928912E1,2.164358377E0,-9.383175850E0,-4.558559895E0
1.242428913E1,1.893813491E0,-8.868422508E0,-4.467580318E0
1.242928846E1,1.628057122E0,-8.463802338E0,-4.405331135E0
1.243428759E1,1.400607944E0,-8.411129951E0,-4.378994942E0
1.243928669E1,1.173158884E0,-8.691251755E0,-4.417302132E0
1.244428579E1,9.864110947E-1,-8.791808128E0,-4.570530891E0
1.244928486E1,1.065419793E0,-9.713575363E0,-4.848258495E0
1.245428416E1,9.816226959E-1,-1.042704773E1,-4.625597477E0
1.245928346E1,6.009446383E-1,-1.143740082E1,-3.758896589E0
1.246428256E1,2.729389966E-1,-1.179653072E1,-3.217807055E0
1.246928166E1,-1.436521020E-2,-1.165527344E1,-2.726995707E0
1.247428079E1,-1.268926859E-1,-1.159541798E1,-2.686294317E0
1.247928016E1,3.830722719E-2,-1.179174232E1,-3.318363667E0
1.248428019E1,-2.394201700E-3,-1.256746387E1,-4.357447147E0
1.248928019E1,3.591302633E-1,-1.410454178E1,-5.966650009E0
1.249428019E1,6.488286853E-1,-1.468154430E1,-6.799831867E0
1.249927949E1,9.002198577E-1,-1.511279964E1,-7.202057838E0
1.250427949E1,9.265560508E-1,-1.450437355E1,-6.598719120E0
1.250927882E1,1.158793569E0,-1.376695919E1,-5.827786446E0
1.251427886E1,1.431732655E0,-1.272787571E1,-5.159803867E0
1.251927886E1,1.561019540E0,-1.113094330E1,-4.304774761E0
1.252427819E1,1.498770237E0,-1.022593498E1,-3.866635799E0
1.252927729E1,1.278503656E0,-9.059958458E0,-3.385401249E0
1.253427729E1,1.048660398E0,-7.862857819E0,-3.162740469E0
1.253927729E1,5.530605912E-1,-6.282684326E0,-2.999934673E0
1.254427725E1,2.657563984E-1,-5.401618481E0,-2.987963676E0
1.254927725E1,-1.675941236E-2,-3.928884983E0,-3.134010077E0
1.255427725E1,-1.723825186E-1,-2.849100113E0,-3.404554844E0
1.255927795E1,-5.363011956E-1,-7.565677166E-1,-4.285621166E0
1.256427795E1,-2.920926094E0,1.358739376E1,-9.155726433E0
1.256927795E1,-7.012916088E0,2.869779968E1,-9.119813919E0
1.257427792E1,-6.198887348E0,2.369361877E1,-6.874052525E0
1.257927859E1,-2.928108692E0,1.019959831E1,-4.541800499E0
1.258427949E1,-9.002198577E-1,1.316810966E0,-3.931279182E0
1.258928042E1,-4.405331016E-1,-4.939537525E0,-4.094084740E0
1.259428135E1,-1.091755986E0,-5.336975098E0,-4.122815132E0
1.259928225E1,-1.848323703E0,-5.533299446E0,-3.464409828E0
1.260428292E1,-2.166752577E0,-5.547664642E0,-3.019088268E0
1.260928292E1,-2.214636564E0,-5.643432617E0,-3.040636063E0
1.261428315E1,-2.398990154E0,-5.511751652E0,-3.438073635E0
1.261928405E1,-2.973598480E0,-5.049670696E0,-3.663128614E0
1.262428492E1,-3.371036053E0,-4.886565685E0,-3.801992416E0
1.262928558E1,-3.426102638E0,-4.939537525E0,-3.703830004E0
1.263428558E1,-3.129221678E0,-5.128679276E0,-3.473986626E0
1.263928562E1,-2.123656988E0,-5.423166275E0,-2.846705914E0
1.264428562E1,-1.285686255E0,-5.645826817E0,-2.401384354E0
1.264928628E1,-6.320692301E-1,-6.098330975E0,-1.932120800E0
1.265428625E1,-4.788403213E-2,-6.558017731E0,-1.403002143E0
1.265928688E1,5.171475410E-1,-7.218817234E0,-6.775590777E-1
1.266428685E1,1.086967587E0,-7.963414192E0,6.464344263E-2
1.266928685E1,1.850717902E0,-8.842085838E0,9.528923035E-1
1.267428755E1,2.312798738E0,-9.665691376E0,1.393425345E0
1.267928848E1,2.918531895E0,-1.078378391E1,2.097320795E0
1.268428851E1,3.157952070E0,-1.138233376E1,2.499546528E0
1.268928851E1,3.452438831E0,-1.234480286E1,3.043030262E0
1.269428851E1,3.849876404E0,-1.303912163E1,3.253720045E0
1.269928848E1,5.035305500E0,-1.469620895E1,3.521870613E0
1.270428848E1,6.407183170E0,-1.633623695E1,3.773261786E0
1.270928818E1,7.585130215E0,-1.816301346E1,3.933673382E0
1.271428821E1,8.763077736E0,-2.023160362E1,3.950432777E0
1.271928825E1,1.042944145E1,-2.345419884E1,4.098873138E0
1.272428824E1,1.175582981E1,-2.597080421E1,4.311957359E0
1.272928821E1,1.343655968E1,-3.088370514E1,4.833893299E0
1.273428818E1,1.398243713E1,-3.413742447E1,5.023334503E0
1.273928814E1,1.466239071E1,-4.066671371E1,5.799055576E0
1.274428811E1,1.490929222E1,-4.648252869E1,6.854898930E0
1.274928811E1,1.456422806E1,-5.268111801E1,8.300996780E0
1.275428814E1,1.293617153E1,-5.821441650E1,9.385569572E0
1.275928884E1,1.112615490E1,-6.372377396E1,1.021875191E1
1.276428954E1,1.007509995E1,-6.557927704E1,1.076702404E1
1.276928954E1,8.765471458E0,-6.582827759E1,1.107108784E1
1.277428954E1,8.054393768E0,-6.418106842E1,1.131290245E1
1.277928951E1,6.974608898E0,-5.885127258E1,1.049887371E1
1.278428951E1,6.388029575E0,-5.474282455E1,9.280224800E0
1.278928951E1,6.100725174E0,-4.680813980E1,7.221211433E0
1.279428954E1,6.373664379E0,-4.072656631E1,5.693710804E0
1.279928954E1,6.479009151E0,-3.571071625E1,4.094084740E0
1.280428954E1,6.045658588E0,-3.098904991E1,3.114856482E0
1.280928887E1,5.052064896E0,-2.554463577E1,2.176329374E0
1.281428887E1,4.510675907E0,-2.268565941E1,1.908178806E0
1.281928887E1,4.204218388E0,-1.918054771E1,1.503558636E0
1.282428884E1,8.679280281E0,-1.772008514E1,8.985737801E0
1.282928884E1,5.123501968E1,-1.261534786E1,7.543650818E1
1.283428884E1,2.932268524E1,-2.326026726E1,7.803900146E1
1.283928887E1,1.984793186E0,-3.170252228E1,3.178392601E1
1.284428891E1,-5.301061630E0,-2.763237953E1,2.025494576E0
1.284928891E1,-6.462249756E0,-1.604414368E1,-2.356912041E1
1.285428887E1,-1.663970232E0,-7.731176376E0,-2.866188622E1
1.285928914E1,8.310573578E0,2.461239338E0,-2.504185295E1
1.286428914E1,1.162175465E1,6.141426563E0,-2.265214157E1
1.286928914E1,1.505055046E1,8.219594002E0,-1.955883217E1
1.287428917E1,1.618300819E1,7.640196800E0,-1.822765541E1
1.287928917E1,1.676719284E1,5.978621006E0,-1.715026474E1
1.288428917E1,1.592682838E1,3.722983599E0,-1.709041023E1
1.288928917E1,1.428171253E1,1.568202138E0,-1.655171585E1
1.289428917E1,1.211974812E1,-3.615244627E-1,-1.500266647E1
1.289928917E1,1.018762779E1,-1.357512355E0,-1.323544598E1
1.290428914E1,8.475772858E0,-1.733402014E0,-1.149007320E1
1.290928914E1,7.003339291E0,-1.484405041E0,-9.349657059E0
1.291428914E1,6.455067158E0,-1.197100878E0,-8.277054787E0
1.291928917E1,6.045658588E0,-8.595184088E-1,-6.972214699E0
1.292428917E1,5.933131218E0,-1.010353088E0,-6.232406139E0
1.292928917E1,6.050446987E0,-2.090138197E0,-5.152621269E0
1.293428914E1,6.450278759E0,-2.858676910E0,-4.458003521E0
1.293928947E1,7.513304234E0,-5.245995045E0,1.268926859E-1
1.294428944E1,8.621819496E0,-8.126219749E0,7.932289600E0
1.294928944E1,8.921094894E0,-1.056830597E1,1.838806725E1
1.295428947E1,9.270648003E0,-1.204552841E1,2.793644333E1
1.295929017E1,1.041028786E1,-1.736334991E1,4.425113297E1
1.296429020E1,9.974543571E0,-2.418682480E1,5.095250320E1
1.296929023E1,1.740165710E1,-3.177913666E1,3.625419998E1
1.297429023E1,2.323632622E1,-3.683359528E1,2.905214119E1
1.297929020E1,3.433644485E1,-4.996369934E1,2.511128616E1
1.298429017E1,4.186860275E1,-6.341941071E1,2.324111366E1
1.298929017E1,4.409072113E1,-7.072202301E1,1.744714546E1
1.299429017E1,4.528303146E1,-6.878032684E1,8.909123421E0
1.299929020E1,4.231392288E1,-6.185120773E1,6.943184733E-1
1.300429020E1,3.271047974E1,-5.048323822E1,-2.856282711E0
1.300928953E1,2.274312019E1,-3.806660843E1,-5.978621006E0
1.301428950E1,1.887648392E1,-3.274399948E1,-7.644985199E0
1.301928946E1,1.471057415E1,-2.609769630E1,-8.655338287E0
1.302428943E1,1.267041492E1,-2.311661530E1,-8.415918350E0
1.302928943E1,9.818920135E0,-1.925716209E1,-8.030451775E0
1.303428946E1,8.775048256E0,-1.672170258E1,-7.601889610E0
1.303928950E1,7.953837395E0,-1.489971542E1,-6.675333500E0
1.304428953E1,7.254730225E0,-1.331924343E1,-6.129455566E0
1.304928953E1,6.356904984E0,-1.213171959E1,-5.267542839E0
1.305428953E1,5.969044209E0,-1.181089592E1,-4.869806290E0
1.305928950E1,5.557241440E0,-1.118361568E1,-4.599261284E0
1.306428946E1,5.406406879E0,-1.095377159E1,-4.548983097E0
1.306928943E1,5.262754440E0,-1.065689087E1,-4.094084740E0
1.307428943E1,5.305850029E0,-1.057309437E1,-3.730166197E0
1.307928946E1,4.623203278E0,-1.080533123E1,-3.426102638E0
1.308428949E1,4.443638325E0,-1.079336071E1,-3.722983599E0
1.308928916E1,4.153939724E0,-1.044380665E1,-3.792415380E0
1.309428919E1,3.732560396E0,-1.010383034E1,-3.770867586E0
1.309928919E1,3.062183857E0,-9.210793495E0,-3.651157618E0
1.310428916E1,2.676717520E0,-8.530839920E0,-3.588908434E0
1.310928912E1,2.140416384E0,-7.621043205E0,-3.512293816E0
1.311428912E1,1.872265697E0,-7.065588474E0,-3.481169224E0
1.311928912E1,1.474828243E0,-6.383241177E0,-3.318363667E0
1.312428916E1,1.180341482E0,-6.091148376E0,-3.260902643E0
1.312928916E1,1.209071875E0,-6.335357189E0,-3.481169224E0
1.313428916E1,1.484405041E0,-6.771101475E0,-4.003105164E0
1.313928912E1,1.893813491E0,-7.237970829E0,-4.671087742E0
1.314428909E1,2.451662540E0,-8.322544098E0,-5.839757442E0
1.314928952E1,2.528276920E0,-1.044620132E1,-5.629067421E0
1.315428952E1,2.140416384E0,-1.124347019E1,-5.076006889E0
1.315929022E1,1.934514999E0,-1.176780033E1,-5.059247494E0
1.316429026E1,2.035071373E0,-1.175104141E1,-5.356128693E0
1.316929029E1,2.324769735E0,-1.163133144E1,-5.691316605E0
1.317429029E1,2.782062292E0,-1.196173096E1,-5.959467411E0
1.317929029E1,3.758896589E0,-1.252915668E1,-6.433519363E0
1.318429025E1,4.848258495E0,-1.324262905E1,-7.051223278E0
1.318929025E1,5.729623795E0,-1.341979980E1,-7.242759228E0
1.319429025E1,5.904400826E0,-1.286434460E1,-6.390423775E0
1.319929029E1,5.770325184E0,-1.201200962E1,-5.150227070E0
1.320429029E1,5.557241440E0,-1.129853725E1,-4.546588898E0
1.320928962E1,4.980238914E0,-1.007509995E1,-3.682282209E0
1.321428962E1,4.537012100E0,-9.466972351E0,-3.320757866E0
1.321928962E1,3.773261786E0,-8.329727173E0,-2.975992680E0
1.322428962E1,3.239354849E0,-7.185298443E0,-2.794033289E0
1.322928959E1,2.659958124E0,-6.043264389E0,-2.736572504E0
1.323428955E1,2.070984364E0,-4.913201332E0,-2.746149302E0
1.323928955E1,1.393425345E0,-3.459621429E0,-2.920926094E0
1.324428955E1,9.840168953E-1,-1.795651317E0,-3.337517262E0
1.324928959E1,-1.640028119E0,1.761713409E1,-1.108066463E1
1.325428958E1,-5.514145851E0,3.067062187E1,-1.174146461E1
1.325928959E1,-7.530063629E0,2.834345818E1,-7.297826290E0
1.326428955E1,-5.940313816E0,1.958037949E1,-4.675876141E0
1.326928955E1,-3.330334663E0,1.728613615E0,-3.083731890E0
1.327428955E1,-1.786074519E0,-6.071994781E0,-3.105279684E0
1.327928958E1,-1.721431017E0,-7.338527679E0,-3.356670856E0
1.328428958E1,-1.798045516E0,-7.424718857E0,-2.937685490E0
1.328928958E1,-1.819593310E0,-7.479785442E0,-2.631227732E0
1.329428958E1,-1.757344007E0,-7.568370819E0,-2.573766708E0
1.329928912E1,-2.099714994E0,-7.520486832E0,-2.631227732E0
1.330428912E1,-2.523488522E0,-7.345710278E0,-2.549824715E0
1.330928908E1,-3.052607059E0,-6.988974094E0,-2.236184359E0
1.331428908E1,-3.095702887E0,-6.986579895E0,-2.066195965E0
1.331928908E1,-2.703053713E0,-7.350498676E0,-1.663970232E0
1.332428912E1,-2.171540976E0,-7.798214436E0,-1.233013868E0
1.332928912E1,-1.539471745E0,-8.329727173E0,-7.015010715E-1
1.333428912E1,-7.589619160E-1,-8.731952667E0,-1.197100803E-2
1.333928908E1,1.987187415E-1,-9.160514832E0,9.409212470E-1
1.334428905E1,6.344634295E-1,-9.383175850E0,1.388636947E0
1.334928901E1,1.422155857E0,-9.967360497E0,2.114080191E0
1.335428901E1,1.798045516E0,-1.034564495E1,2.485181332E0
1.335928968E1,2.597708941E0,-1.123389339E1,3.148375273E0
1.336428971E1,3.205836058E0,-1.188751030E1,3.624821424E0
1.336928975E1,3.758896589E0,-1.244057083E1,4.027047157E0
1.337428978E1,4.335899353E0,-1.310855389E1,4.304774761E0
1.337928978E1,4.872200489E0,-1.384836197E1,4.496310711E0
1.338428978E1,5.523722649E0,-1.463126564E1,4.350264549E0
1.338928975E1,6.565200329E0,-1.588852119E1,4.015076160E0
1.339428974E1,7.467814445E0,-1.699464226E1,3.926490784E0
1.339928974E1,9.356839180E0,-1.970009041E1,3.835511208E0
1.340428978E1,1.063773727E1,-2.199373627E1,3.727771997E0
1.340928911E1,1.301517963E1,-2.690693665E1,3.545812607E0
1.341428911E1,1.454028606E1,-3.190124130E1,3.696647406E0
1.341928908E1,1.558924580E1,-3.781761169E1,4.793191910E0
1.342428838E1,1.568980217E1,-4.433971786E1,6.392817974E0
1.342928768E1,1.424819374E1,-5.188384628E1,7.836521626E0
1.343428678E1,1.291462326E1,-5.589443588E1,8.906729698E0
1.343928614E1,1.050845051E1,-6.186078644E1,1.027621269E1
1.344428528E1,9.296984673E0,-6.451386261E1,1.106629944E1
1.344928464E1,7.479785442E0,-6.658963013E1,1.214369011E1
1.345428404E1,6.826168537E0,-6.620177460E1,1.261534786E1
1.345928314E1,6.153397560E0,-6.246651840E1,1.295532513E1
1.346428221E1,5.739200592E0,-5.738602066E1,1.286195087E1
1.346928127E1,5.722441196E0,-5.106024170E1,1.188511658E1
1.347428037E1,6.179733753E0,-4.416015244E1,1.015410900E1
1.347928087E1,6.902782917E0,-3.630926514E1,7.551611423E0
1.348428024E1,7.135020256E0,-3.268893433E1,6.151003361E0
1.348927957E1,7.099107265E0,-2.762040901E1,4.367023945E0
1.349428141E1,6.931513309E0,-2.503466988E1,3.268085241E0
1.349928141E1,7.010521889E0,-2.176868057E1,1.692700624E0
1.350428141E1,7.465420246E0,-1.963065910E1,1.256955862E0
1.350928141E1,2.624853134E1,-1.327854156E1,2.418203545E1
1.351428071E1,5.311925507E1,-1.202398014E1,7.491457367E1
1.351928071E1,2.238638496E1,-2.398810577E1,5.812822342E1
1.352428071E1,1.848323703E0,-1.441578770E1,5.458779931E-1
1.352928074E1,6.184522152E0,-2.389413357E0,-1.250760937E1
1.353428074E1,1.275899982E1,1.819593310E0,-7.211634636E0
1.353928074E1,2.077269173E1,5.794267178E0,-1.203834534E1
1.354428070E1,2.505382347E1,5.320215225E0,-1.637215042E1
1.354928107E1,2.984462166E1,3.687070608E0,-2.178783417E1
1.355428107E1,3.221727753E1,3.552995205E0,-2.266411209E1
1.355928177E1,3.147746849E1,6.607996821E-1,-2.131617546E1
1.356428137E1,2.886539268E1,-1.716642618E0,-1.852932549E1
1.356928137E1,2.506579590E1,-3.090914488E0,-1.436072063E1
1.357428204E1,2.141194344E1,-3.275267839E0,-8.705616951E0
1.357928270E1,1.875677490E1,-5.099649429E-1,1.025227070E1
1.358428360E1,1.729870605E1,8.259995580E-1,1.989162636E1
1.358928424E1,1.373104572E1,6.655880809E-1,1.958277512E1
1.359428510E1,1.134402657E1,-3.567360640E-1,1.339346313E1
1.359928577E1,8.198045731E0,-1.539471745E0,5.528511047E0
1.360428640E1,6.110301971E0,-1.915361404E0,3.483563423E0
1.360928667E1,4.168305397E0,-2.169146776E0,3.883395195E0
1.361428757E1,2.312798738E0,-3.035847664E0,6.409577370E0
1.361928847E1,1.446097851E0,-5.035305500E0,9.658509254E0
1.362428867E1,1.781286120E0,-7.391200066E0,1.026424217E1
1.362928820E1,2.631227732E0,-9.703998566E0,7.824550629E0
1.363428887E1,3.339911461E0,-1.087715721E1,6.469432354E0
1.363928957E1,4.742913723E0,-1.363767242E1,5.478232861E0
1.364428773E1,5.825392246E0,-1.557488060E1,5.214870453E0
1.364928773E1,8.380004883E0,-1.896985817E1,6.859687328E0
1.365428773E1,1.096574306E1,-2.259228516E1,1.051802731E1
1.365928773E1,1.486380291E1,-2.812558556E1,1.509604073E1
1.366428840E1,2.004964447E1,-3.555509186E1,1.917097092E1
1.366928836E1,2.811361504E1,-4.611621475E1,2.173037338E1
1.367428836E1,3.245430374E1,-5.288701630E1,2.245581627E1
1.367928836E1,3.839221954E1,-6.339067841E1,1.875677490E1
1.368428856E1,3.949594879E1,-6.720733643E1,1.517504883E1
1.368928856E1,3.879684067E1,-6.704931641E1,7.613860607E0
1.369428856E1,3.580887604E1,-6.324224091E1,2.877830505E0
1.369928816E1,2.729719162E1,-5.145528412E1,-3.047818661E0
1.370428813E1,2.100971794E1,-4.161242294E1,-6.529287338E0
1.370928810E1,1.644397545E1,-3.225079346E1,-1.127459526E1
1.371428850E1,1.529954720E1,-2.790531921E1,-1.193778896E1
1.371928850E1,1.321150398E1,-2.222357941E1,-1.176301193E1
1.372428853E1,1.193060589E1,-1.955883217E1,-1.104714584E1
1.372928856E1,1.031691456E1,-1.552220821E1,-9.028834343E0
1.373428860E1,9.191639900E0,-1.435832691E1,-7.791031837E0
1.373928860E1,7.755118370E0,-1.312531281E1,-6.428730965E0
1.374428860E1,6.723217487E0,-1.235677433E1,-5.720046997E0
1.374928856E1,6.177339554E0,-1.166485023E1,-5.193322659E0
1.375428856E1,5.583577633E0,-1.118361568E1,-4.608838081E0
1.375928923E1,5.181351662E0,-1.078617764E1,-3.919308186E0
1.376428926E1,5.004180908E0,-1.068562126E1,-3.675099611E0
1.376928926E1,4.072536945E0,-1.021875191E1,-3.648763418E0
1.377428993E1,3.509899616E0,-9.754277229E0,-3.751713991E0
1.377928989E1,2.614468336E0,-9.100660324E0,-3.825934410E0
1.378428986E1,2.135627985E0,-8.791808128E0,-3.785232782E0
1.378928982E1,1.501164436E0,-8.207622528E0,-3.720589399E0
1.379428982E1,1.094150186E0,-7.812579632E0,-3.749319792E0
1.379928986E1,6.967126727E-1,-7.410353661E0,-3.828328609E0
1.380428989E1,2.466027737E-1,-7.003339291E0,-3.916913986E0
1.380928926E1,-2.226607651E-1,-6.634632111E0,-4.072536945E0
1.381428926E1,-4.453215301E-1,-6.416759968E0,-4.141968727E0
1.381928926E1,-4.596867263E-1,-6.400000572E0,-4.618414879E0
1.382428922E1,-2.944868207E-1,-6.668150902E0,-5.329792023E0
1.382928922E1,2.226607651E-1,-7.398382664E0,-6.962637901E0
1.383428906E1,3.136404157E-1,-8.056788445E0,-7.874828815E0
1.383928909E1,-1.580173075E-1,-9.833285332E0,-8.396764755E0
1.384428912E1,-9.265560508E-1,-1.124107647E1,-7.812579632E0
1.384928912E1,-1.221042871E0,-1.213650799E1,-7.182904243E0
1.385428912E1,-1.391031146E0,-1.267999172E1,-7.075165272E0
1.385928912E1,-1.460463047E0,-1.311094761E1,-7.123049259E0
1.386428912E1,-1.685518026E0,-1.349880886E1,-7.343316078E0
1.386928912E1,-2.080561161E0,-1.407581139E1,-7.570765018E0
1.387428909E1,-2.142810583E0,-1.406623459E1,-7.130231857E0
1.387928909E1,-1.879448295E0,-1.344374180E1,-6.074388981E0
1.388428909E1,-1.587355733E0,-1.295771885E1,-5.169380665E0
1.388928912E1,-1.455674648E0,-1.211974812E1,-4.340687752E0
1.389428912E1,-1.161187768E0,-1.104475212E1,-3.531447411E0
1.389928912E1,-3.519476354E-1,-9.294589996E0,-2.449268341E0
1.390428909E1,1.628057212E-1,-8.262689590E0,-1.977610588E0
1.390928905E1,3.782838583E-1,-6.986579895E0,-1.525106430E0
1.391428902E1,3.519476354E-1,-6.103119373E0,-1.549048543E0
1.391928902E1,1.484405100E-1,-4.999392509E0,-1.855506301E0
1.392428905E1,-3.782838583E-1,-1.795651317E0,-4.290409565E0
1.392928908E1,-2.722207308E0,9.354445457E0,-1.213171959E1
1.393428912E1,-5.411195278E0,1.707604599E1,-1.484704304E1
1.393928912E1,-1.086758041E1,2.728761482E1,-1.200003815E1
1.394428912E1,-1.145176601E1,2.841288948E1,-8.559570312E0
1.394928908E1,-9.692028046E0,2.353081322E1,-7.424718857E0
1.395428908E1,-7.204452038E0,1.641763878E1,-7.340921879E0
1.395928975E1,-4.041412354E0,4.268861771E0,-5.767930984E0
1.396428978E1,-2.614468336E0,-1.874659896E0,-4.608838081E0
1.396928982E1,-1.850717902E0,-7.946654797E0,-3.179499865E0
1.397428982E1,-1.843535304E0,-9.960178375E0,-2.200271368E0
1.397928978E1,-1.395819545E0,-1.064731407E1,-5.554547906E-1
1.398428975E1,-1.043871999E0,-1.001763916E1,4.620809257E-1
1.398928971E1,-7.996633649E-1,-9.347262383E0,7.781155705E-1
1.399428968E1,-7.110779285E-1,-8.894758224E0,7.589619160E-1
1.399928968E1,-8.762778044E-1,-8.662521362E0,6.512228847E-1
1.400428971E1,-1.640028119E0,-8.087912560E0,9.457096457E-1
1.400928908E1,-2.726995707E0,-7.372046471E0,1.422155857E0
1.401428911E1,-3.126827478E0,-7.271489620E0,1.328781962E0
1.401928911E1,-3.105279684E0,-7.680898190E0,5.889736414E-1
1.402428911E1,-2.932897091E0,-8.171710014E0,6.464344263E-2
1.402928908E1,-2.236184359E0,-9.304166794E0,-9.121908545E-1
1.403428908E1,-1.391031146E0,-1.056830597E1,-1.666364431E0
1.403928908E1,-5.027823448E-1,-1.191624069E1,-2.157175779E0
1.404428911E1,3.591302633E-1,-1.317080307E1,-2.355894566E0
1.404928911E1,1.319205165E0,-1.457380486E1,-2.023100376E0
1.405428911E1,1.678335428E0,-1.522293282E1,-1.592144132E0
1.405928911E1,2.394201756E0,-1.649664879E1,-8.978256583E-1
1.406428911E1,2.999934673E0,-1.749502945E1,-5.817909837E-1
1.406928911E1,4.101267338E0,-1.956601524E1,-3.016694188E-1
1.407428908E1,4.819528103E0,-2.103366089E1,-1.221042871E-1
1.407928908E1,6.459855556E0,-2.370798302E1,-1.125274822E-1
1.408428908E1,8.131008148E0,-2.589418983E1,-3.471592367E-1
1.408928911E1,1.018044472E1,-2.800348091E1,-6.679822803E-1
1.409428914E1,1.243578243E1,-3.052218056E1,-1.244984865E0
1.409928914E1,1.553178501E1,-3.439390564E1,-1.807622313E0
1.410428911E1,1.762910652E1,-3.728609848E1,-2.178723574E0
1.410928907E1,2.064819336E1,-4.200986099E1,-1.953668594E0
1.411428907E1,2.199852371E1,-4.525190735E1,-1.438915253E0
1.411928907E1,2.409584427E1,-5.090461731E1,-5.650315881E-1
1.412428911E1,2.405514336E1,-5.362682724E1,3.208230138E-1
1.412928911E1,2.322435570E1,-5.568853378E1,8.283938169E-1
1.413428911E1,2.246060562E1,-5.836524963E1,1.063025594E0
1.413928911E1,2.157953835E1,-6.109463882E1,1.137245774E0
1.414428911E1,2.056200218E1,-6.314886475E1,1.094150186E0
1.414928911E1,1.891239738E1,-6.421458435E1,1.295263171E0
1.415428907E1,1.723166847E1,-6.357024384E1,2.025494576E0
1.415928974E1,1.469830322E1,-6.028779602E1,2.360682964E0
1.416428974E1,1.272308731E1,-5.722560883E1,2.923320293E0
1.416928977E1,9.124602318E0,-5.039704895E1,3.287238836E0
1.417428977E1,6.876446724E0,-4.559667206E1,3.306392431E0
1.417928977E1,5.734412193E0,-3.779845810E1,2.906560898E0
1.418428974E1,6.316203594E0,-3.327311707E1,1.788468719E0
1.418928970E1,8.983344078E0,-3.055809402E1,1.398213744E0
1.419428967E1,5.536052704E1,-2.418203545E1,5.523842239E1
1.419928967E1,4.827817917E1,-2.468272400E1,7.769184875E1
1.420428970E1,3.795408249E1,-2.595165062E1,6.732943726E1
1.420928907E1,1.685338402E1,-2.550153923E1,8.269871712E0
1.421428910E1,1.129853725E1,-2.323153687E1,-5.277119637E0
1.421928914E1,1.057788277E1,-1.709280396E1,-1.214847851E1
1.422428914E1,1.306785202E1,-5.590760231E0,-1.635299683E1
1.422928910E1,1.932659531E1,4.106055737E0,-2.081578827E1
1.423428907E1,2.276945686E1,1.199285603E1,-1.694675827E1
1.423928907E1,3.043598938E1,1.770811462E1,5.482721925E-1
1.424428907E1,4.036264801E1,1.873522758E1,2.649273872E1
1.424928910E1,4.421043015E1,1.964262962E1,1.578796482E1
1.425428910E1,4.424873734E1,1.852932549E1,5.128679276E0
1.425928910E1,3.984310913E1,1.356105804E1,-6.701669693E0
1.426428907E1,3.583282089E1,9.955389977E0,-1.010861874E1
1.426928880E1,2.869301033E1,6.198887348E0,-1.219396877E1
1.427428877E1,2.304479027E1,3.792415380E0,-1.107108784E1
1.427928876E1,1.790443802E1,1.388636947E0,-8.851662636E0
1.428428880E1,1.335036755E1,-7.062895298E-1,-6.483797550E0
1.428928883E1,8.928277016E0,-1.929726601E0,-3.464409828E0
1.429428886E1,6.874052525E0,-2.384624958E0,-8.619125932E-2
1.429928886E1,4.309563160E0,-2.468421936E0,4.230554581E0
1.430428886E1,2.885013103E0,-2.561795712E0,6.701669693E0
1.430928883E1,1.072602391E0,-3.088520288E0,9.952995300E0
1.431428880E1,2.513911724E-1,-3.770867586E0,1.126980686E1
1.431928876E1,-4.094084799E-1,-5.739200592E0,1.296969032E1
1.432428876E1,2.202665508E-1,-8.260294914E0,1.399680233E1
1.432928880E1,1.927332401E0,-1.160499477E1,1.222269917E1
1.433428883E1,3.301604033E0,-1.346529007E1,6.739976883E0
1.433928886E1,3.586514235E0,-1.315883160E1,1.644816518E0
1.434428889E1,3.785232782E0,-1.286673927E1,1.675941236E-2
1.434928889E1,3.541024208E0,-1.454028606E1,3.962403774E0
1.435428886E1,3.550601006E0,-1.697069931E1,9.217975616E0
1.435928949E1,5.849334240E0,-2.131857109E1,9.507674217E0
1.436428949E1,9.249100685E0,-2.619346428E1,8.478167534E0
1.436928949E1,1.373344040E1,-3.290441132E1,9.074323654E0
1.437428953E1,1.881902313E1,-4.033391953E1,1.149007320E1
1.437928953E1,2.459653282E1,-4.726782608E1,1.515589523E1
1.438428953E1,3.114706802E1,-5.366992188E1,1.926673889E1
1.438928949E1,3.781282425E1,-5.821680832E1,2.013822937E1
1.439428946E1,4.009210587E1,-5.816892624E1,1.743278122E1
1.439928942E1,3.903626251E1,-5.464944839E1,8.753500938E0
1.440428942E1,3.589985657E1,-5.049281693E1,3.318363667E0
1.440928879E1,2.834824562E1,-4.063798141E1,-2.748543501E0
1.441428882E1,2.220681953E1,-3.384772873E1,-5.648221016E0
1.441928909E1,1.782782364E1,-2.825966072E1,-7.561188221E0
1.442428842E1,1.459774685E1,-2.380854034E1,-8.449437141E0
1.442928842E1,1.158584118E1,-1.959713936E1,-8.243535995E0
1.443428839E1,9.885957718E0,-1.813907051E1,-7.494150639E0
1.443928769E1,8.195652008E0,-1.676479912E1,-6.869264126E0
1.444428675E1,7.247547626E0,-1.621413231E1,-6.830956936E0
1.444928585E1,5.842151642E0,-1.517265511E1,-7.168539047E0
1.445428519E1,5.190928459E0,-1.461211205E1,-7.585130215E0
1.445928432E1,4.848258495E0,-1.358260536E1,-7.769483566E0
1.446428345E1,4.663905144E0,-1.293856525E1,-7.398382664E0
1.446928329E1,3.979163170E0,-1.236156273E1,-7.060800076E0
1.447428239E1,2.858676910E0,-1.233043766E1,-7.381623268E0
1.447928145E1,2.391807556E0,-1.227776527E1,-7.434295654E0
1.448428075E1,1.719036818E0,-1.206228733E1,-7.163750648E0
1.448928059E1,6.560112834E-1,-1.151401520E1,-7.149385452E0
1.449428069E1,3.663128614E-1,-1.066646767E1,-6.799831867E0
1.449928072E1,1.292868853E-1,-9.012074471E0,-5.839757442E0
1.450428072E1,-2.537853718E-1,-8.358457565E0,-5.265148640E0
1.450928072E1,-8.283938169E-1,-7.206846237E0,-4.961085320E0
1.451428068E1,-1.419761658E0,-6.095936775E0,-4.714183331E0
1.451928025E1,-1.944091797E0,-5.193322659E0,-4.553771496E0
1.452427998E1,-2.387019157E0,-4.496310711E0,-4.393360138E0
1.452927998E1,-2.636016130E0,-3.842693806E0,-4.151545525E0
1.453428002E1,-2.540247917E0,-3.691859007E0,-4.091690540E0
1.453928005E1,-2.530671120E0,-4.197035789E0,-4.290409565E0
1.454428008E1,-2.482787132E0,-4.570530891E0,-4.429273129E0
1.454928008E1,-2.770091295E0,-5.269937038E0,-4.017470360E0
1.455428008E1,-3.203441858E0,-5.720046997E0,-3.945644379E0
1.455928072E1,-3.682282209E0,-6.270713329E0,-3.134010077E0
1.456428072E1,-4.125209332E0,-6.716034889E0,-3.129221678E0
1.456928072E1,-4.774038315E0,-7.233182430E0,-3.869029999E0
1.457428142E1,-4.881777287E0,-7.170933247E0,-3.761290789E0
1.457928142E1,-4.831499100E0,-7.058405876E0,-3.325546265E0
1.458428142E1,-5.128679276E0,-7.434295654E0,-3.718195200E0
1.458928208E1,-5.145438671E0,-8.128614426E0,-4.661510944E0
1.459428298E1,-5.344157696E0,-8.219594002E0,-4.764461517E0
1.459928388E1,-5.806238174E0,-7.400776863E0,-5.080795288E0
1.460428455E1,-5.451896667E0,-6.311414719E0,-4.558559895E0
1.460928475E1,-4.647145271E0,-5.143044472E0,-3.754108191E0
1.461428498E1,-3.655946016E0,-3.830722809E0,-3.186682463E0
1.461928518E1,-2.875436306E0,-2.528276920E0,-2.892195702E0
1.462428611E1,-2.791639090E0,-5.889736414E-1,-4.232948780E0
1.462928701E1,-4.927566528E0,5.985803604E0,-1.195933723E1
1.463428768E1,-6.522104740E0,9.217975616E0,-1.434156704E1
1.463928781E1,-6.684910297E0,9.433453560E0,-1.184680939E1
1.464428771E1,-5.528511047E0,7.266701221E0,-9.584288597E0
1.464928771E1,-3.483563423E0,2.796427488E0,-6.682516098E0
1.465428775E1,-2.240972757E0,-1.221042871E-1,-5.195716858E0
1.465928774E1,-1.788468719E0,-1.932120800E0,-5.219658852E0
1.466428775E1,-2.784456491E0,-4.929960728E0,-6.043264389E0
1.466928815E1,-2.624045134E0,-8.676886559E0,-3.213018656E0
1.467428838E1,-1.750161409E0,-1.051802731E1,9.289502501E-1
1.467928838E1,-1.156399369E0,-9.787796021E0,3.617638826E0
1.468428834E1,-1.000776291E0,-8.861239433E0,4.352658749E0
1.468928834E1,-8.619126081E-1,-6.991368294E0,5.557241440E0
1.469428834E1,-1.074996591E0,-5.978621006E0,5.801449776E0
1.469928798E1,-1.319205165E0,-4.273650169E0,5.801449776E0
1.470428798E1,-1.541865945E0,-3.076549292E0,5.497386456E0
1.470928798E1,-1.867477298E0,-2.018311977E0,5.150227070E0
1.471428794E1,-2.221819162E0,-1.158793569E0,4.371812344E0
1.471928791E1,-2.375048161E0,-5.003881454E-1,2.978386879E0
1.472428791E1,-2.375048161E0,-2.777273953E-1,1.994369984E0
1.472928794E1,-2.523488522E0,-1.221042871E-1,8.283938169E-1
1.473428798E1,-2.734178305E0,-1.532289088E-1,4.309563041E-1
1.473928798E1,-3.330334663E0,-5.650315881E-1,1.915361285E-1
1.474428798E1,-3.782838583E0,-1.233013868E0,1.963245422E-1
1.474928798E1,-4.225766182E0,-2.355894566E0,8.619125932E-2
1.475428798E1,-4.673481941E0,-3.904942989E0,0.000000000E0
1.475928864E1,-5.143044472E0,-6.136638165E0,-1.484405100E-1
1.476428927E1,-5.712864399E0,-8.676886559E0,-4.908113480E-1
1.476928927E1,-6.833351135E0,-1.253155136E1,-1.515529633E0
1.477428927E1,-7.448660851E0,-1.549587154E1,-2.513911724E0
1.477928931E1,-7.546823025E0,-2.168488312E1,-4.508281708E0
1.478428931E1,-6.749553680E0,-2.630838585E1,-6.071994781E0
1.478928931E1,-3.043030262E0,-3.581845474E1,-9.816526413E0
1.479428927E1,2.049436569E0,-4.224449158E1,-1.380047798E1
1.479928924E1,9.443030357E0,-5.198440552E1,-1.781585312E1
1.480428921E1,1.858917999E1,-5.930138397E1,-1.681028938E1
1.480928854E1,2.669385338E1,-6.534225464E1,-1.274463463E1
1.481428880E1,2.969139290E1,-6.767899323E1,-8.617031097E0
1.481928884E1,2.967223930E1,-6.848583984E1,-4.771644115E0
1.482428887E1,2.848232079E1,-6.848104858E1,-3.517082214E0
1.482928887E1,2.387797165E1,-6.527042389E1,-1.501164436E0
1.483428887E1,2.082057571E1,-6.320393372E1,-5.195417404E-1
1.483928884E1,1.452831554E1,-5.851847839E1,-2.873041928E-1
1.484428880E1,1.049887371E1,-5.402216721E1,-4.022258818E-1
1.484928920E1,7.336133480E0,-4.938430023E1,-6.009446383E-1
1.485428924E1,5.042488098E0,-4.441154480E1,3.208230138E-1
1.485928927E1,3.339911461E0,-3.988620377E1,7.398083210E-1
1.486428927E1,1.079784989E0,-3.601956558E1,9.385270476E-1
1.486928927E1,-9.361328483E-1,-3.125480652E1,1.613691926E0
1.487428923E1,-1.759738207E0,-2.790292358E1,1.953668594E0
1.487928920E1,9.660902977E0,-4.254496574E0,5.684732819E1
1.488428917E1,2.296338654E1,6.778284073E0,7.569986725E1
1.488928917E1,2.308549118E1,2.628833532E0,7.834545898E1
1.489428920E1,1.532827759E1,-5.382464886E0,6.116407394E1
1.489928923E1,8.901941299E0,-1.163372517E1,2.596840858E1
1.490428963E1,4.917989731E0,-1.448761368E1,3.514688015E0
1.490928963E1,3.205836058E0,-1.374301720E1,-3.749319792E0
1.491428963E1,2.762908697E0,-1.234719753E1,-4.405331135E0
1.491928960E1,2.410961151E0,-1.137245774E0,1.604115129E0
1.492428956E1,3.066972494E0,2.269703150E0,6.620266914E0
1.492928953E1,4.843470097E0,2.169146776E0,1.448521996E1
1.493428953E1,6.593930721E0,2.394201756E0,2.331294060E1
1.493928956E1,9.512462616E0,1.865083098E0,3.132663345E1
1.494428960E1,9.110237122E0,3.998316824E-1,2.197218704E1
1.494928963E1,8.516474724E0,-7.661445439E-2,1.327854156E1
1.495428963E1,8.813355446E0,-6.943184882E-2,8.080730438E0
1.495929030E1,8.497321129E0,-2.633621916E-2,2.774879694E0
1.496429003E1,8.617031097E0,-1.149216816E-1,4.548983276E-2
1.496928999E1,9.387964249E0,-4.357447028E-1,-3.052607059E0
1.497428999E1,1.008946514E1,-7.661445141E-1,-4.419696331E0
1.497929003E1,1.088434029E1,-1.833958507E0,-6.253953934E0
1.498429006E1,1.167203236E1,-2.513911724E0,-6.675333500E0
1.498929006E1,1.208144093E1,-3.102885485E0,-6.558017731E0
1.499429006E1,1.215805531E1,-3.280056238E0,-5.641038418E0
1.499929003E1,1.237113953E1,-2.999934673E0,-3.952826977E0
1.500428999E1,1.230649567E1,-2.250549555E0,-1.242590666E0
1.500928906E1,1.197849083E1,-1.340752959E0,1.558625340E0
1.501411341E1,1.140867043E1,-6.153098345E-1,3.138798475E0
1.501911345E1,9.493309021E0,-3.280056417E-1,2.932897091E0
1.502411348E1,7.989750385E0,-4.189853072E-1,2.240972757E0
1.502911351E1,5.564424038E0,-6.536170840E-1,1.529894829E0
1.503411351E1,4.218583584E0,-1.393425345E0,1.826775908E0
1.503911351E1,4.228160381E0,-2.932897091E0,2.779668093E0
1.504411348E1,5.380070686E0,-4.613626480E0,3.541024208E0
1.504911348E1,6.747159481E0,-5.945102215E0,3.402160645E0
1.505411311E1,8.248324394E0,-7.096713066E0,2.987963676E0
1.505911314E1,1.024508858E1,-9.107842445E0,4.831499100E0
1.506411314E1,1.166485023E1,-1.091067600E1,7.372046471E0
1.506911274E1,1.328332996E1,-1.834257698E1,3.087173462E1
1.507411274E1,1.460492992E1,-2.437836075E1,3.472430420E1
1.507911274E1,2.310943413E1,-3.547847748E1,3.230825424E1
1.508411274E1,3.042880630E1,-4.575947952E1,2.818544006E1
1.508911271E1,3.460459518E1,-5.397428513E1,2.248933601E1
1.509411268E1,3.776972961E1,-5.894464874E1,1.740165710E1
1.509911268E1,4.060685730E1,-6.188472748E1,1.283322048E1
1.510411271E1,4.004900742E1,-6.105872726E1,7.750329971E0
1.510911274E1,3.362506485E1,-5.373217010E1,2.238578558E0
1.511411274E1,2.726606750E1,-4.614494705E1,-2.274491638E-1
1.511911274E1,2.020766068E1,-3.450164413E1,-4.663905144E0
1.512411271E1,1.722209167E1,-2.895876694E1,-7.178115845E0
1.512911271E1,1.397046661E1,-2.386839485E1,-1.021875191E1
1.513411271E1,1.156908226E1,-2.091873932E1,-1.072871685E1
1.513911274E1,1.007031155E1,-1.813907051E1,-9.184456825E0
1.514411274E1,7.908347607E0,-1.712632370E1,-8.937853813E0
1.514911274E1,6.256348133E0,-1.554615021E1,-7.233182430E0
1.515411274E1,5.521328449E0,-1.414284897E1,-6.256348133E0
1.515911364E1,4.790797710E0,-1.275660610E1,-4.879383087E0
1.516411277E1,4.290409565E0,-1.248127270E1,-4.479551315E0
1.516911274E1,4.182670593E0,-1.192342377E1,-4.783615112E0
1.517411274E1,4.127603531E0,-1.182286739E1,-5.432743073E0
1.517911274E1,3.866635799E0,-1.133205605E1,-6.455067158E0
1.518411277E1,3.493140221E0,-1.065928555E1,-6.787860870E0
1.518911277E1,3.093308687E0,-9.926659584E0,-6.965032101E0
1.519411277E1,2.700659513E0,-9.122207642E0,-7.103895664E0
1.519911274E1,2.245761156E0,-7.771877766E0,-7.079953671E0
1.520411271E1,2.099714994E0,-6.974608898E0,-7.012916088E0
1.520911201E1,1.458068848E0,-5.583577633E0,-6.256348133E0
1.521411200E1,5.817909837E-1,-4.869806290E0,-5.995380402E0
1.521911240E1,-3.615244627E-1,-3.892971992E0,-5.674557209E0
1.522411244E1,-8.379706144E-1,-3.246537447E0,-5.279513836E0
1.522911247E1,-1.168370485E0,-2.652775526E0,-4.860229492E0
1.523411250E1,-1.376665950E0,-2.312798738E0,-4.548983097E0
1.523911250E1,-1.632845521E0,-2.396595955E0,-4.340687752E0
1.524411250E1,-1.874659896E0,-3.064578056E0,-4.491522312E0
1.524911247E1,-2.221819162E0,-4.455609322E0,-5.317821026E0
1.525411247E1,-2.595314741E0,-5.530905247E0,-6.000168800E0
1.525911247E1,-4.268861771E0,-8.049605370E0,-8.238747597E0
1.526411250E1,-5.878064632E0,-9.907505989E0,-1.016847420E1
1.526911250E1,-8.509291649E0,-1.222030449E1,-1.238550472E1
1.527411250E1,-1.014932060E1,-1.338388634E1,-1.348683739E1
1.527911247E1,-1.130571938E1,-1.410693550E1,-1.316840839E1
1.528411244E1,-1.176780033E1,-1.380287170E1,-1.180610752E1
1.528911240E1,-1.219636250E1,-1.365921974E1,-1.076223564E1
1.529411240E1,-1.250042629E1,-1.358021164E1,-1.013016701E1
1.529911243E1,-1.319235039E1,-1.272069263E1,-9.323320389E0
1.530411247E1,-1.300560284E1,-1.138472843E1,-8.365639687E0
1.530911250E1,-1.183723259E1,-8.600272179E0,-6.356904984E0
1.531411337E1,-1.076463032E1,-6.778284073E0,-5.047276497E0
1.531911337E1,-7.867646217E0,-3.931279182E0,-2.904166698E0
1.532411333E1,-5.485415459E0,-2.118868589E0,-1.769315004E0
1.532911333E1,-3.823540211E0,-8.595184088E-1,-1.350329757E0
1.533411333E1,-5.037699699E0,1.745373011E0,-8.882787704E0
1.533911337E1,-6.012139797E0,5.329792023E0,-1.443254757E1
1.534411340E1,-4.553771496E0,3.287238836E0,-8.976161003E0
1.534911340E1,-2.420537949E0,-2.463633537E0,-3.177105665E0
1.535411340E1,-5.434837937E-1,-4.790797710E0,3.926490843E-1
1.535911406E1,1.551442742E0,-8.854057312E0,2.063382912E1
1.536411406E1,1.405396342E0,-2.076072121E1,2.557575989E1
1.536911406E1,-2.899378300E0,-2.595883179E1,1.394652462E1
1.537411403E1,-4.982633114E0,-2.240074921E1,1.142064095E1
1.537911403E1,-5.648221016E0,-1.549826622E1,1.159302425E1
1.538411403E1,-5.159803867E0,-9.433453560E0,1.154274559E1
1.538911406E1,-3.462015629E0,-3.926490784E0,1.238550472E1
1.539411406E1,-2.111685991E0,-1.345541358E0,1.210298920E1
1.539911406E1,-4.261679053E-1,2.473210335E0,1.183723259E1
1.540411403E1,-7.062895298E-1,2.729389906E0,1.238550472E1
1.540911333E1,-9.145850539E-1,2.839523315E0,1.208862400E1
1.541411330E1,-3.471592367E-1,2.671929121E0,9.402329445E0
1.541911330E1,-3.591302633E-1,2.078166962E0,4.402936935E0
1.542411333E1,-4.812345505E-1,1.683123827E0,1.996764183E0
1.542911269E1,-4.860229492E-1,1.156399369E0,7.709329724E-1
1.543411183E1,-4.932055473E-1,6.751648784E-1,2.394201756E-1
1.543911116E1,-4.309563041E-1,3.878606856E-1,-4.788403213E-2
1.544411116E1,-4.285621047E-1,2.920926213E-1,-1.891419291E-1
1.544911046E1,-4.932055473E-1,1.723825186E-1,-4.333505034E-1
1.545410976E1,-6.033388376E-1,1.197100878E-1,-5.602431893E-1
1.545910909E1,-8.786720037E-1,-5.027823523E-2,-6.512228847E-1
1.546410823E1,-1.175553083E0,-5.267243981E-1,-8.283938169E-1
1.546910806E1,-1.393425345E0,-1.398213744E0,-9.481038451E-1
1.547410716E1,-1.501164436E0,-2.820369720E0,-1.659181833E0
1.547910646E1,-1.331176162E0,-5.727229595E0,-2.882618904E0
1.548410642E1,-1.005564690E0,-8.269871712E0,-3.761290789E0
1.548910573E1,3.280056417E-1,-1.482310104E1,-5.720046997E0
1.549410503E1,2.032677174E0,-2.129223442E1,-8.339303970E0
1.549910502E1,8.827720642E0,-3.598604965E1,-1.525405788E1
1.550410439E1,1.687493134E1,-4.561582565E1,-1.967614746E1
1.550910442E1,3.079512024E1,-5.869804382E1,-2.050693703E1
1.551410446E1,3.860051727E1,-6.418106842E1,-1.874001503E1
1.551910379E1,4.300824356E1,-6.929268646E1,-1.770811462E1
1.552410379E1,4.458631897E1,-7.377014160E1,-1.676958656E1
1.552910376E1,3.968269730E1,-7.375577545E1,-1.372625732E1
1.553410309E1,3.193476105E1,-7.159830475E1,-9.737517357E0
1.553910309E1,2.212062836E1,-6.657287598E1,-6.172551155E0
1.554410312E1,1.691084480E1,-6.267960358E1,-4.448426723E0
1.554910312E1,1.006552315E1,-5.587528229E1,-2.200271368E0
1.555410312E1,6.955455303E0,-5.193651962E1,-1.237802267E0
1.555910379E1,3.696647406E0,-4.559188461E1,9.576806426E-2
1.556410379E1,2.588132143E0,-4.064756012E1,1.170764685E0
1.556910379E1,1.963245392E0,-3.493738937E1,1.991975784E0
1.557410375E1,1.711854219E0,-3.174322319E1,2.243366957E0
1.557910442E1,-9.905111313E0,-1.188990498E1,4.054700470E1
1.558410532E1,-1.010861874E1,-6.450278759E0,6.940521240E1
1.558910602E1,1.126023006E1,-1.836352706E0,7.814434814E1
1.559410605E1,1.651340675E1,1.551442742E0,7.839334869E1
1.559910672E1,7.630620003E0,-4.398148537E0,7.842926025E1
1.560410738E1,2.865859509E0,-1.120755768E1,6.383869553E1
1.560910735E1,1.154005170E0,-1.631468964E1,2.097859383E1
1.561410825E1,1.704671621E0,-1.300081444E1,-4.062960148E0
1.561910845E1,2.715024710E0,-6.378452778E0,-8.609848976E0
1.562410938E1,2.367865562E0,-7.259518623E0,-6.567594528E0
1.562911005E1,1.479616642E0,-8.315361977E0,-3.064578056E0
1.563411005E1,1.230619669E0,-7.709628582E0,-1.920149803E0
1.563911072E1,1.956062794E0,-4.625597477E0,8.257901192E0
1.564411138E1,5.437531471E0,5.147533417E-1,3.290919876E1
1.564911138E1,8.018480301E0,4.062960148E0,4.461026382E1
1.565411202E1,5.787084579E0,1.675941229E0,2.877680779E1
1.565911202E1,3.354276657E0,-9.911994934E-1,1.233762074E1
1.566411202E1,1.819593310E0,-2.389413357E0,3.622427225E0
1.566911272E1,1.460463047E0,-2.647987127E0,2.226607651E-1
1.567411272E1,1.470039845E0,-2.482787132E0,-1.352723956E0
1.567911272E1,1.752555609E0,-2.188300371E0,-2.231395960E0
1.568411335E1,1.970427990E0,-1.912967205E0,-2.537853718E0
1.568911331E1,2.327163935E0,-1.534683347E0,-2.813186884E0
1.569411328E1,2.545036316E0,-1.362300754E0,-2.676717520E0
1.569911328E1,2.913743496E0,-9.552865028E-1,-1.860294700E0
1.570411331E1,3.311181068E0,-4.548983276E-1,1.101332754E-1
1.570911335E1,3.928884983E0,9.097966552E-2,3.598485231E0
1.571411338E1,4.211400986E0,3.663128614E-1,5.059247494E0
1.571911341E1,4.496310711E0,1.556231081E-1,4.481945515E0
1.572411341E1,4.651933670E0,-5.315127969E-1,2.973598480E0
1.572911338E1,5.035305500E0,-1.508347034E0,8.212111592E-1
1.573411334E1,5.166986465E0,-1.965639591E0,1.244984865E-1
1.573911334E1,5.301061630E0,-2.686294317E0,-8.858546615E-2
1.574411334E1,5.358522892E0,-3.201047659E0,6.129156351E-1
1.574911338E1,5.437531471E0,-4.350264549E0,1.853112102E0
1.575411338E1,5.562029839E0,-5.432743073E0,3.026270866E0
1.575911404E1,5.913977623E0,-6.409577370E0,2.947262287E0
1.576411401E1,6.344933987E0,-6.979397297E0,2.413355350E0
1.576911398E1,7.563582420E0,-7.965808392E0,1.862688899E0
1.577411394E1,8.509291649E0,-9.677662849E0,1.754949808E0
1.577911394E1,1.074547672E1,-1.377892971E1,3.588908434E0
1.578411397E1,1.325459957E1,-1.822286797E1,8.703222275E0
1.578911401E1,1.411651230E1,-3.441066360E1,5.221664047E1
1.579411404E1,1.959474564E1,-4.108809280E1,4.406887436E1
1.579911404E1,2.752703476E1,-5.223100662E1,3.011995506E1
1.580411404E1,3.348859787E1,-6.052003098E1,2.134490585E1
1.580911334E1,3.938581467E1,-6.576842499E1,1.313728428E1
1.581411334E1,4.190930176E1,-6.703974152E1,4.539406300E0
1.581911334E1,3.746327209E1,-6.157826996E1,-4.012681961E0
1.582411337E1,2.997151375E1,-5.410596466E1,-6.510133743E0
1.582911337E1,1.922125053E1,-4.185663223E1,-7.436689854E0
1.583411337E1,1.530673027E1,-3.605069351E1,-7.850886822E0
1.583911337E1,1.121952820E1,-2.859484863E1,-7.987356186E0
1.584411337E1,9.301773071E0,-2.385163498E1,-7.245153427E0
1.584911337E1,8.480561256E0,-2.006879807E1,-5.679345608E0
1.585411334E1,7.714416981E0,-1.769853783E1,-4.259284973E0
1.585911331E1,7.221211433E0,-1.585500240E1,-3.667917013E0
1.586411331E1,6.634632111E0,-1.469112110E1,-3.852270603E0
1.586911330E1,6.014533997E0,-1.372146893E1,-4.750096321E0
1.587411334E1,5.621884823E0,-1.309658241E1,-5.097554684E0
1.587911334E1,4.551377296E0,-1.219157410E1,-5.949890614E0
1.588411320E1,4.096478939E0,-1.167442703E1,-6.325780392E0
1.588911230E1,9.959878922E-1,-9.282619476E0,-6.529287338E0
1.589411144E1,7.733271718E-1,-9.055170059E0,-6.488585949E0
1.589911057E1,5.386953950E-1,-8.842085838E0,-6.433519363E0
1.590411060E1,3.016694188E-1,-8.621819496E0,-6.340145588E0
1.590911060E1,-1.098938584E0,-7.331345081E0,-5.696105003E0
1.591411060E1,-1.618480325E0,-6.471826553E0,-5.289090633E0
1.591911060E1,-2.147598982E0,-5.042488098E0,-4.853046894E0
1.592411060E1,-2.446874142E0,-4.374206543E0,-4.604049683E0
1.592911060E1,-2.741360903E0,-3.227383852E0,-4.175487995E0
1.593411057E1,-2.849100113E0,-2.595314741E0,-3.998316765E0
1.593911057E1,-2.975992680E0,-1.673547029E0,-3.727771997E0
1.594411057E1,-3.100491285E0,-1.156399369E0,-3.557783842E0
1.594911060E1,-3.189076662E0,-9.241618514E-1,-3.471592426E0
1.595411060E1,-3.107673883E0,-9.385270476E-1,-3.325546265E0
1.595911127E1,-2.451662540E0,-1.230619669E0,-3.239354849E0
1.596411123E1,-2.308010340E0,-1.776497602E0,-3.469198227E0
1.596911080E1,-2.358288765E0,-2.001552582E0,-3.660734415E0
1.597411080E1,-2.597708941E0,-2.398990154E0,-4.213795185E0
1.597911083E1,-3.090914488E0,-3.136404276E0,-5.372888088E0
1.598411077E1,-3.861847401E0,-4.003105164E0,-7.058405876E0
1.598911077E1,-4.627991676E0,-4.786009312E0,-8.784625053E0
1.599411077E1,-4.843470097E0,-5.109525681E0,-9.744700432E0
1.599911077E1,-4.826710701E0,-5.169380665E0,-1.013256073E1
1.600411077E1,-4.987421513E0,-5.538087845E0,-1.057069969E1
1.600911010E1,-4.953902721E0,-5.207687855E0,-1.051323891E1
1.601411006E1,-4.893748283E0,-4.805162907E0,-1.025945377E1
1.601911006E1,-4.491522312E0,-3.876212597E0,-9.220370293E0
1.602411007E1,-4.173093796E0,-2.899378300E0,-8.095095634E0
1.602911010E1,-3.596091032E0,-1.821987510E0,-6.593930721E0
1.603411023E1,-2.932897091E0,-1.170764685E0,-5.521328449E0
1.603911110E1,-2.444479942E0,-5.650315881E-1,-4.455609322E0
1.604411193E1,-2.130839586E0,6.033388376E-1,-4.558559895E0
1.604911276E1,-2.367865562E0,5.018546104E0,-9.213187218E0
1.605411273E1,-3.715801001E0,8.959402084E0,-1.274702930E1
1.605911273E1,-5.222053051E0,1.078138924E1,-1.027860737E1
1.606411276E1,-4.599261284E0,9.354445457E0,-7.822156429E0
1.606911280E1,-3.184288263E0,6.692092896E0,-4.874594688E0
1.607411283E1,-1.577778935E0,3.811569214E0,-3.442862034E0
1.607911283E1,1.091755986E0,-1.039083481E0,-1.824381709E0
1.608411283E1,1.534683347E0,-2.173935175E0,-1.252167463E0
1.608911279E1,1.405396342E0,-2.197877169E0,-1.139639974E0
1.609411276E1,8.427590132E-1,-2.135627985E0,-1.328781962E0
1.609911276E1,3.495534360E-1,-1.915361404E0,-1.493981838E0
1.610411279E1,5.147533417E-1,-1.695094824E0,-1.515529633E0
1.610911283E1,6.727706790E-1,-1.434126854E0,-1.144428372E0
1.611411283E1,6.584054828E-1,-1.357512355E0,-8.906430602E-1
1.611911323E1,4.788403213E-2,-1.036689281E0,-7.565677166E-1
1.612411319E1,-4.046200812E-1,-7.086837292E-1,-8.738836050E-1
1.612911316E1,-9.289502501E-1,-3.543418646E-1,-1.125274777E0
1.613411322E1,-1.280897856E0,-1.173158810E-1,-1.290474772E0
1.613911322E1,-1.496376038E0,-1.125274822E-1,-1.561019540E0
1.614411326E1,-1.635239720E0,-2.130839527E-1,-1.920149803E0
1.614911329E1,-1.711854219E0,-3.878606856E-1,-2.279279947E0
1.615411332E1,-1.704671621E0,-6.416460276E-1,-2.643198729E0
1.615911399E1,-2.013523579E0,-1.450886250E0,-2.899378300E0
1.616411399E1,-2.382230759E0,-2.121262789E0,-2.947262287E0
1.616911396E1,-3.124433279E0,-3.830722809E0,-3.356670856E0
1.617411396E1,-3.596091032E0,-5.255571842E0,-3.651157618E0
1.617911396E1,-4.364629745E0,-8.581118584E0,-4.618414879E0
1.618411399E1,-4.577713490E0,-1.234719753E1,-6.117484570E0
1.618911399E1,-4.005499363E0,-1.761713409E1,-8.171710014E0
1.619411399E1,-2.408566952E0,-2.454385948E1,-1.092982960E1
1.619911399E1,1.376665950E0,-3.424755859E1,-1.442536449E1
1.620411399E1,5.298667431E0,-4.059488678E1,-1.573050404E1
1.620911332E1,1.414524269E1,-5.243451309E1,-1.812949371E1
1.621411329E1,2.112224579E1,-6.050087738E1,-1.855805588E1
1.621911325E1,3.347901917E1,-7.165576172E1,-1.679352951E1
1.622411325E1,3.919667435E1,-7.580521393E1,-1.291222858E1
1.622911329E1,3.948397827E1,-7.675331879E1,-8.839692116E0
1.623411332E1,3.571310806E1,-7.650431824E1,-5.310638428E0
1.623911332E1,2.900186348E1,-7.338916779E1,-2.171540976E0
1.624411332E1,2.222118378E1,-7.009953308E1,2.777273953E-1
1.624911328E1,1.409975338E1,-6.480355835E1,1.956062794E0
1.625411325E1,1.019480991E1,-6.098690033E1,2.331952572E0
1.625911322E1,5.329792023E0,-5.447946167E1,2.494758129E0
1.626411322E1,3.107673883E0,-5.047366333E1,2.676717520E0
1.626911325E1,7.062895298E-1,-4.349426651E1,3.019088268E0
1.627411328E1,-2.659958124E0,-3.127874947E1,7.654561996E0
1.627911332E1,-1.194736576E1,-1.852214241E1,3.347901917E1
1.628411332E1,-3.507505417E0,-1.840722084E1,5.225255585E1
1.628911332E1,8.787019730E0,-7.728782177E0,7.727046204E1
1.629411328E1,9.433453560E0,-9.292196274E0,7.828560638E1
1.629911328E1,6.196493149E0,-1.641763878E1,7.374140930E1
1.630411328E1,7.400776863E0,-1.887648392E1,4.804115295E1
1.630911332E1,5.897218227E0,-1.988923264E1,6.957849503E0
1.631411332E1,3.749319792E0,-1.708562279E1,-7.738358974E0
1.631911332E1,1.932120800E0,-1.264168453E1,-1.381963158E1
1.632411328E1,6.177040339E-1,-1.279491329E1,-9.991303444E0
1.632911325E1,-4.572925270E-1,-1.246211910E1,-5.255571842E0
1.633411321E1,-1.007958889E0,-1.078138924E1,-2.571372509E0
1.633911321E1,-1.233013868E0,-8.461407661E0,-5.530605912E-1
1.634411321E1,1.199495077E0,1.678335428E0,3.056048775E1
1.634911325E1,6.402394772E0,9.821314812E0,6.032849503E1
1.635411328E1,5.722441196E0,8.559570312E0,5.069871902E1
1.635911398E1,4.290409565E0,4.043806553E0,2.806333542E1
1.636411398E1,3.162740469E0,1.644816518E0,1.410454178E1
1.636911398E1,2.243366957E0,-1.321599364E0,5.001786709E0
1.637411394E1,2.061407566E0,-2.252943754E0,3.639186621E-1
1.637911394E1,2.554613113E0,-2.391807556E0,-1.654393315E0
1.638411394E1,3.153163671E0,-2.456450939E0,-2.770091295E0
1.638911398E1,4.079719543E0,-2.269703150E0,-3.488351822E0
1.639411398E1,4.668693542E0,-2.221819162E0,-3.380612850E0
1.639911398E1,5.590760231E0,-2.149993181E0,-2.724601507E0
1.640411398E1,6.373664379E0,-1.953668594E0,-4.237737060E-1
1.640911331E1,8.904335022E0,-1.240196466E0,7.513304234E0
1.641411331E1,9.684844971E0,-9.481038451E-1,9.794978142E0
1.641911328E1,9.210793495E0,-1.137245774E0,5.535693645E0
1.642411261E1,8.442254066E0,-1.659181833E0,1.371877551E0
1.642911194E1,8.150161743E0,-1.968033791E0,-7.038952708E-1
1.643411131E1,7.877223015E0,-2.509123325E0,-1.201889277E0
1.643911041E1,7.194875240E0,-3.160346270E0,-1.319205165E0
1.644411041E1,6.505345345E0,-3.842693806E0,-9.385270476E-1
1.644911038E1,5.897218227E0,-5.150227070E0,1.101332784E0
1.645410948E1,5.727229595E0,-6.352116585E0,3.169923067E0
1.645910858E1,5.945102215E0,-9.083900452E0,6.016928196E0
1.646410771E1,6.921936512E0,-1.166485023E1,6.431125164E0
1.646910684E1,8.447042465E0,-1.452352715E1,6.050446987E0
1.647410594E1,1.069040966E1,-1.761474037E1,5.138256073E0
1.647910594E1,1.383878517E1,-2.133772469E1,4.292803764E0
1.648410504E1,1.749024200E1,-2.594207382E1,2.930502892E0
1.648910437E1,2.209908104E1,-3.199700928E1,1.173158884E0
1.649410437E1,2.489101791E1,-3.576817703E1,1.632845521E0
1.649910434E1,2.525972557E1,-5.070350647E1,4.806030655E1
1.650410434E1,2.322674942E1,-6.168600845E1,6.691045380E1
1.650910434E1,3.703470993E1,-6.260298920E1,3.108721352E1
1.651410371E1,3.821504974E1,-6.082648849E1,1.284279728E1
1.651910371E1,3.517441559E1,-5.266914368E1,1.180341482E0
1.652410371E1,2.752703476E1,-4.348468781E1,-5.825392246E0
1.652910391E1,1.957559204E1,-3.532764435E1,-1.034803867E1
1.653410347E1,1.582627201E1,-2.904256439E1,-1.178695393E1
1.653910344E1,1.181568432E1,-2.491496086E1,-1.181089592E1
1.654410344E1,9.639355659E0,-2.388036537E1,-1.162893677E1
1.654910347E1,6.785466671E0,-2.174234390E1,-9.555558205E0
1.655410350E1,5.961861610E0,-2.035131264E1,-8.205228806E0
1.655910420E1,4.718971729E0,-1.876395798E1,-7.106289864E0
1.656410420E1,4.434061527E0,-1.770811462E1,-6.366481781E0
1.656910420E1,4.503493309E0,-1.678155899E1,-6.675333500E0
1.657410484E1,4.599261284E0,-1.609921074E1,-7.295432091E0
1.657910550E1,4.094084740E0,-1.520617390E1,-8.571541786E0
1.658410617E1,4.005499363E0,-1.420030975E1,-8.947430611E0
1.658910710E1,3.684676409E0,-1.317080307E1,-9.217975616E0
1.659410714E1,3.162740469E0,-1.263689613E1,-9.098265648E0
1.659910714E1,2.121262789E0,-1.190905857E1,-8.617031097E0
1.660410800E1,1.508347034E0,-1.134881496E1,-8.277054787E0
1.660910820E1,8.331822157E-1,-1.059464169E1,-7.783848763E0
1.661410907E1,1.340752989E-1,-9.639355659E0,-7.168539047E0
1.661910993E1,-5.889736414E-1,-8.435071945E0,-6.335357189E0
1.662411057E1,-1.146822572E0,-7.158962250E0,-5.535693645E0
1.662911083E1,-1.486799240E0,-5.820603371E0,-4.639962673E0
1.663411176E1,-1.616086125E0,-5.143044472E0,-4.223371983E0
1.663911246E1,-1.752555609E0,-4.039018154E0,-3.682282209E0
1.664411247E1,-1.893813491E0,-3.529053211E0,-3.452438831E0
1.664911246E1,-1.853112102E0,-2.873042107E0,-3.150769472E0
1.665411243E1,-1.685518026E0,-2.674323320E0,-2.980781078E0
1.665911243E1,-1.479616642E0,-2.221819162E0,-2.887407303E0
1.666411310E1,-1.228225470E0,-1.982398987E0,-2.911349297E0
1.666911313E1,-1.309628367E0,-1.912967205E0,-2.978386879E0
1.667411313E1,-1.616086125E0,-1.977610588E0,-3.076549292E0
1.667911290E1,-2.272097349E0,-2.480392933E0,-3.615244627E0
1.668411330E1,-2.858676910E0,-2.829946518E0,-4.058171749E0
1.668911330E1,-3.871424198E0,-3.177105665E0,-5.128679276E0
1.669411330E1,-4.529829502E0,-3.284844637E0,-6.148609161E0
1.669911326E1,-5.897218227E0,-3.821146011E0,-8.128614426E0
1.670411326E1,-6.713640690E0,-4.144362926E0,-9.170091629E0
1.670911326E1,-7.257124424E0,-4.548983097E0,-9.790189743E0
1.671411330E1,-7.510910034E0,-5.293879032E0,-9.780612946E0
1.671911333E1,-7.939472198E0,-6.198887348E0,-1.056351757E1
1.672411333E1,-8.281843185E0,-6.524498940E0,-1.127459526E1
1.672911329E1,-8.636184692E0,-6.110301971E0,-1.131050777E1
1.673411326E1,-8.540416718E0,-5.200505257E0,-1.081490803E1
1.673911239E1,-7.158962250E0,-2.578555346E0,-8.746317863E0
1.674411239E1,-6.191704750E0,-7.900865674E-1,-7.922712803E0
1.674911243E1,-5.028122902E0,1.841141105E0,-7.623437405E0
1.675411243E1,-4.613626480E0,3.881000996E0,-7.826944828E0
1.675911309E1,-4.441244125E0,5.425560474E0,-7.453449249E0
1.676411309E1,-4.424484730E0,6.028899193E0,-6.352116585E0
1.676911309E1,-4.096478939E0,5.880458832E0,-5.131073475E0
1.677411336E1,-3.550601006E0,5.245995045E0,-3.629609823E0
1.677911309E1,-2.801215887E0,4.678270340E0,-1.987187386E0
1.678411309E1,-2.626439333E0,4.386177540E0,-1.534683347E0
1.678911309E1,-2.475604534E0,3.646369219E0,-1.175553083E0
1.679411312E1,-3.220201254E0,2.398990154E0,2.274491549E0
1.679911312E1,-3.339911461E0,-9.816227108E-2,1.400607944E0
1.680411312E1,-1.915361404E0,-1.716642618E0,-3.351882398E-1
1.680911242E1,-1.391031146E0,-1.939303398E0,-7.493851185E-1
1.681411239E1,-1.015141487E0,-1.812410712E0,-7.302315235E-1
1.681911236E1,-5.937620401E-1,-2.027888775E0,3.591302410E-2
1.682411236E1,-5.506663769E-2,-1.762132406E0,6.991068721E-1
1.682911239E1,-2.370259613E-1,-1.307234168E0,1.144428372E0
1.683411242E1,-7.206547260E-1,-9.648633003E-1,1.546654344E0
1.683911246E1,-1.154005170E0,-5.195417404E-1,2.085349798E0
1.684411249E1,-1.173158884E0,3.112462163E-1,1.742978811E0
1.684911249E1,-1.793257117E0,1.249773264E0,1.474828243E0
1.685411245E1,-2.466027737E0,1.623268723E0,1.549048543E0
1.685911242E1,-2.968810081E0,1.369483352E0,1.881842494E0
1.686411242E1,-3.591302633E0,7.493851185E-1,2.070984364E0
1.686911242E1,-4.587290287E0,-4.596867263E-1,1.754949808E0
1.687411245E1,-5.325003624E0,-2.059013367E0,1.058237195E0
1.687911245E1,-6.146214962E0,-5.238812447E0,-8.475474119E-1
1.688411245E1,-6.203675747E0,-7.752724171E0,-2.573766708E0
1.688911329E1,-5.341763496E0,-1.313488960E1,-5.724835396E0
1.689411325E1,-3.981557369E0,-1.825638580E1,-8.918700218E0
1.689911322E1,-9.313444495E-1,-2.502748871E1,-1.327375317E1
1.690411322E1,3.823540211E0,-3.247824478E1,-1.642003441E1
1.690911325E1,9.830891609E0,-4.105696869E1,-1.763868332E1
1.691411328E1,1.428171253E1,-4.636999893E1,-1.801935959E1
1.691911305E1,2.309985733E1,-5.742672348E1,-1.989880943E1
1.692411305E1,2.942803001E1,-6.407093048E1,-2.074396133E1
1.692911305E1,3.702752686E1,-7.032937622E1,-1.684859657E1
1.693411302E1,3.901950073E1,-7.189279175E1,-1.382681370E1
1.693911302E1,3.806660843E1,-7.263020325E1,-9.397541046E0
1.694411302E1,3.283498001E1,-7.030783081E1,-5.887641430E0
1.694911305E1,2.575771904E1,-6.685060120E1,-2.856282711E0
1.695407972E1,1.914224052E1,-6.324224091E1,-9.121908545E-1
1.695908038E1,1.318037987E1,-5.955277634E1,-3.399766386E-1
1.696408039E1,8.207622528E0,-5.600696182E1,-5.937620401E-1
1.696908038E1,3.663128614E0,-5.138345718E1,-7.996633649E-1
1.697408038E1,1.647210717E0,-4.762695694E1,-1.805228114E0
1.697908035E1,-1.053448766E-1,-4.173931503E1,-3.313575268E0
1.698408032E1,-9.744400978E-1,-3.888542557E1,-3.399766386E-1
1.698908032E1,-1.067813993E0,-3.191800117E1,1.079336071E1
1.699408032E1,5.248389244E0,-1.697548866E1,5.857593918E1
1.699908035E1,2.068410683E1,4.022258759E0,7.780915833E1
1.700408035E1,1.719814873E1,-1.074996591E0,7.835264587E1
1.700907968E1,1.266802025E1,-9.665691376E0,6.718818665E1
1.701407965E1,9.335291862E0,-1.571613884E1,3.488711166E1
1.701907965E1,5.897218227E0,-1.797387123E1,6.787860870E0
1.702407965E1,4.050989151E0,-1.441339397E1,-4.604049683E0
1.702907968E1,1.762132406E0,-9.759065628E0,-1.153795719E1
1.703407968E1,9.481038451E-1,-8.442254066E0,-1.067365074E1
1.703907968E1,2.178723514E-1,-8.054393768E0,-7.111078262E0
1.704407968E1,-2.011129409E-1,-7.587524414E0,-4.070142746E0
1.704907968E1,-4.884171486E-1,-6.459855556E0,-2.068590164E0
1.705407968E1,-1.537077546E0,-2.195482969E0,8.245929718E0
1.705907965E1,-1.094150186E0,7.704840183E0,4.508431625E1
1.706407965E1,1.233013868E0,7.673715591E0,4.225646210E1
1.706907991E1,2.126051188E0,4.994604111E0,2.684947586E1
1.707407995E1,2.276885748E0,4.479551315E0,2.203683090E1
1.707907995E1,1.831564307E0,3.272873640E0,1.463366032E1
1.708407995E1,1.513135433E0,1.702277422E0,8.808567047E0
1.708907991E1,1.264138460E0,4.309563041E-1,4.869806290E0
1.709407988E1,1.391031146E0,-2.298433632E-1,3.007117271E0
1.709907985E1,1.893813491E0,-4.070142806E-1,2.319981337E0
1.710407984E1,2.537853718E0,-3.830722570E-1,2.846705914E0
1.710907984E1,4.410119534E0,-3.711012602E-1,5.964255810E0
1.711407988E1,6.038475990E0,-5.913678408E-1,9.117419243E0
1.711907991E1,8.317755699E0,-1.228225470E0,1.273745251E1
1.712407994E1,8.403946877E0,-1.869871497E0,1.149486160E1
1.712907994E1,7.202057838E0,-2.966415882E0,5.607519627E0
1.713407994E1,6.330568790E0,-3.555389643E0,1.733402014E0
1.713907991E1,5.825392246E0,-3.878606796E0,-4.884171486E-1
1.714407991E1,5.550058842E0,-4.043806553E0,-1.561019540E0
1.714907991E1,5.447108269E0,-4.352658749E0,-1.752555609E0
1.715407994E1,5.612308025E0,-4.723760128E0,-1.323993564E0
1.715908061E1,6.277895927E0,-6.048052788E0,1.005564690E0
1.716408061E1,6.725611687E0,-7.388805866E0,3.454833031E0
1.716908058E1,7.424718857E0,-1.031691456E1,6.917148113E0
1.717408054E1,7.807791233E0,-1.203355694E1,7.168539047E0
1.717908051E1,8.669703484E0,-1.497393608E1,6.428730965E0
1.718408051E1,9.613018990E0,-1.763389397E1,5.152621269E0
1.718908054E1,1.094658947E1,-2.100493050E1,4.867412090E0
1.719408057E1,1.228015995E1,-2.543929100E1,9.605836868E0
1.719908061E1,1.137036324E1,-3.458783340E1,4.349187088E1
1.720408061E1,1.482310104E1,-4.127244568E1,3.689823914E1
1.720907994E1,2.163221169E1,-4.705474091E1,2.455104256E1
1.721407991E1,2.566913414E1,-5.062210464E1,1.970727348E1
1.721907987E1,3.273202896E1,-5.532461548E1,8.741529465E0
1.722407987E1,3.698921967E1,-5.641158295E1,-7.182604820E-2
1.722907990E1,3.839221954E1,-5.437651062E1,-6.663362503E0
1.723407994E1,3.686471939E1,-4.939627075E1,-1.023790550E1
1.723907994E1,3.078793716E1,-4.257728577E1,-1.041028786E1
1.724407994E1,2.344940948E1,-3.568916702E1,-9.184456825E0
1.724907994E1,1.693239212E1,-2.927480125E1,-7.587524414E0
1.725407994E1,1.430325985E1,-2.652865219E1,-6.696881294E0
1.725907994E1,1.170555115E1,-2.327942085E1,-6.012139797E0
1.726407990E1,1.059703636E1,-2.184529495E1,-5.578789234E0
1.726907990E1,9.217975616E0,-1.997063446E1,-5.921160221E0
1.727407990E1,8.360851288E0,-1.890042686E1,-6.289866924E0
1.727907994E1,6.998550892E0,-1.749263573E1,-7.436689854E0
1.728407994E1,5.478232861E0,-1.655650330E1,-7.690474987E0
1.728907994E1,4.359841347E0,-1.528518200E1,-7.848492622E0
1.729407990E1,3.543418407E0,-1.437748051E1,-7.831733227E0
1.729907990E1,2.255337954E0,-1.265844345E1,-7.369652271E0
1.730407990E1,1.403002143E0,-1.169358063E1,-6.859687328E0
1.730907994E1,5.027823523E-2,-1.012537861E1,-5.564424038E0
1.731407994E1,-8.020575643E-1,-9.220370293E0,-4.903624535E0
1.731907994E1,-1.936909199E0,-7.582736015E0,-4.175487995E0
1.732407994E1,-2.238578558E0,-6.325780392E0,-3.744531393E0
1.732907994E1,-2.238578558E0,-5.269937038E0,-3.387795448E0
1.733407994E1,-2.157175779E0,-4.280832767E0,-3.150769472E0
1.733907990E1,-1.833958507E0,-3.378218651E0,-3.114856482E0
1.734407987E1,-1.465251446E0,-2.564189911E0,-2.844311714E0
1.734907987E1,-1.728613615E0,-1.812410712E0,-2.746149302E0
1.735407990E1,-1.857900500E0,-1.357512355E0,-2.729389906E0
1.735908060E1,-1.987187386E0,-7.134721279E-1,-2.554613113E0
1.736408060E1,-1.934514999E0,-4.548983276E-1,-2.494758129E0
1.736908060E1,-1.855506301E0,-1.795651317E-1,-2.308010340E0
1.737408057E1,-1.666364431E0,-3.256114423E-1,-2.195482969E0
1.737908053E1,-1.340752959E0,-8.619126081E-1,-2.032677174E0
1.738408050E1,-1.364694953E0,-1.134851575E0,-1.896207690E0
1.738908050E1,-1.505952835E0,-1.414973259E0,-1.932120800E0
1.739408053E1,-1.781286120E0,-2.023100376E0,-3.268085241E0
1.739908056E1,-3.038241863E0,-2.949656487E0,-6.378452778E0
1.740408060E1,-3.596091032E0,-3.236960649E0,-6.962637901E0
1.740907993E1,-3.981557369E0,-3.584120035E0,-7.527669430E0
1.741407993E1,-4.244919777E0,-4.077325344E0,-8.794201851E0
1.741907990E1,-5.104737282E0,-5.207687855E0,-1.023790550E1
1.742407923E1,-5.607519627E0,-5.830180645E0,-1.116925049E1
1.742907923E1,-6.476614952E0,-6.773495674E0,-1.294335365E1
1.743407836E1,-6.675333500E0,-6.807014942E0,-1.341740513E1
1.743907770E1,-7.056011677E0,-6.804620743E0,-1.383160210E1
1.744407680E1,-6.878840923E0,-5.870882034E0,-1.300560284E1
1.744907676E1,-6.038475990E0,-4.185064793E0,-1.033127975E1
1.745407606E1,-5.229235649E0,-2.995146275E0,-8.315361977E0
1.745907536E1,-4.091690540E0,-1.383848548E0,-5.739200592E0
1.746407446E1,-3.490746021E0,-7.230489254E-1,-4.666299343E0
1.746907356E1,-2.645592928E0,3.136404157E-1,-3.617638826E0
1.747407269E1,-2.130839586E0,1.067813993E0,-3.337517262E0
1.747907273E1,-2.013523579E0,2.765302896E0,-4.587290287E0
1.748407209E1,-2.214636564E0,5.066430092E0,-6.423942566E0
1.748907143E1,-2.669534922E0,6.842927933E0,-6.328174591E0
1.749407189E1,-2.722207308E0,6.759130478E0,-4.848258495E0
1.749907186E1,-2.032677174E0,5.325003624E0,-2.037465572E0
1.750407186E1,-1.493981838E0,4.230554581E0,-7.254431248E-1
1.750907186E1,-9.576806426E-2,2.346317768E0,1.101332784E0
1.751407189E1,1.692700624E0,-4.022258818E-1,3.900154591E0
1.751907189E1,1.479616642E0,-3.526659012E0,7.685387731E-1
1.752407189E1,7.757213712E-1,-4.395754337E0,-1.532289088E-1
1.752907099E1,3.543418646E-1,-3.730166197E0,-1.699883193E-1
1.753407099E1,4.118026793E-1,-3.440467834E0,1.077390760E-1
1.753907116E1,7.015010715E-1,-3.145981073E0,4.501099288E-1
1.754407082E1,7.613561153E-1,-2.882618904E0,5.841852427E-1
1.754907082E1,7.398083210E-1,-2.398990154E0,9.026140571E-1
1.755407082E1,9.768342972E-1,-2.336740971E0,1.474828243E0
1.755907152E1,5.193322659E0,-4.800374508E0,6.071994781E0
1.756407152E1,5.887641430E0,-5.107131481E0,6.043264389E0
1.756907152E1,2.825158119E0,-3.481169224E0,3.035847664E0
1.757407216E1,1.010353088E0,-2.138022184E0,1.307234168E0
1.757907216E1,4.501099288E-1,-1.853112102E0,2.944868207E-1
1.758407306E1,2.442085743E-1,-1.972822189E0,-2.059013397E-1
1.758907376E1,5.506663769E-2,-2.061407566E0,-6.392518282E-1
1.759407469E1,-4.788403213E-2,-2.157175779E0,-1.039083481E0
1.759907469E1,-2.609679997E-1,-2.865859509E0,-1.754949808E0
1.760407536E1,-3.471592367E-1,-3.471592426E0,-2.312798738E0
1.760907536E1,-4.764461517E-1,-5.092766285E0,-2.911349297E0
1.761407559E1,-6.009446383E-1,-7.230788231E0,-3.780444384E0
1.761907649E1,-7.829039693E-1,-1.175822353E1,-5.521328449E0
1.762407735E1,-4.644751251E-1,-1.560121727E1,-7.312191486E0
1.762907735E1,1.175553083E0,-2.161066246E1,-1.081969643E1
1.763407802E1,2.693476915E0,-2.952619362E1,-1.197370243E1
1.763907872E1,1.040549946E1,-4.221097183E1,-1.439902782E1
1.764407825E1,1.860593987E1,-5.081842804E1,-1.580711842E1
1.764907825E1,3.311988831E1,-6.238750839E1,-1.498351288E1
1.765407822E1,3.851911545E1,-6.591686249E1,-1.239986992E1
1.765907819E1,4.186860275E1,-7.105003357E1,-7.750329971E0
1.766407815E1,4.207210922E1,-7.396167755E1,-4.613626480E0
1.766907815E1,3.638827515E1,-7.227107239E1,-1.465251446E0
1.767407818E1,2.836979294E1,-6.882342529E1,8.259995580E-1
1.767907912E1,1.924758530E1,-6.441809082E1,1.505952835E0
1.768407915E1,1.446127796E1,-6.119040680E1,1.438915253E0
1.768907898E1,8.202834129E0,-5.509716415E1,1.321599364E0
1.769407928E1,5.609913826E0,-5.122304916E1,1.316810966E0
1.769907925E1,2.841917515E0,-4.429422760E1,1.956062794E0
1.770407925E1,1.941697598E0,-3.884472656E1,2.446874142E0
1.770907925E1,1.479616642E0,-3.371604538E1,2.466027737E0
1.771407928E1,1.187524080E0,-2.851105118E1,3.567360640E0
1.771907932E1,-1.900996208E0,-6.158185959E0,6.129814911E1
1.772407932E1,1.227297688E1,1.146822572E0,7.734229279E1
1.772907928E1,2.187641907E1,2.825157940E-1,7.839573669E1
1.773407925E1,1.593161678E1,-5.116708279E0,7.842686462E1
1.773907921E1,1.010383034E1,-1.313010120E1,4.797890472E1
1.774407918E1,7.096713066E0,-1.514153004E1,2.341589165E1
1.774907918E1,3.725377798E0,-1.247887897E1,-5.657797813E0
1.775407921E1,2.971204281E0,-7.826944828E0,-1.049408531E1
1.775907991E1,2.504334927E0,-7.702445984E0,-8.506897926E0
1.776408061E1,1.462857246E0,-8.571541786E0,-4.601655483E0
1.776908061E1,5.985504389E-1,-7.692869186E0,-2.391807556E0
1.777408061E1,1.173158810E-1,-5.619490623E0,1.448492050E0
1.777908058E1,6.273107529E0,3.275267839E0,4.237617111E1
1.778408058E1,7.702445984E0,5.653009415E0,4.775863647E1
1.778908058E1,7.103895664E0,7.012916088E0,3.950313187E1
1.779408061E1,6.464643955E0,6.689698696E0,3.131705666E1
1.779908061E1,4.505887508E0,3.098097086E0,1.418354988E1
1.780408061E1,3.411737442E0,1.436521020E-2,3.703830004E0
1.780907994E1,3.332728863E0,-1.695094824E0,-1.204283476E0
1.781407994E1,3.837905407E0,-2.233790159E0,-3.014299870E0
1.781907994E1,4.594472885E0,-2.482787132E0,-3.782838583E0
1.782407991E1,5.008969307E0,-2.621650934E0,-3.663128614E0
1.782907991E1,5.413589478E0,-2.683900118E0,-3.466804028E0
1.783407991E1,5.569212437E0,-2.597708941E0,-3.347094059E0
1.783907994E1,5.365705490E0,-2.308010340E0,-2.715024710E0
1.784407998E1,5.830180645E0,-1.604115129E0,7.015010715E-1
1.784907998E1,6.601113319E0,-4.572925270E-1,7.534852028E0
1.785407994E1,6.227617741E0,2.154781520E-1,1.087476349E1
1.785907991E1,5.238812447E0,-7.422025502E-2,7.405565262E0
1.786407987E1,4.285621166E0,-7.254431248E-1,3.342305660E0
1.786907984E1,3.761290789E0,-1.860294700E0,3.184288144E-1
1.787407984E1,3.617638826E0,-2.384624958E0,-3.519476354E-1
1.787907987E1,3.699041605E0,-3.256114244E0,1.149216816E-1
1.788407991E1,3.840299606E0,-3.945644379E0,9.193734527E-1
1.788907994E1,4.565742493E0,-5.552453041E0,2.688688517E0
1.789407994E1,5.423166275E0,-6.747159481E0,3.584120035E0
1.789907994E1,6.780678272E0,-8.839692116E0,4.522646904E0
1.790407990E1,8.549993515E0,-1.110221291E1,3.981557369E0
1.790907991E1,1.077420712E1,-1.384596729E1,3.215412855E0
1.791407990E1,1.371189213E1,-1.752615547E1,2.674323320E0
1.791907994E1,1.922125053E1,-2.489820099E1,5.866093636E0
1.792407994E1,2.258270836E1,-3.290441132E1,2.167530632E1
1.792907994E1,2.266171837E1,-5.153668976E1,5.822638702E1
1.793407990E1,3.024205971E1,-5.764699173E1,4.360200500E1
1.793907987E1,3.890218735E1,-6.595516968E1,2.762759209E1
1.794407984E1,4.211999512E1,-6.865343475E1,1.726997566E1
1.794907984E1,4.166509628E1,-6.547393799E1,5.947496414E0
1.795407987E1,3.794211197E1,-5.886803436E1,-4.486733913E0
1.795908057E1,2.959323120E1,-4.926459122E1,-9.811738014E0
1.796408060E1,2.152686691E1,-3.980719376E1,-1.188990498E1
1.796908064E1,1.516307831E1,-3.176477242E1,-1.230889034E1
1.797408064E1,1.275899982E1,-2.864273262E1,-1.163372517E1
1.797908060E1,1.022593498E1,-2.453428268E1,-1.018283939E1
1.798408057E1,8.818143845E0,-2.268565941E1,-9.134179115E0
1.798908057E1,7.051223278E0,-2.063382912E1,-7.970596790E0
1.799408057E1,6.225223541E0,-1.901295471E1,-7.554005623E0
1.799908060E1,5.672163010E0,-1.731067657E1,-7.692869186E0
1.800408060E1,5.461473465E0,-1.612315369E1,-8.418312073E0
1.800907993E1,5.439925671E0,-1.504576206E1,-9.155726433E0
1.801407993E1,5.660192013E0,-1.405905151E1,-9.536404610E0
1.801907993E1,5.317821026E0,-1.280688381E1,-9.194033623E0
1.802407993E1,4.740519524E0,-1.217960358E1,-8.923488617E0
1.802907990E1,3.830722809E0,-1.110700130E1,-8.162133217E0
1.803407990E1,3.174711466E0,-1.062097836E1,-7.565976620E0
1.803907990E1,1.604115129E0,-9.943418503E0,-6.852504730E0
1.804407993E1,5.027823448E-1,-9.203610420E0,-6.297049522E0
1.804907996E1,-8.403648138E-1,-8.166921616E0,-5.688922405E0
1.805407996E1,-1.613691926E0,-7.340921879E0,-5.372888088E0
1.805907993E1,-2.406172752E0,-6.155791759E0,-4.958691120E0
1.806407990E1,-2.597708941E0,-5.504569054E0,-4.635174274E0
1.806907986E1,-2.885013103E0,-4.371812344E0,-4.187458992E0
1.807407986E1,-2.975992680E0,-3.828328609E0,-3.974374771E0
1.807907990E1,-3.019088268E0,-3.014299870E0,-3.579331636E0
1.808407993E1,-2.999934673E0,-2.683900118E0,-3.251325846E0
1.808907996E1,-2.693476915E0,-2.724601507E0,-3.086126089E0
1.809408000E1,-2.370259762E0,-3.093308687E0,-3.248931646E0
1.809908000E1,-2.231395960E0,-3.452438831E0,-3.890577793E0
1.810407996E1,-2.413355350E0,-4.043806553E0,-5.186140060E0
1.810907993E1,-3.086126089E0,-5.308244228E0,-8.166921616E0
1.811407993E1,-3.648763418E0,-6.088754177E0,-1.051323891E1
1.811907993E1,-5.054459095E0,-7.003339291E0,-1.244775391E1
1.812407996E1,-5.885247231E0,-7.486968040E0,-1.313967800E1
1.812907996E1,-6.907571316E0,-8.152556419E0,-1.402313900E1
1.813407996E1,-7.575553417E0,-8.487744331E0,-1.493562889E1
1.813907993E1,-7.704840183E0,-8.530839920E0,-1.479676533E1
1.814407989E1,-7.896376610E0,-8.257901192E0,-1.443254757E1
1.814907986E1,-8.006509781E0,-7.424718857E0,-1.311094761E1
1.815407986E1,-7.992144585E0,-6.304232121E0,-1.146373749E1
1.815908056E1,-7.659350395E0,-4.405331135E0,-9.172486305E0
1.816408059E1,-7.087136269E0,-2.894589901E0,-7.532457829E0
1.816908062E1,-5.483021259E0,-3.160346150E-1,-5.056853294E0
1.817408062E1,-4.745307922E0,9.648633003E-1,-4.405331135E0
1.817908062E1,-4.118026733E0,3.691859007E0,-5.207687855E0
1.818408059E1,-4.192247391E0,6.816591740E0,-7.649773598E0
1.818908059E1,-5.157409668E0,9.665691376E0,-9.519645691E0
1.819408059E1,-5.593154430E0,1.001763916E1,-7.905953407E0
1.819908059E1,-4.874594688E0,8.729558945E0,-4.968267918E0
1.820408059E1,-3.981557369E0,7.103895664E0,-2.662352324E0
1.820907992E1,-2.978386879E0,5.087977886E0,-7.230489254E-1
1.821408076E1,-2.173935175E0,3.751713991E0,6.392518282E-1
1.821908076E1,-1.434126854E0,-1.242590666E0,7.525275230E0
1.822408076E1,-2.336740971E0,-4.611232281E0,4.958691120E0
1.822908072E1,-8.020575643E-1,-3.459621429E0,1.565807939E0
1.823408069E1,-7.422025502E-2,-3.409343243E0,6.679822803E-1
1.823908069E1,-1.723825186E-1,-3.162740469E0,4.836287498E-1
1.824408069E1,-1.484405100E-1,-2.858676910E0,8.379706144E-1
1.824908072E1,7.565677166E-1,-2.377442360E0,1.216254473E0
1.825408072E1,5.410895944E-1,-2.552218914E0,1.932120800E0
1.825908072E1,2.420537949E0,-3.998316765E0,5.526116848E0
1.826408069E1,2.873042107E0,-3.890577793E0,5.981015205E0
1.826908065E1,2.284068346E0,-2.164358377E0,5.236418247E0
1.827408062E1,1.357512355E0,-7.398083210E-1,4.072536945E0
1.827908062E1,-9.002198577E-1,1.015141487E0,2.614468336E0
1.828408055E1,-1.764526606E0,1.728613615E0,2.492363930E0
1.828908058E1,-2.513911724E0,1.982398987E0,2.806004286E0
1.829408062E1,-2.961627483E0,1.833958507E0,3.208230257E0
1.829908062E1,-3.627215624E0,8.236053586E-1,3.517082214E0
1.830408062E1,-3.931279182E0,-2.561795712E-1,3.476380825E0
1.830908058E1,-4.570530891E0,-3.011905670E0,2.798821688E0
1.831408058E1,-4.922778130E0,-5.198111057E0,1.683123827E0
1.831908058E1,-5.404012680E0,-9.684844971E0,-7.733271718E-1
1.832408062E1,-5.435137272E0,-1.486380291E1,-3.766079187E0
1.832908062E1,-3.950432777E0,-2.185487175E1,-7.750329971E0
1.833408062E1,-1.022324085E0,-3.010319519E1,-1.221312237E1
1.833908058E1,2.980781078E0,-3.826772308E1,-1.663790703E1
1.834408055E1,1.057788277E1,-4.740908432E1,-2.203922462E1
1.834908052E1,2.421794891E1,-6.019681549E1,-2.672737122E1
1.835408052E1,3.375196075E1,-6.732465363E1,-2.471145439E1
1.835908118E1,4.472278976E1,-7.434235382E1,-2.095944023E1
1.836408038E1,4.562540436E1,-7.503907013E1,-1.873043823E1
1.836908041E1,4.290529251E1,-7.463684082E1,-1.325220585E1
1.837408045E1,3.593337631E1,-7.033895111E1,-8.178892136E0
1.837908045E1,2.743126678E1,-6.532070923E1,-4.596867085E0
1.838408045E1,1.949418831E1,-6.053918457E1,-2.358288765E0
1.838908041E1,1.296490192E1,-5.564783096E1,-1.364694953E0
1.839408041E1,8.226776123E0,-5.135233307E1,-1.125274777E0
1.839908041E1,3.588908434E0,-4.663336182E1,-5.291185975E-1
1.840408045E1,1.398213744E0,-4.342962265E1,-7.350199223E-1
1.840907978E1,-5.003881454E-1,-3.705386353E1,-2.650381327E0
1.841407978E1,-8.643068075E-1,-3.415179062E1,-3.296815634E0
1.841907978E1,-1.125274777E0,-3.116143227E1,4.189853072E-1
1.842407978E1,-7.038952708E-1,-2.845119667E1,8.901941299E0
1.842907888E1,5.040093899E0,-1.653734970E1,5.214960480E1
1.843407828E1,1.999697113E1,7.123049259E0,7.677725983E1
1.843907738E1,1.671452141E1,-2.470816135E0,7.836701202E1
1.844407648E1,1.319953346E1,-8.322544098E0,6.500706482E1
1.844907584E1,8.456619263E0,-1.472733307E1,2.903777695E1
1.845407518E1,6.048052788E0,-1.443015289E1,1.814146423E1
1.845907451E1,2.537853718E0,-9.431059837E0,5.099649429E-1
1.846407358E1,1.039083481E0,-7.688080788E0,-4.374206543E0
1.846907264E1,-2.992752194E-1,-7.261912823E0,-4.721365929E0
1.847407171E1,-1.237802267E0,-7.032069683E0,-1.077390760E-1
1.847907171E1,-4.961085320E0,-5.214870453E0,1.344613647E1
1.848407171E1,-7.573159218E0,-2.619256735E0,2.641133690E1
1.848907174E1,-3.215412855E0,-1.065419793E0,2.338476562E1
1.849407111E1,-1.252167463E0,-1.515529633E0,1.717660141E1
1.849907047E1,-3.088520169E-1,-1.180341482E0,1.248127270E1
1.850407047E1,4.788403399E-3,-4.788403511E-1,1.239508152E1
1.850907047E1,3.256114423E-1,3.830722719E-2,1.187553978E1
1.851406977E1,5.506663918E-1,-1.125274822E-1,1.058267117E1
1.851906977E1,9.935936928E-1,-8.858546019E-1,7.405565262E0
1.852406977E1,1.316810966E0,-1.364694953E0,5.765536785E0
1.852906941E1,1.757344007E0,-1.379060149E0,5.360917091E0
1.853406941E1,2.616862535E0,-1.216254473E0,6.256348133E0
1.853906941E1,4.390965939E0,-1.082179189E0,9.402329445E0
1.854406937E1,5.808632374E0,-1.168370485E0,1.193300056E1
1.854906934E1,7.324162483E0,-1.584961534E0,1.335755062E1
1.855406931E1,6.807014942E0,-2.264914751E0,1.137994003E1
1.855906997E1,5.775113583E0,-3.315969467E0,6.754342079E0
1.856407000E1,4.970662117E0,-3.991134167E0,3.940855980E0
1.856907004E1,4.290409565E0,-4.465186119E0,1.821987510E0
1.857407007E1,3.722983599E0,-4.879383087E0,2.585737705E-1
1.857907097E1,2.966415882E0,-5.128679276E0,-5.770025849E-1
1.858407164E1,2.580949545E0,-5.530905247E0,-7.015010715E-1
1.858907250E1,2.652775526E0,-6.948272705E0,-9.337386489E-2
1.859407337E1,3.205836058E0,-8.552388191E0,8.331822157E-1
1.859907403E1,4.596867085E0,-1.166724396E1,2.576161146E0
1.860407473E1,5.356128693E0,-1.336952114E1,3.246537447E0
1.860907477E1,5.794267178E0,-1.609202766E1,3.857059002E0
1.861407567E1,6.105513573E0,-1.857481575E1,5.178957462E0
1.861907657E1,6.598719120E0,-2.219005966E1,9.847650528E0
1.862407747E1,6.866869926E0,-2.730197906E1,1.509364605E1
1.862907747E1,7.992144585E0,-3.368252563E1,2.165615273E1
1.863407747E1,1.099207973E1,-3.943130493E1,2.035610199E1
1.863907743E1,1.765783691E1,-4.682968903E1,1.431523132E1
1.864407810E1,2.145743370E1,-5.118713379E1,1.138951683E1
1.864907877E1,2.644964409E1,-5.594950104E1,6.122272968E0
1.865407880E1,2.891327667E1,-5.754643250E1,3.150769472E0
1.865907880E1,3.194912529E1,-5.756798172E1,-1.764526606E0
1.866407946E1,3.332579041E1,-5.531264496E1,-5.133467674E0
1.866907943E1,3.303848648E1,-5.134275818E1,-7.017704487E0
1.867407976E1,2.923888969E1,-4.541231918E1,-7.034463882E0
1.867908016E1,2.135448265E1,-3.786549759E1,-6.742371082E0
1.868408020E1,1.722448540E1,-3.410630035E1,-6.883629322E0
1.868908020E1,1.267999172E1,-2.894679642E1,-7.075165272E0
1.869408020E1,1.051563358E1,-2.629402161E1,-7.034463882E0
1.869908020E1,7.575553417E0,-2.240314293E1,-6.701669693E0
1.870408020E1,6.055235386E0,-1.975276184E1,-6.495768547E0
1.870908020E1,5.284302235E0,-1.722687912E1,-6.155791759E0
1.871408016E1,4.855441093E0,-1.492605209E1,-5.301061630E0
1.871908013E1,4.280832767E0,-1.275421143E1,-4.455609322E0
1.872408013E1,3.699041605E0,-1.082687950E1,-3.847482204E0
1.872908016E1,2.557007313E0,-8.722375870E0,-3.687070608E0
1.873408019E1,1.984793186E0,-7.623437405E0,-3.703830004E0
1.873908019E1,1.256955862E0,-6.165368557E0,-3.991134167E0
1.874408019E1,8.882488012E-1,-5.451896667E0,-4.223371983E0
1.874908016E1,6.320692301E-1,-4.450820923E0,-4.618414879E0
1.875408013E1,6.440402865E-1,-3.766079187E0,-4.958691120E0
1.875908076E1,6.248866320E-1,-2.992752075E0,-5.013757706E0
1.876408076E1,6.512228847E-1,-2.348711967E0,-4.977844715E0
1.876908079E1,6.416460276E-1,-1.642422318E0,-4.845864296E0
1.877408083E1,5.817909837E-1,-9.840168953E-1,-4.668693542E0
1.877908086E1,3.160346150E-1,-2.489969730E-1,-4.534617901E0
1.878408086E1,1.580173075E-1,1.604115069E-1,-4.508281708E0
1.878908086E1,-1.915361285E-1,8.882488012E-1,-4.448426723E0
1.879408082E1,-3.591302633E-1,1.185129881E0,-4.256890774E0
1.879908082E1,-3.591302633E-1,1.532289028E0,-3.746925592E0
1.880408082E1,-2.705447972E-1,1.367089152E0,-3.323152065E0
1.880908019E1,-2.011129409E-1,1.017535686E0,-2.719813108E0
1.881408019E1,-3.232172430E-1,7.685387731E-1,-2.296039343E0
1.881908019E1,-4.548983276E-1,5.123591423E-1,-2.355894566E0
1.882407982E1,-5.626373887E-1,1.484405100E-1,-2.664746523E0
1.882907979E1,-7.422025204E-1,-4.692635238E-1,-4.005499363E0
1.883407976E1,-9.121908545E-1,-1.161187768E0,-5.794267178E0
1.883907976E1,-9.169792533E-1,-2.377442360E0,-8.961795807E0
1.884407976E1,-9.935936928E-1,-3.086126089E0,-1.095855999E1
1.884907979E1,-1.357512355E0,-4.989815712E0,-1.438466263E1
1.885407982E1,-1.726219416E0,-6.519710541E0,-1.800978279E1
1.885907985E1,-2.346317768E0,-7.446266651E0,-2.203204346E1
1.886407985E1,-3.813963413E0,-7.745541573E0,-2.537464714E1
1.886907985E1,-6.409577370E0,-6.890811920E0,-2.631556892E1
1.887407982E1,-7.182904243E0,-5.047276497E0,-2.463005066E1
1.887907979E1,-6.830956936E0,-1.884236693E0,-1.841919136E1
1.888407975E1,-5.925948620E0,2.418143749E-1,-1.472015095E1
1.888907975E1,-4.649539471E0,4.469974518E0,-1.113094330E1
1.889407979E1,-4.244919777E0,7.431901455E0,-1.072632313E1
1.889907982E1,-4.149151325E0,1.133684444E1,-1.083885002E1
1.890407985E1,-4.288015366E0,1.232086086E1,-1.028339577E1
1.890908025E1,-4.223371983E0,1.138233376E1,-7.697657585E0
1.891408025E1,-3.610456228E0,9.407117844E0,-4.180276394E0
1.891908022E1,-3.074155092E0,7.300220490E0,-1.074996591E0
1.892408022E1,-3.050212860E0,6.507739544E0,-1.149216816E-1
1.892908022E1,-2.557007313E0,4.869806290E0,6.320692301E-1
1.893408025E1,-1.984793186E0,3.722983599E0,1.158793569E0
1.893908025E1,-6.823474765E-1,1.738190413E0,1.383848548E0
1.894408025E1,1.244984865E-1,6.751648784E-1,1.096544385E0
1.894908022E1,5.530605912E-1,1.436520964E-1,7.733271718E-1
1.895408018E1,6.919242740E-1,7.182604820E-2,4.860229492E-1
1.895908082E1,9.457096457E-1,1.675941199E-1,2.466027737E-1
1.896408082E1,9.840168953E-1,4.309562966E-2,-1.053448766E-1
1.896908082E1,9.193734527E-1,-6.344634295E-1,-9.624691010E-1
1.897408085E1,6.248866320E-1,-8.020575643E-1,-8.786720037E-1
1.897908088E1,2.418143749E-1,-1.113303781E0,-1.106121182E0
1.898408091E1,2.849099934E-1,-1.199495077E0,-1.441309452E0
1.898908091E1,3.208230138E-1,-1.194706678E0,-1.920149803E0
1.899408091E1,4.501099288E-1,-1.345541358E0,-2.676717520E0
1.899908088E1,7.541735172E-1,-1.941697598E0,-3.699041605E0
1.900408088E1,9.816226959E-1,-2.640804529E0,-4.441244125E0
1.900908021E1,1.094150186E0,-3.327940464E0,-4.939537525E0
1.901408025E1,1.582567334E0,-4.185064793E0,-5.202899456E0
1.901908025E1,2.870647907E0,-6.146214962E0,-6.716034889E0
1.902408025E1,3.658340216E0,-7.767089367E0,-8.585906982E0
1.902908025E1,5.008969307E0,-1.189229870E1,-1.167921543E1
1.903408025E1,6.579565525E0,-1.554854393E1,-1.421228027E1
1.903908025E1,1.034803867E1,-2.443103218E1,-1.995866394E1
1.904408021E1,1.503857899E1,-3.382139206E1,-2.388754845E1
1.904908021E1,2.278142738E1,-4.477546310E1,-2.722297096E1
1.905408021E1,3.088849449E1,-5.448424911E1,-2.700031090E1
1.905907985E1,3.736271286E1,-5.970839691E1,-2.014541245E1
1.906407904E1,3.893331146E1,-6.231568146E1,-1.657805061E1
1.906907905E1,3.679768372E1,-6.220794296E1,-1.053718090E1
1.907407901E1,3.360591125E1,-6.162376022E1,-7.123049259E0
1.907907898E1,2.825247765E1,-6.075705719E1,-2.999934673E0
1.908407894E1,2.369601250E1,-5.902844620E1,-1.036689281E0
1.908907894E1,1.953249550E1,-5.694788361E1,4.261679053E-1
1.909407894E1,1.601062584E1,-5.367470932E1,1.161187768E0
1.909907898E1,1.285237408E1,-4.955429077E1,1.486799240E0
1.910407901E1,1.012777233E1,-4.572356796E1,1.367089152E0
1.910907904E1,7.680898190E0,-4.139215469E1,1.228225470E0
1.911407904E1,6.826168537E0,-3.899316788E1,1.161187768E0
1.911907904E1,6.579565525E0,-3.407996368E1,-5.578489900E-1
1.912407901E1,7.142202854E0,-2.786222267E1,-6.376058578E0
1.912907901E1,5.801449776E0,-2.932508087E1,-1.647210717E0
1.913407901E1,6.447884560E0,-3.164027405E1,5.004180908E0
1.913907904E1,-1.388636947E0,-9.838073730E0,7.075315094E1
1.914407904E1,6.234800339E0,-1.162654305E1,7.795041656E1
1.914907904E1,7.879617214E0,-1.259140587E1,7.412448120E1
1.915407901E1,5.463867664E0,-1.629553604E1,4.821593094E1
1.915907964E1,3.335123062E0,-1.819892502E1,2.015977669E1
1.916407961E1,2.243366957E0,-1.833539581E1,7.664138794E0
1.916907961E1,1.364694953E0,-1.761474037E1,-1.731007814E0
1.917407964E1,9.720458984E-1,-1.606569290E1,-2.901772499E0
1.917907967E1,7.685387731E-1,-1.346289539E1,-2.590526342E0
1.918407971E1,5.027823448E-1,-1.135599804E1,-2.023100376E0
1.918907970E1,1.628057212E-1,-9.055170059E0,-1.764526606E0
1.919407961E1,-8.140286058E-2,-6.598719120E0,-1.960851192E0
1.919907957E1,-7.110779285E-1,-4.333505154E0,-1.079784989E0
1.920407957E1,-4.003105164E0,-1.709460020E0,7.455843449E0
1.920907890E1,-2.066974258E1,4.402936935E0,5.289419937E1
1.921407974E1,-1.871607399E1,5.188534260E0,4.969794083E1
1.921907977E1,-6.816591740E0,1.896207690E0,1.811512947E1
1.922407977E1,-2.420537949E0,1.915361360E-2,5.971438408E0
1.922907977E1,-1.292868972E0,-3.591302633E-1,1.271321058E0
1.923407977E1,-1.024718285E0,3.112462163E-2,1.256955862E0
1.923907977E1,-9.648633003E-1,5.841852427E-1,1.247379065E0
1.924407977E1,-1.137245774E0,1.194706678E0,1.319205165E0
1.924907974E1,-1.304839969E0,1.915361404E0,2.130839586E0
1.925407974E1,-1.419761658E0,2.841917515E0,3.957615376E0
1.925907974E1,-1.254561663E0,3.383007050E0,7.185298443E0
1.926407977E1,-7.445967197E-1,3.576937437E0,1.062337208E1
1.926907977E1,6.703764945E-2,5.404012680E0,2.216372299E1
1.927407977E1,-1.244984865E-1,5.667374611E0,2.674173737E1
1.927907974E1,-5.889736414E-1,2.935291290E0,1.985571289E1
1.928407970E1,-2.130839527E-1,1.053448766E-1,1.201200962E1
1.928907967E1,1.412578970E-1,-2.772485495E0,6.093542576E0
1.929407967E1,1.340752989E-1,-4.185064793E0,3.708618402E0
1.929907970E1,-2.250549644E-1,-4.985027313E0,1.161187768E0
1.930407973E1,-3.064578176E-1,-5.406406879E0,4.620809257E-1
1.930907977E1,2.130839527E-1,-6.857293129E0,3.830722570E-1
1.931407977E1,6.919242740E-1,-8.506897926E0,9.816226959E-1
1.931907977E1,1.630451322E0,-1.208862400E1,2.480392933E0
1.932407973E1,1.517923832E0,-1.409496498E1,4.833893299E0
1.932907973E1,4.740519226E-1,-1.613033485E1,9.380781174E0
1.933407973E1,-7.038952708E-1,-1.796429443E1,1.346050167E1
1.933907976E1,-1.288080573E0,-1.896746445E1,1.388666916E1
1.934407990E1,-1.395819545E0,-2.018132401E1,1.244296551E1
1.934907990E1,-2.801215947E-1,-2.337518883E1,1.014932060E1
1.935407986E1,1.369483352E0,-2.676089096E1,8.763077736E0
1.935908050E1,6.639420509E0,-3.509780121E1,5.432743073E0
1.936408046E1,1.096574306E1,-4.166748810E1,2.844311714E0
1.936908043E1,1.811991692E1,-5.228846741E1,7.948749661E-1
1.937408043E1,2.367685890E1,-5.911463547E1,-8.044517636E-1
1.937908046E1,2.784067535E1,-6.312731934E1,-2.760514498E0
1.938408050E1,2.948549271E1,-6.425049591E1,-2.092532396E0
1.938908053E1,2.945676041E1,-6.394882965E1,-2.659958124E0
1.939408053E1,2.810403824E1,-6.144419479E1,-3.009511471E0
1.939908053E1,2.249651718E1,-5.323417664E1,-7.972691655E-1
1.940408049E1,1.748305893E1,-4.668363953E1,1.501164436E0
1.940907983E1,1.041747093E1,-3.531567383E1,4.501099110E0
1.941407983E1,8.150161743E0,-3.006249428E1,5.767930984E0
1.941907986E1,6.043264389E0,-2.331054688E1,6.663362503E0
1.942407919E1,5.234024048E0,-1.926434517E1,6.730400085E0
1.942907829E1,4.680664539E0,-1.621652603E1,6.373664379E0
1.943407763E1,4.486733913E0,-1.375738239E1,5.554847240E0
1.943907763E1,4.299986362E0,-1.120516300E1,4.094084740E0
1.944407763E1,4.017470360E0,-9.847650528E0,3.318363667E0
1.944907796E1,3.473986626E0,-8.183680534E0,2.097320795E0
1.945407796E1,3.280056238E0,-7.496544838E0,1.350329757E0
1.945907706E1,3.035847664E0,-6.778284073E0,8.379705995E-2
1.946407619E1,2.911349297E0,-6.411971569E0,-6.584054828E-1
1.946907533E1,2.940079689E0,-5.985803604E0,-1.946485996E0
1.947407442E1,3.117250681E0,-5.789478779E0,-2.796427488E0
1.947907439E1,3.213018656E0,-5.437531471E0,-3.445256233E0
1.948407372E1,3.299209833E0,-5.073612690E0,-3.916913986E0
1.948907306E1,3.141192675E0,-4.625597477E0,-4.271255970E0
1.949407306E1,2.868253708E0,-4.096478939E0,-4.350264549E0
1.949907242E1,2.466027737E0,-3.471592426E0,-4.400542736E0
1.950407242E1,2.272097349E0,-2.964021683E0,-4.367023945E0
1.950907242E1,1.929726601E0,-2.212242365E0,-4.216189384E0
1.951407242E1,1.821987510E0,-1.853112102E0,-4.189853191E0
1.951907242E1,1.776497602E0,-1.429338455E0,-4.089296341E0
1.952407176E1,1.738190413E0,-1.391031146E0,-4.201824188E0
1.952907172E1,1.850717902E0,-1.580173135E0,-4.766855717E0
1.953407172E1,2.169146776E0,-2.154781580E0,-5.894824028E0
1.953907172E1,2.798821688E0,-3.313575268E0,-7.458237648E0
1.954407176E1,3.174711466E0,-3.722983599E0,-8.087912560E0
1.954907176E1,4.201824188E0,-4.716577530E0,-1.045338345E1
1.955407176E1,4.620809078E0,-5.703287601E0,-1.268238544E1
1.955907239E1,5.578789234E0,-7.336133480E0,-1.624525642E1
1.956407239E1,6.062417984E0,-8.444648743E0,-1.860115242E1
1.956907239E1,6.332962990E0,-9.423876762E0,-2.040159035E1
1.957407309E1,5.978621006E0,-9.730335236E0,-2.008555603E1
1.957907399E1,4.841075897E0,-9.112630844E0,-1.720533180E1
1.958407465E1,4.089296341E0,-8.205228806E0,-1.529715347E1
1.958907465E1,3.282450438E0,-6.270713329E0,-1.251718616E1
1.959407465E1,2.877830505E0,-5.059247494E0,-1.083885002E1
1.959907429E1,1.917755604E0,-3.136404276E0,-7.633014202E0
1.960407425E1,1.364694953E0,-2.047042370E0,-5.875670433E0
1.960907445E1,9.768342972E-1,-3.375824392E-1,-3.873818398E0
1.961407469E1,1.460463047E0,2.662352324E0,-5.684134007E0
1.961907559E1,-3.351882473E-2,1.317319679E1,-7.635408401E0
1.962407652E1,-3.143586874E0,1.885972595E1,-5.353734493E0
1.962907652E1,-5.506963253E0,2.066734695E1,-2.494758129E0
1.963407715E1,-7.415142059E0,2.001133728E1,-6.512228847E-1
1.963907778E1,-9.419088364E0,1.712632370E1,4.979939461E-1
1.964407778E1,-9.213187218E0,1.346050167E1,7.302315235E-1
1.964907845E1,-5.435137272E0,5.861305237E0,1.963245422E-1
1.965407848E1,-3.399766445E0,2.806004286E0,-5.817909837E-1
1.965907848E1,-1.259350061E0,3.806780577E-1,-1.161187768E0
1.966407848E1,-1.098938584E0,-1.268926859E-1,-5.817909837E-1
1.966907848E1,-9.457096457E-1,-2.489969730E-1,3.136404157E-1
1.967407915E1,-1.532289028E0,5.386953950E-1,9.576807022E-1
1.967907915E1,-1.996764183E0,1.163581967E0,8.547300100E-1
1.968407912E1,-1.857900500E0,1.644816518E0,1.651999205E-1
1.968907912E1,-1.223437071E0,1.982398987E0,-1.321599364E0
1.969407912E1,-9.097966552E-1,1.960851192E0,-2.382230759E0
1.969907915E1,-5.554547906E-1,1.982398987E0,-3.976768970E0
1.970407915E1,8.140286058E-2,1.860294700E0,-4.601655483E0
1.970907915E1,9.648633003E-1,1.163581967E0,-5.382464886E0
1.971407912E1,1.903390408E0,3.591302633E-1,-6.091148376E0
1.971907908E1,2.844311714E0,-5.506663918E-1,-6.586748123E0
1.972407905E1,3.936067581E0,-1.642422318E0,-7.123049259E0
1.972907905E1,4.977844715E0,-3.203441858E0,-7.929895401E0
1.973407905E1,5.985803604E0,-4.244919777E0,-8.597877502E0
1.973907908E1,8.399158478E0,-6.388029575E0,-9.806949615E0
1.974407911E1,1.025227070E1,-7.901165009E0,-1.040310574E1
1.974907915E1,1.351077938E1,-1.118122101E1,-1.151640987E1
1.975407915E1,1.596274090E1,-1.360894203E1,-1.232804394E1
1.975907981E1,1.805048561E1,-1.779909325E1,-1.304391003E1
1.976408008E1,2.051172447E1,-2.229301071E1,-1.355148125E1
1.976908008E1,2.423710251E1,-2.801066399E1,-1.385315037E1
1.977408008E1,2.838894653E1,-3.482485962E1,-1.362570095E1
1.977908011E1,3.438672256E1,-4.461744690E1,-1.212214279E1
1.978408011E1,3.779367065E1,-5.017438889E1,-1.061379528E1
1.978908011E1,4.264192963E1,-5.907872391E1,-7.721599579E0
1.979408008E1,4.387733841E1,-6.341941071E1,-5.562029839E0
1.979908004E1,4.224449158E1,-6.798784637E1,-2.494758129E0
1.980407978E1,3.792774582E1,-7.011150360E1,-1.300051570E0
1.980907911E1,3.256204224E1,-7.139479828E1,-7.182604820E-2
1.981407914E1,2.700509834E1,-7.064062500E1,1.522712231E0
1.981907918E1,2.194345665E1,-6.863667297E1,2.887407303E0
1.982407921E1,1.729870605E1,-6.556252289E1,3.715801001E0
1.982907921E1,1.221312237E1,-5.961262894E1,4.299986362E0
1.983407921E1,9.785401344E0,-5.544432449E1,4.400542736E0
1.983907917E1,6.967426300E0,-4.774666595E1,4.575319290E0
1.984407914E1,5.880458832E0,-4.340807343E1,4.295197964E0
1.984907914E1,5.866093636E0,-3.734355927E1,3.066972494E0
1.985407917E1,6.546046734E0,-3.413503265E1,3.624821424E0
1.985907921E1,2.869301033E1,-1.114291382E1,7.412927246E1
1.986407921E1,1.996584702E1,-1.497872448E1,7.789295959E1
1.986907921E1,1.513195324E1,-1.447564316E1,7.423222351E1
1.987407921E1,1.248606110E1,-1.248127270E1,5.193412399E1
1.987907921E1,8.238747597E0,-1.789246750E1,2.278861046E1
1.988407921E1,6.297049522E0,-2.196021652E1,8.011298180E0
1.988907917E1,4.817133904E0,-2.188838959E1,-6.703764945E-2
1.989407917E1,4.165910721E0,-1.977670479E1,-6.057330370E-1
1.989907917E1,3.198653460E0,-1.535700798E1,-6.560112834E-1
1.990407921E1,2.130839586E0,-1.071435165E1,-9.504981041E-1
1.990907920E1,7.206547260E-1,-6.146214962E0,3.639186621E-1
1.991407957E1,-1.577778935E0,-2.243366957E0,8.166921616E0
1.991907954E1,-1.520138550E1,7.996932983E0,5.997894287E1
1.992407954E1,-1.662354088E1,1.128417206E1,7.327424622E1
1.992907954E1,-5.849334240E0,6.459855556E0,3.920146179E1
1.993407957E1,-1.599326730E0,2.039859772E0,1.795232201E1
1.993907957E1,4.668693244E-1,-1.312022567E0,1.723825216E0
1.994407957E1,5.674257874E-1,-1.477222443E0,-8.355764151E-1
1.994907957E1,5.746083856E-1,-1.134851575E0,-1.357512355E0
1.995407980E1,6.823474765E-1,-7.422025204E-1,-1.221042871E0
1.995908047E1,7.685387731E-1,-4.333505034E-1,-1.122880578E0
1.996408044E1,8.906430602E-1,-8.858546615E-2,-9.959878922E-1
1.996908040E1,9.672574997E-1,3.639186621E-1,-8.044517636E-1
1.997408040E1,1.039083481E0,5.985504389E-1,-5.482721925E-1
1.997908043E1,1.285686255E0,9.481038451E-1,6.943184882E-2
1.998408047E1,1.443703651E0,1.079784989E0,5.961562395E-1
1.998908007E1,1.731007814E0,1.189918280E0,1.982398987E0
1.999408007E1,1.929726601E0,1.357512355E0,3.375824451E0
1.999908003E1,2.157175779E0,1.139639974E0,5.550058842E0
2.000408000E1,1.984793186E0,-2.537853718E-1,7.798214436E0
2.000907930E1,1.702277422E0,-1.900996208E0,9.107842445E0
2.001407930E1,1.683123827E0,-3.086126089E0,8.614637375E0
2.001907933E1,1.857900500E0,-3.689464808E0,5.933131218E0
2.002407937E1,1.786074519E0,-3.823540211E0,4.252102375E0
2.002907940E1,1.805228114E0,-4.259284973E0,2.319981337E0
2.003407940E1,1.805228114E0,-4.759673119E0,1.963245392E0
2.003907940E1,2.099714994E0,-6.244377136E0,3.181894064E0
2.004407936E1,2.671929121E0,-8.564358711E0,5.775113583E0
2.004907936E1,3.660734415E0,-1.162175465E1,8.897152901E0
2.005407936E1,4.510675907E0,-1.520138550E1,1.082209110E1
2.005907900E1,5.947496414E0,-1.937926674E1,1.150922680E1
2.006407900E1,7.237970829E0,-2.221879005E1,1.155471706E1
2.006907900E1,1.021635818E1,-2.815192223E1,1.052281570E1
2.007407896E1,1.254352188E1,-3.246148300E1,9.028834343E0
2.007907893E1,1.763150024E1,-4.095880508E1,5.691316605E0
2.008407890E1,2.157953835E1,-4.738514328E1,3.493140221E0
2.008907890E1,2.361461067E1,-5.814977264E1,1.644816518E0
2.009407890E1,2.471145439E1,-6.425528717E1,7.900865674E-1
2.009907893E1,2.756773567E1,-6.537816620E1,2.944868207E-1
2.010407896E1,2.810403824E1,-6.554576111E1,-1.185129881E0
2.010907899E1,2.600671577E1,-5.981134796E1,-1.546654344E0
2.011407899E1,2.202246666E1,-5.324614716E1,-1.489193439E0
2.011907899E1,1.487816811E1,-4.162199783E1,-1.314416766E0
2.012407896E1,1.190666389E1,-3.594295120E1,-1.462857246E0
2.012907893E1,8.557176590E0,-2.871216393E1,-2.791639090E0
2.013407889E1,7.245153427E0,-2.519508171E1,-3.074155092E0
2.013907929E1,5.937919617E0,-2.027709198E1,-2.703053713E0
2.014407932E1,5.521328449E0,-1.716223717E1,-2.415749550E0
2.014907936E1,5.322609425E0,-1.455943966E1,-2.418143749E0
2.015407939E1,4.826710701E0,-1.226579475E1,-2.310404539E0
2.015908006E1,4.053383350E0,-9.744700432E0,-2.178723574E0
2.016408006E1,3.531447411E0,-8.396764755E0,-2.092532396E0
2.016908002E1,2.772485495E0,-6.658574104E0,-1.836352706E0
2.017408002E1,2.408566952E0,-5.811026573E0,-1.759738207E0
2.017908002E1,1.793257117E0,-4.857835293E0,-1.877054095E0
2.018408006E1,1.386242747E0,-4.139574528E0,-2.087743998E0
2.018908006E1,1.041477680E0,-3.399766445E0,-2.499546528E0
2.019408006E1,9.169792533E-1,-2.789244890E0,-2.928108692E0
2.019908002E1,8.714894056E-1,-2.382230759E0,-3.574543238E0
2.020407999E1,7.996633649E-1,-1.944091797E0,-4.027047157E0
2.020907969E1,6.967126727E-1,-1.352723956E0,-4.259284973E0
2.021407969E1,6.727706790E-1,-9.792284966E-1,-4.259284973E0
2.021907969E1,5.458779931E-1,-3.232172430E-1,-4.098873138E0
2.022407972E1,4.237737060E-1,4.070143029E-2,-4.120420933E0
2.022907975E1,2.633621991E-1,6.129156351E-1,-4.098873138E0
2.023407979E1,1.292868853E-1,1.086967587E0,-4.110844135E0
2.023907979E1,6.464344263E-2,1.357512355E0,-3.986345768E0
2.024407979E1,1.963245422E-1,1.393425345E0,-3.818751812E0
2.024907975E1,3.711012602E-1,1.170764685E0,-3.940855980E0
2.025407975E1,4.884171486E-1,8.331822157E-1,-4.501099110E0
2.025907975E1,5.913678408E-1,2.537853718E-1,-5.523722649E0
2.026407979E1,5.698199868E-1,-2.873042040E-2,-6.112696171E0
2.026907979E1,6.129156351E-1,-3.543418646E-1,-6.763918877E0
2.027407979E1,5.482721925E-1,-5.003881454E-1,-7.242759228E0
2.027907979E1,8.283938169E-1,-8.667010069E-1,-8.224382401E0
2.028407979E1,1.407790542E0,-1.977610588E0,-1.056591129E1
2.028907979E1,2.121262789E0,-3.478775024E0,-1.356584644E1
2.029407975E1,2.401384354E0,-4.716577530E0,-1.649904251E1
2.029907975E1,2.300827742E0,-5.396830082E0,-1.977670479E1
2.030407975E1,1.786074519E0,-5.286696434E0,-2.006879807E1
2.030907978E1,7.996633649E-1,-4.704606533E0,-1.780148888E1
2.031407978E1,2.250549644E-1,-4.022258759E0,-1.568022537E1
2.031907978E1,-2.561795712E-1,-2.327163935E0,-1.164809036E1
2.032407975E1,9.576806426E-2,-1.086967587E0,-8.691251755E0
2.032907972E1,3.136404157E-1,-1.436520964E-1,-6.309020519E0
2.033407968E1,4.070142806E-1,9.481038451E-1,-4.501099110E0
2.033907968E1,1.237802267E0,3.634398222E0,-6.426336765E0
2.034407968E1,1.122880578E0,7.692869186E0,-8.846874237E0
2.034907972E1,-1.192312479E0,1.175822353E1,-7.216423035E0
2.035407975E1,-2.501940727E0,1.243338871E1,-4.975450516E0
2.035908045E1,-3.596091032E0,1.173667622E1,-2.729389906E0
2.036408045E1,-3.869029999E0,1.065210247E1,-2.106897593E0
2.036908045E1,-3.411737442E0,7.393594265E0,-1.426944256E0
2.037408042E1,-2.128445387E0,4.925172329E0,-1.110909581E0
2.037908042E1,-7.805097699E-1,2.078166962E0,-9.289502501E-1
2.038408042E1,2.274491638E-1,7.541735172E-1,-6.919242740E-1
2.038908045E1,5.554547906E-1,1.819593310E-1,-6.392518282E-1
2.039408045E1,7.948749661E-1,1.125274822E-1,-5.937620401E-1
2.039908045E1,1.115697980E0,-2.394201700E-3,3.447650373E-1
2.040408041E1,1.024718285E0,-4.070143029E-2,1.060631394E0
2.040907971E1,7.398083210E-1,-7.182604820E-2,1.288080573E0
2.041407968E1,8.212111592E-1,-3.734954596E-1,7.661445141E-1
2.041907968E1,8.331822157E-1,-6.105214357E-1,-7.900865376E-2
2.042407905E1,8.427590132E-1,-2.585737705E-1,-8.307880163E-1
2.042907841E1,1.230619669E0,-5.746084079E-2,-1.833958507E0
2.043407778E1,1.599326730E0,5.267243832E-2,-2.403778553E0
2.043907688E1,1.968033791E0,-2.154781483E-2,-2.841917515E0
2.044407598E1,2.724601507E0,-7.302315235E-1,-3.933673382E0
2.044907551E1,3.866635799E0,-2.305616140E0,-5.954679012E0
2.045407481E1,4.690241337E0,-3.275267839E0,-7.127837658E0
2.045907414E1,5.490203857E0,-5.384859085E0,-8.686463356E0
2.046407328E1,6.273107529E0,-7.056011677E0,-1.031451988E1
2.046907241E1,8.248324394E0,-1.011580181E1,-1.358500004E1
2.047407151E1,1.091307068E1,-1.252676296E1,-1.598668289E1
2.047907061E1,1.497393608E1,-1.927631569E1,-1.826835823E1
2.048406994E1,1.936250687E1,-2.761083221E1,-1.969769669E1
2.048906931E1,2.490299034E1,-3.737229156E1,-2.059312820E1
2.049406864E1,3.154689980E1,-4.656393051E1,-2.025075722E1
2.049906861E1,3.981677246E1,-5.717533112E1,-1.734419632E1
2.050406861E1,4.302978897E1,-6.203556061E1,-1.438705730E1
2.050906861E1,4.527585220E1,-6.731028748E1,-9.292196274E0
2.051406864E1,4.303218460E1,-6.794235992E1,-5.902006626E0
2.051906864E1,3.697245789E1,-6.677159119E1,-9.313444495E-1
2.052406864E1,3.198024940E1,-6.495199585E1,1.307234168E0
2.052906821E1,2.542971420E1,-6.185599518E1,2.073378563E0
2.053406751E1,2.168009567E1,-5.949291992E1,2.121262789E0
2.053906747E1,1.630511284E1,-5.479070663E1,2.264914751E0
2.054406784E1,1.374780560E1,-5.177850342E1,2.324769735E0
2.054906787E1,1.089870548E1,-4.647055817E1,2.315192938E0
2.055406790E1,9.972148895E0,-4.337934494E1,2.231395960E0
2.055906860E1,8.949825287E0,-3.844968033E1,2.094926596E0
2.056406861E1,8.710405350E0,-3.468599701E1,3.859453201E0
2.056906861E1,8.650549889E0,-1.673127937E1,6.352714920E1
2.057406924E1,1.127220058E1,-7.233182430E0,7.749791718E1
2.057906990E1,1.256507015E1,-1.394652462E1,7.837179565E1
2.058407057E1,1.412608910E1,-1.488774490E1,7.170364380E1
2.058907150E1,1.006552315E1,-1.638412094E1,3.352211761E1
2.059407244E1,7.570765018E0,-1.900337791E1,1.361133575E1
2.059907287E1,5.202899456E0,-2.095465088E1,-6.136638165E0
2.060407354E1,4.180276394E0,-1.994429779E1,-7.774271965E0
2.060907350E1,2.729389906E0,-1.687972069E1,-5.873276234E0
2.061407437E1,1.740584612E0,-1.375977612E1,-4.850652695E0
2.061907523E1,8.427590132E-1,-1.052760410E1,-4.484339714E0
2.062407547E1,1.963245422E-1,-8.174103737E0,-3.507505417E0
2.062907640E1,-4.357447028E-1,-6.325780392E0,-2.183511972E0
2.063407710E1,-1.182735682E0,-4.309563160E0,-9.576806426E-2
2.063907776E1,-6.320991993E0,4.247313976E0,2.654780579E1
2.064407843E1,-9.103054047E0,1.309897709E1,5.998133850E1
2.064907843E1,-3.416525841E0,1.253155136E1,5.417779160E1
2.065407840E1,-1.261744261E0,7.927501202E0,3.408235931E1
2.065907840E1,1.771709323E-1,2.140416384E0,9.375992775E0
2.066407840E1,3.280056417E-1,6.536170840E-1,2.655169725E0
2.066907843E1,1.987187415E-1,4.189853072E-1,6.703764796E-1
2.067407843E1,1.939303428E-1,5.937620401E-1,6.703764945E-2
2.067907883E1,2.082955539E-1,8.283938169E-1,-7.900865376E-2
2.068407950E1,3.064578176E-1,9.097966552E-1,-9.576806799E-3
2.068907950E1,6.296750307E-1,1.079784989E0,5.506663918E-1
2.069407913E1,1.048660398E0,1.204283476E0,1.357512355E0
2.069907910E1,2.104503393E0,1.302445769E0,3.596091032E0
2.070407910E1,3.016694069E0,1.063025594E0,5.178957462E0
2.070907910E1,3.627215624E0,3.758896589E-1,4.939537525E0
2.071407913E1,3.555389643E0,-5.363011956E-1,3.263296843E0
2.071907916E1,3.114856482E0,-1.340752959E0,1.759738207E0
2.072407916E1,2.911349297E0,-1.970427990E0,9.121908545E-1
2.072907913E1,2.940079689E0,-2.952050686E0,5.698199868E-1
2.073407909E1,3.052607059E0,-3.663128614E0,7.805097699E-1
2.073907909E1,3.196259260E0,-5.444714069E0,1.505952835E0
2.074407909E1,3.682282209E0,-7.161356449E0,2.624045134E0
2.074907913E1,5.097554684E0,-1.138472843E1,6.148609161E0
2.075407913E1,6.012139797E0,-1.419312668E1,7.870040417E0
2.075907979E1,7.218817234E0,-1.780148888E1,7.769483566E0
2.076407979E1,8.688857079E0,-2.044468689E1,5.858911037E0
2.076907979E1,1.127938366E1,-2.382290459E1,3.670311213E0
2.077408046E1,1.492365742E1,-2.803700066E1,1.723825216E0
2.077908042E1,2.054763794E1,-3.445615387E1,2.284068346E0
2.078408042E1,2.401922989E1,-3.957016754E1,9.548376083E0
2.078908042E1,2.424907303E1,-5.632538986E1,6.369474411E1
2.079408046E1,2.981349754E1,-5.938996887E1,4.402338409E1
2.079908046E1,3.639066696E1,-5.952164841E1,1.633144760E1
2.080408046E1,3.946721649E1,-5.811864853E1,3.876212597E0
2.080907976E1,3.954383087E1,-5.446269989E1,-5.411195278E0
2.081407972E1,3.513131714E1,-4.815847015E1,-9.215581894E0
2.081907969E1,2.711283875E1,-4.042729187E1,-9.234735489E0
2.082407969E1,1.986289597E1,-3.426671219E1,-7.951443195E0
2.082907972E1,1.443015289E1,-2.869540596E1,-6.627449512E0
2.083407976E1,1.217960358E1,-2.617670441E1,-5.684134007E0
2.083907979E1,9.526827812E0,-2.313337517E1,-4.565742493E0
2.084407982E1,8.492532730E0,-2.154602051E1,-4.592078686E0
2.084907982E1,6.445490360E0,-1.938884354E1,-5.128679276E0
2.085407979E1,5.442319870E0,-1.796189880E1,-5.964255810E0
2.085907975E1,4.422090530E0,-1.661635780E1,-7.158962250E0
2.086407975E1,3.457227230E0,-1.528997040E1,-7.898770809E0
2.086907975E1,2.470816135E0,-1.407581139E1,-8.181286812E0
2.087407979E1,1.498770237E0,-1.269675064E1,-8.219594002E0
2.087907979E1,-2.657563984E-1,-1.096813679E1,-7.831733227E0
2.088407979E1,-1.086967587E0,-9.926659584E0,-7.336133480E0
2.088907975E1,-1.695094824E0,-8.408735275E0,-6.416759968E0
2.089407972E1,-1.941697598E0,-7.597101212E0,-5.813420773E0
2.089907968E1,-2.106897593E0,-6.421548367E0,-4.970662117E0
2.090407968E1,-1.898601890E0,-5.535693645E0,-4.644751072E0
2.090907972E1,-1.443703651E0,-4.424484730E0,-4.299986362E0
2.091407975E1,-9.361328483E-1,-3.801992416E0,-4.101267338E0
2.091907978E1,-7.086837292E-1,-3.035847664E0,-3.708618402E0
2.092407978E1,-5.075707436E-1,-2.331952572E0,-3.536235809E0
2.092907978E1,-5.506663918E-1,-1.393425345E0,-3.315969467E0
2.093408005E1,-4.620809257E-1,-9.504981041E-1,-3.174711466E0
2.093908005E1,-3.591302633E-1,-4.357447028E-1,-3.009511471E0
2.094408005E1,-7.134721279E-1,-1.915361285E-1,-3.014299870E0
2.094908008E1,-7.398083210E-1,-1.819593310E-1,-3.011905670E0
2.095408008E1,-5.961562395E-1,-3.399766386E-1,-3.138798475E0
2.095908075E1,-7.278373241E-1,-4.309563041E-1,-3.562572241E0
2.096408075E1,-1.096544385E0,-6.129156351E-1,-4.041412354E0
2.096908075E1,-1.707065821E0,-1.606509328E0,-5.104737282E0
2.097408075E1,-2.240972757E0,-2.571372509E0,-6.773495674E0
2.097908071E1,-3.210624456E0,-4.007893562E0,-1.010861874E1
2.098408068E1,-3.308786631E0,-4.654327869E0,-1.173188782E1
2.098908068E1,-3.816357613E0,-6.256348133E0,-1.494999409E1
2.099408068E1,-4.347870350E0,-7.211634636E0,-1.767220116E1
2.099908071E1,-4.716577530E0,-8.389581680E0,-1.950855446E1
2.100408071E1,-5.267542839E0,-9.124602318E0,-1.998260689E1
2.100908005E1,-5.918766022E0,-8.751106262E0,-1.871607399E1
2.101408001E1,-6.502951145E0,-7.240365028E0,-1.663311768E1
2.101907998E1,-6.174945354E0,-4.192247391E0,-1.259619427E1
2.102407994E1,-5.289090633E0,-2.346317768E0,-9.732728958E0
2.102907994E1,-3.988739967E0,7.900865376E-2,-5.945102215E0
2.103407998E1,-3.294421434E0,1.192312479E0,-4.675876141E0
2.103908001E1,-2.463633537E0,3.045424461E0,-4.268861771E0
2.104408004E1,-2.080561161E0,5.748777390E0,-6.311414719E0
2.104908004E1,-2.415749550E0,9.062353134E0,-9.194033623E0
2.105408004E1,-3.088520288E0,9.811738014E0,-8.188468933E0
2.105908001E1,-2.628833532E0,8.111854553E0,-5.066430092E0
2.106408001E1,-2.087743998E0,6.378452778E0,-2.518700123E0
2.106908001E1,-1.793257117E0,4.618414879E0,-7.900865376E-2
2.107408004E1,-1.369483352E0,3.330334663E0,1.192312479E0
2.107908004E1,-2.154781520E-1,7.757213712E-1,1.972822189E0
2.108407974E1,3.639186621E-1,-2.394201700E-3,1.534683347E0
2.108907971E1,1.139639974E0,-6.440402865E-1,1.563413739E0
2.109407967E1,1.113303781E0,-3.351882398E-1,1.539471745E0
2.109907964E1,6.392518282E-1,1.651999205E-1,1.276109457E0
2.110411929E1,4.740519226E-1,5.722141862E-1,1.151610970E0
2.110911929E1,2.298433632E-1,5.602431893E-1,1.063025594E0
2.111411933E1,-1.316810995E-1,4.453215301E-1,7.541735172E-1
2.111911936E1,-6.560112834E-1,2.394201756E-1,4.932055473E-1
2.112411939E1,-5.410895944E-1,1.460463107E-1,4.261679053E-1
2.112911939E1,-8.906430602E-1,1.795651317E-1,-3.591302410E-2
2.113411939E1,-7.996633649E-1,3.591302633E-1,-1.747767180E-1
2.113911936E1,-7.757213712E-1,3.256114423E-1,-2.442085743E-1
2.114411936E1,-8.858546019E-1,9.816227108E-2,-2.729389966E-1
2.114911936E1,-9.624691010E-1,-3.351882398E-1,-5.291185975E-1
2.115411939E1,-9.361328483E-1,-6.727706790E-1,-8.571242094E-1
2.115912006E1,-8.020575643E-1,-1.225831270E0,-1.386242747E0
2.116412006E1,-7.206547260E-1,-1.769315004E0,-1.793257117E0
2.116912006E1,-2.705447972E-1,-3.162740469E0,-2.525882721E0
2.117412006E1,2.633621916E-2,-4.529829502E0,-3.189076662E0
2.117912006E1,4.357447028E-1,-8.703222275E0,-5.509357452E0
2.118412002E1,1.410184860E0,-1.355387497E1,-8.856451035E0
2.118912002E1,4.153939724E0,-2.054763794E1,-1.303672791E1
2.119412002E1,8.482955933E0,-2.942563629E1,-1.679352951E1
2.119912006E1,1.586457920E1,-4.030997849E1,-2.136884880E1
2.120411966E1,2.483116341E1,-5.056703568E1,-2.488144112E1
2.120911926E1,3.674979782E1,-6.099887085E1,-2.332012367E1
2.121411922E1,4.248151779E1,-6.464793396E1,-1.962826347E1
2.121911919E1,4.643225098E1,-6.775082397E1,-1.321150398E1
2.122411919E1,4.457195663E1,-6.888567352E1,-7.987356186E0
2.122911922E1,3.713526535E1,-6.736056519E1,-1.819593310E0
2.123411925E1,2.903538132E1,-6.309858704E1,8.451532125E-1
2.123911925E1,2.235047150E1,-5.843228912E1,2.020706177E0
2.124411925E1,1.640327454E1,-5.352387619E1,2.202665567E0
2.124911925E1,1.131769085E1,-4.864928055E1,2.023100376E0
2.125411925E1,7.652167797E0,-4.382706070E1,1.917755604E0
2.125911925E1,4.774038315E0,-3.838982773E1,2.015917778E0
2.126411922E1,3.840299606E0,-3.535637283E1,2.212242365E0
2.126911922E1,-2.310404539E0,-2.339434242E1,3.912125587E0
2.127411922E1,-6.986579895E0,-2.032258224E1,1.022593498E1
2.127911925E1,-3.256114244E0,-2.244145203E1,1.843834496E1
2.128411925E1,2.607285738E0,-1.905365562E1,4.417212296E1
2.128911925E1,7.015010715E-1,1.173158810E-1,7.612603760E1
2.129411922E1,8.171710014E0,-6.507739544E0,7.828560638E1
2.129911919E1,8.753500938E0,-1.400398540E1,5.508519363E1
2.130411915E1,7.846098423E0,-1.696830559E1,3.312467957E1
2.130911915E1,5.612308025E0,-1.632426643E1,4.841075897E0
2.131411918E1,3.433285236E0,-1.428171253E1,-6.538864136E0
2.131911922E1,5.267243981E-1,-1.346289539E1,-1.058985329E1
2.132411925E1,-1.508347094E-1,-1.288589287E1,-7.099107265E0
2.132911925E1,-7.374141216E-1,-1.129374886E1,-4.383783340E0
2.133411925E1,-1.309628367E0,-9.186851501E0,-1.726219416E0
2.133911922E1,-4.508281708E0,-5.590760231E0,8.949825287E0
2.134411918E1,-1.462647724E1,4.477157295E-1,4.147595215E1
2.134911918E1,-8.518868446E0,5.420772076E0,4.637957764E1
2.135411962E1,-4.134786129E0,5.166986465E0,3.536595154E1
2.135912005E1,-1.738190413E0,2.815581083E0,2.060749245E1
2.136412005E1,-1.132457376E0,1.455674648E0,1.477282333E1
2.136912005E1,-1.388636976E-1,-8.212111592E-1,8.559570312E0
2.137412001E1,3.615244627E-1,-1.625662923E0,6.555623531E0
2.137911998E1,1.053448796E0,-2.269703150E0,4.726154327E0
2.138411995E1,1.793257117E0,-2.288856745E0,4.491522312E0
2.138911995E1,2.810792685E0,-2.229001760E0,5.456685066E0
2.139411998E1,4.153939724E0,-2.312798738E0,7.407959461E0
2.139912001E1,6.639420509E0,-2.099714994E0,1.140148735E1
2.140412005E1,8.068758965E0,-2.085349798E0,1.348683739E1
2.140911938E1,8.966584206E0,-2.650381327E0,1.261534786E1
2.141411938E1,8.679280281E0,-3.423708439E0,1.006312943E1
2.141911934E1,6.723217487E0,-4.412513733E0,4.299986362E0
2.142411931E1,6.062417984E0,-4.982633114E0,8.020575643E-1
2.142911864E1,5.772719383E0,-5.444714069E0,-1.182735682E0
2.143411778E1,5.585971832E0,-5.945102215E0,-1.860294700E0
2.143911711E1,5.710470200E0,-6.991368294E0,-2.054224968E0
2.144411621E1,5.928342819E0,-7.934683800E0,-1.927332401E0
2.144911554E1,6.450278759E0,-9.840468407E0,-1.594538331E0
2.145411554E1,7.187692642E0,-1.126980686E1,-1.424550056E0
2.145911488E1,9.548376083E0,-1.500266647E1,1.630451322E0
2.146411394E1,1.157387066E1,-1.816780090E1,5.159803867E0
2.146911301E1,1.421467495E1,-2.294662857E1,7.994538784E0
2.147411211E1,1.531630707E1,-2.508734322E1,6.785466671E0
2.147911147E1,1.720054436E1,-2.851823425E1,4.829104900E0
2.148411151E1,1.946067047E1,-3.233937836E1,4.122815132E0
2.148911151E1,2.266650581E1,-3.765719986E1,7.723993778E0
2.149411151E1,2.342067909E1,-4.824945068E1,3.465726852E1
2.149911147E1,2.938014603E1,-5.707477570E1,3.049105644E1
2.150411147E1,3.312467957E1,-5.807076263E1,1.747348213E1
2.150911147E1,3.508583069E1,-5.634454346E1,4.055777550E0
2.151411151E1,3.398180389E1,-5.265956879E1,-2.408566952E0
2.151911060E1,2.875526047E1,-4.493108368E1,-9.246706009E0
2.152410994E1,2.304479027E1,-3.744890594E1,-1.084603310E1
2.152910994E1,1.780627632E1,-3.131705666E1,-1.057788277E1
2.153410994E1,1.289307499E1,-2.678004456E1,-9.797372818E0
2.153910994E1,8.904335022E0,-2.348532295E1,-8.506897926E0
2.154410974E1,7.668927193E0,-2.086845970E1,-8.013691902E0
2.154910974E1,5.842151642E0,-1.857002640E1,-7.592312813E0
2.155410974E1,4.757278919E0,-1.760516357E1,-7.474997044E0
2.155911044E1,3.351882458E0,-1.629553604E1,-7.781454563E0
2.156411044E1,2.221819162E0,-1.516547203E1,-8.269871712E0
2.156911044E1,1.323993564E0,-1.419791508E1,-8.583512306E0
2.157411044E1,5.626373887E-1,-1.310615921E1,-8.403946877E0
2.157911107E1,-1.077390760E-1,-1.187075138E1,-7.676109791E0
2.158411194E1,-8.068459630E-1,-1.056351757E1,-6.754342079E0
2.158911260E1,-1.417367458E0,-9.047987938E0,-5.291484833E0
2.159411350E1,-1.592144132E0,-8.111854553E0,-4.448426723E0
2.159911420E1,-1.776497602E0,-6.768707275E0,-3.430891037E0
2.160411424E1,-2.061407566E0,-5.947496414E0,-3.069366693E0
2.160911427E1,-2.075772762E0,-4.522646904E0,-2.741360903E0
2.161411517E1,-1.877054095E0,-3.835511208E0,-2.729389906E0
2.161911540E1,-1.695094824E0,-2.880224705E0,-2.741360903E0
2.162411627E1,-1.527500629E0,-2.214636564E0,-2.719813108E0
2.162911693E1,-1.343147159E0,-1.656787634E0,-2.679111719E0
2.163411693E1,-1.197100878E0,-1.156399369E0,-2.607285738E0
2.163911697E1,-1.199495077E0,-6.775590777E-1,-2.578555346E0
2.164411697E1,-1.247379065E0,-4.644751251E-1,-2.580949545E0
2.164911697E1,-1.335964561E0,-2.178723514E-1,-2.473210335E0
2.165411693E1,-1.237802267E0,-1.747767180E-1,-2.413355350E0
2.165911690E1,-1.115697980E0,4.788403399E-3,-2.341529369E0
2.166411686E1,-1.199495077E0,-6.464344263E-2,-2.477998734E0
2.166911777E1,-1.441309452E0,-3.495534360E-1,-2.815581083E0
2.167411847E1,-1.848323703E0,-9.672574997E-1,-3.423708439E0
2.167911850E1,-2.633621931E0,-1.805228114E0,-4.824316502E0
2.168411853E1,-3.248931646E0,-2.329558372E0,-5.940313816E0
2.168911853E1,-4.000710964E0,-3.059789658E0,-8.075942039E0
2.169411870E1,-4.498704910E0,-3.509899616E0,-9.586683273E0
2.169911866E1,-5.061641693E0,-4.446032524E0,-1.177498341E1
2.170411866E1,-5.605125427E0,-5.032911301E0,-1.343895340E1
2.170911866E1,-6.354510784E0,-6.064812183E0,-1.485183144E1
2.171411870E1,-7.192481041E0,-6.735188484E0,-1.560121727E1
2.171911873E1,-7.783848763E0,-6.438307762E0,-1.484704304E1
2.172411873E1,-7.968202591E0,-5.169380665E0,-1.296729565E1
2.172911873E1,-6.996156693E0,-3.203441858E0,-9.325715065E0
2.173411873E1,-5.808632374E0,-1.151610970E0,-6.953061104E0
2.173911873E1,-4.163516521E0,3.184288144E-1,-4.177882195E0
2.174411873E1,-3.349488258E0,7.350199223E-1,-3.220201254E0
2.174911870E1,-2.315192938E0,1.352723956E0,-2.329558372E0
2.175411870E1,-2.123656988E0,1.886630893E0,-2.284068346E0
2.175911936E1,-1.980004787E0,3.193865061E0,-2.949656487E0
2.176411939E1,-2.509123325E0,5.439925671E0,-5.729623795E0
2.176912006E1,-3.416525841E0,7.144597054E0,-5.918766022E0
2.177412006E1,-3.658340216E0,7.534852028E0,-3.957615376E0
2.177912003E1,-3.270479441E0,6.795043468E0,-1.221042871E0
2.178411999E1,-2.825158119E0,5.741594791E0,3.040636182E-1
2.178911996E1,-1.735796213E0,4.024652958E0,2.628833532E0
2.179411996E1,-3.423708379E-1,2.657563925E0,3.380612850E0
2.179911999E1,6.153098345E-1,3.423708379E-1,1.630451322E0
2.180412002E1,6.943184733E-1,-4.596867263E-1,7.517793179E-1
2.180911939E1,3.854664862E-1,-4.620809257E-1,5.051765442E-1
2.181411939E1,1.412578970E-1,-5.075707436E-1,2.418143749E-1
2.181911939E1,8.140286058E-2,-6.512228847E-1,-4.548983276E-2
2.182411936E1,1.484405100E-1,-1.024718285E0,-2.011129409E-1
2.182911936E1,1.007958889E0,-2.226607561E0,1.572990537E0
2.183411936E1,1.529894829E0,-2.600103140E0,2.183511972E0
2.183911939E1,2.118868589E0,-2.966415882E0,2.224213362E0
2.184411942E1,1.094150186E0,-2.319981337E0,3.016694188E-1
2.184911942E1,3.280056417E-1,-2.377442360E0,-2.638410330E0
2.185411939E1,6.847416759E-1,-3.083731890E0,-3.926490784E0
2.185911935E1,1.254561663E0,-3.828328609E0,-4.812345505E0
2.186411932E1,1.707065821E0,-4.527435303E0,-5.959467411E0
2.186911929E1,2.535459518E0,-5.420772076E0,-7.170933247E0
2.187411929E1,3.866635799E0,-6.577171326E0,-9.308955193E0
2.187911932E1,5.114314079E0,-7.860463619E0,-1.075744724E1
2.188411935E1,6.021716595E0,-8.619425774E0,-1.137754536E1
2.188911938E1,7.898770809E0,-1.106151104E1,-1.219636250E1
2.189411938E1,9.103054047E0,-1.363048935E1,-1.317080307E1
2.189911939E1,1.191624069E1,-2.206316757E1,-1.597231770E1
2.190411935E1,1.610878754E1,-3.025881958E1,-1.820371437E1
2.190911935E1,2.127786827E1,-3.870107269E1,-1.988923264E1
2.191411935E1,2.721578789E1,-4.742345047E1,-1.816061783E1
2.191911938E1,3.468839264E1,-5.555685043E1,-1.617343140E1
2.192411938E1,3.695809555E1,-6.137955093E1,-1.253155136E1
2.192911938E1,3.600041199E1,-6.305309677E1,-6.589142323E0
2.193411938E1,3.273202896E1,-6.264608383E1,-3.909731388E0
2.193911938E1,2.668906403E1,-6.200443649E1,-5.889736414E-1
2.194411938E1,2.194585228E1,-5.933969116E1,1.285686255E0
2.194911935E1,1.771050835E1,-5.536292267E1,2.614468336E0
2.195411935E1,1.477282333E1,-5.127332687E1,3.478775024E0
2.195912002E1,1.253394508E1,-4.685363007E1,3.500322819E0
2.196412005E1,1.060182476E1,-4.253179550E1,3.521870613E0
2.196912008E1,8.626607895E0,-3.754227829E1,3.574543238E0
2.197412008E1,7.702445984E0,-3.464050674E1,3.411737442E0
2.197912005E1,6.852504730E0,-3.017741585E1,2.906560898E0
2.198412001E1,3.483563423E0,-2.392585564E1,5.147832870E0
2.198911998E1,-2.509123325E0,-1.606569290E1,1.929307556E1
2.199411995E1,1.608903527E0,-1.654213715E1,2.797714424E1
2.199911995E1,1.687912226E0,-3.991134167E0,7.477091980E1
2.200411998E1,5.231629848E0,-6.498162746E0,7.820181274E1
2.200911935E1,5.897218227E0,-1.377174759E1,7.364085388E1
2.201411938E1,7.575553417E0,-1.423622227E1,4.236899185E1
2.201911938E1,5.255571842E0,-1.603217316E1,6.335357189E0
2.202411938E1,3.256114244E0,-1.584303093E1,-5.674557209E0
2.202911934E1,1.714248419E0,-1.374541092E1,-1.018044472E1
2.203411934E1,8.834604025E-1,-1.284997940E1,-8.638579369E0
2.203911934E1,-2.011129409E-1,-1.073589993E1,-5.463867664E0
2.204411938E1,-8.164227605E-1,-8.789413452E0,-3.646369219E0
2.204911938E1,-1.302445769E0,-7.118260860E0,-2.291250944E0
2.205411938E1,-1.599326730E0,-5.672163010E0,-9.074024558E-1
2.205911934E1,-2.542642117E0,-3.313575268E0,3.612850428E0
2.206411931E1,-9.028834343E0,4.927566528E0,3.598844147E1
2.206911928E1,-5.404012680E0,1.164330196E1,5.585852051E1
2.207411928E1,-2.341529369E0,9.225158691E0,4.396113586E1
2.207911931E1,-5.339069963E-1,3.394978046E0,1.966657066E1
2.208411934E1,-1.843535304E-1,1.139639974E0,1.089870548E1
2.208911937E1,-1.340752989E-1,-1.819593310E-1,5.061641693E0
2.209411941E1,1.412578970E-1,-1.939303428E-1,3.986345768E0
2.209911941E1,4.812345505E-1,-1.532289088E-1,3.639186621E0
2.210411937E1,8.930372596E-1,-2.944868207E-1,3.378218651E0
2.210911934E1,1.407790542E0,-4.836287498E-1,3.557783842E0
2.211411934E1,2.003946781E0,-5.985504389E-1,4.170699596E0
2.211911934E1,3.548206806E0,-7.110779285E-1,6.330568790E0
2.212411937E1,4.771644115E0,-8.499416113E-1,8.423100471E0
2.212911937E1,6.589142323E0,-1.529894829E0,1.161696625E1
2.213411937E1,7.065588474E0,-2.221819162E0,1.172949314E1
2.213911937E1,6.474220753E0,-3.708618402E0,8.200440407E0
2.214411937E1,5.195716858E0,-4.745307922E0,4.496310711E0
2.214911937E1,4.197035789E0,-5.451896667E0,1.766920805E0
2.215411934E1,3.529053211E0,-5.928342819E0,9.576806799E-3
2.215912000E1,3.136404276E0,-6.797437668E0,-1.017535686E0
2.216412000E1,3.189076662E0,-7.539640427E0,-1.058237195E0
2.216912004E1,3.967192173E0,-9.658509254E0,4.237737060E-1
2.217412004E1,4.977844715E0,-1.172231102E1,2.238578558E0
2.217912004E1,7.309797287E0,-1.606808662E1,5.502174854E0
2.218412000E1,9.055170059E0,-1.944630432E1,6.742371082E0
2.218912000E1,1.039592266E1,-2.247975922E1,8.116642952E0
2.219412000E1,1.155232239E1,-2.613360977E1,1.209101772E1
2.219912004E1,1.326657104E1,-3.288525772E1,2.305436707E1
2.220412004E1,1.544319916E1,-3.765241241E1,2.486947060E1
2.220911970E1,2.115097618E1,-4.351342010E1,1.868734360E1
2.221411970E1,2.510889053E1,-4.881208801E1,1.365443134E1
2.221911970E1,3.242078400E1,-5.352148056E1,4.374206543E0
2.222411970E1,3.589506912E1,-5.512350082E1,-2.944868207E-1
2.222911967E1,3.767396164E1,-5.529827881E1,-5.887641430E0
2.223411963E1,3.540904617E1,-5.377526474E1,-8.370428085E0
2.223911963E1,3.067062187E1,-4.713614655E1,-7.690474987E0
2.224411963E1,2.441666794E1,-4.014717102E1,-5.229235649E0
2.224911967E1,1.841919136E1,-3.470754623E1,-3.600879431E0
2.225411967E1,1.344134808E1,-3.054612350E1,-3.359065056E0
2.225911967E1,9.538799286E0,-2.627247238E1,-3.270479441E0
2.226411963E1,7.822156429E0,-2.439751434E1,-3.478775024E0
2.226911960E1,5.820603371E0,-2.180219841E1,-3.813963413E0
2.227411957E1,4.589684486E0,-2.046623421E1,-3.936067581E0
2.227911957E1,2.789244890E0,-1.816540718E1,-4.371812344E0
2.228411960E1,1.850717902E0,-1.623567963E1,-4.735731125E0
2.228911963E1,8.762778044E-1,-1.437029743E1,-5.260360241E0
2.229411966E1,1.628057212E-1,-1.246690750E1,-5.545270443E0
2.229911966E1,-3.663128614E-1,-1.066407394E1,-5.329792023E0
2.230411966E1,-6.655880809E-1,-9.107842445E0,-4.963479519E0
2.230911963E1,-9.409212470E-1,-7.520486832E0,-4.522646904E0
2.231411963E1,-1.065419793E0,-6.790255070E0,-4.168305397E0
2.231911963E1,-9.026140571E-1,-5.811026573E0,-3.902548790E0
2.232411966E1,-7.709329724E-1,-5.250783443E0,-3.878606796E0
2.232911966E1,-5.937620401E-1,-4.627991676E0,-3.873818398E0
2.233411966E1,-4.118026793E-1,-4.110844135E0,-3.916913986E0
2.233911963E1,-1.843535304E-1,-3.548206806E0,-3.952826977E0
2.234411960E1,-1.077390760E-1,-2.892195702E0,-3.909731388E0
2.234911956E1,-1.005564705E-1,-2.176329374E0,-3.701435804E0
2.235411956E1,-7.900865376E-2,-1.508347034E0,-3.524264812E0
2.235911989E1,-8.379705995E-2,-8.140285611E-1,-3.268085241E0
2.236411993E1,-1.723825186E-1,-4.668693244E-1,-3.153163671E0
2.236911996E1,-2.202665508E-1,-5.267243832E-2,-2.940079689E0
2.237411999E1,-2.801215947E-1,1.580173075E-1,-2.873042107E0
2.237911999E1,-2.968810201E-1,3.232172430E-1,-2.813186884E0
2.238411999E1,-3.327940404E-1,3.447650373E-1,-3.062183857E0
2.238911996E1,-4.501099288E-1,1.173158810E-1,-3.404554844E0
2.239411996E1,-5.626373887E-1,-4.429273009E-1,-4.019864559E0
2.239911996E1,-1.012747288E0,-1.663970232E0,-6.342539787E0
2.240411999E1,-1.300051570E0,-2.365471363E0,-7.896376610E0
2.240911933E1,-1.527500629E0,-2.858676910E0,-9.936236382E0
2.241411932E1,-1.321599364E0,-3.311181068E0,-1.103517532E1
2.241911932E1,-1.134851575E0,-3.881000996E0,-1.247409058E1
2.242411866E1,-1.151610970E0,-4.616020679E0,-1.368076801E1
2.242911776E1,-1.288080573E0,-5.578789234E0,-1.532588387E1
2.243411706E1,-1.771709204E0,-6.143820763E0,-1.666663742E1
2.243911616E1,-3.019088268E0,-5.576395035E0,-1.611597061E1
2.244411599E1,-4.041412354E0,-4.498704910E0,-1.450197887E1
2.244911602E1,-4.711789131E0,-2.480392933E0,-1.123149967E1
2.245411512E1,-4.434061527E0,-1.151610970E0,-8.818143845E0
2.245911422E1,-3.684676409E0,5.027823448E-1,-5.767930984E0
2.246411329E1,-3.157952070E0,1.113303781E0,-4.625597477E0
2.246911236E1,-2.298433542E0,1.843535304E0,-3.361459255E0
2.247411146E1,-1.972822189E0,2.348711967E0,-3.074155092E0
2.247911149E1,-1.335964561E0,3.588908434E0,-3.969586372E0
2.248411086E1,-1.412579060E0,6.021716595E0,-6.361693382E0
2.248911019E1,-2.829946518E0,8.396764755E0,-6.079177380E0
2.249411019E1,-3.191470861E0,8.672098160E0,-4.340687752E0
2.249910952E1,-2.875436306E0,8.061576843E0,-1.726219416E0
2.250410952E1,-2.762908697E0,7.412747860E0,-5.291185975E-1
2.250910885E1,-2.310404539E0,5.210082054E0,1.637633920E0
2.251410975E1,-1.642422318E0,3.756502390E0,1.819593310E0
2.251910935E1,-1.029506698E-1,1.860294700E0,1.395819545E0
2.252410872E1,1.795651317E-1,1.350329757E0,8.092401624E-1
2.252910875E1,2.082955539E-1,1.367089152E0,1.436520964E-1
2.253410875E1,3.399766386E-1,1.367089152E0,6.943184882E-2
2.253910875E1,6.320692301E-1,1.386242747E0,3.591302633E-1
2.254410872E1,4.740519226E-1,1.417367458E0,2.466027737E-1
2.254910868E1,-4.525041282E-1,8.427590132E-1,-4.118026793E-1
2.255410865E1,-7.254431248E-1,2.849099934E-1,-7.589619160E-1
2.255910932E1,-6.200982332E-1,4.788403213E-2,-9.193734527E-1
2.256410935E1,-6.129156351E-1,1.029506698E-1,-1.252167463E0
2.256910938E1,-5.793967843E-1,1.149216816E-1,-1.762132406E0
2.257411008E1,-6.272808313E-1,-9.576806426E-2,-2.741360903E0
2.257911098E1,-6.679822803E-1,-6.631938815E-1,-3.450044632E0
2.258411165E1,-4.812345505E-1,-1.510741234E0,-4.369418144E0
2.258911252E1,5.985504389E-2,-2.782062292E0,-6.354510784E0
2.259411265E1,7.326257229E-1,-3.483563423E0,-7.355287075E0
2.259911265E1,2.020706177E0,-5.245995045E0,-9.340080261E0
2.260411358E1,2.930502892E0,-6.541258335E0,-1.081730270E1
2.260911398E1,4.422090530E0,-8.753500938E0,-1.283082581E1
2.261411488E1,5.497386456E0,-1.067125607E1,-1.385793877E1
2.261911511E1,7.431901455E0,-1.715744781E1,-1.693718147E1
2.262411598E1,1.059224796E1,-2.473060799E1,-1.930983543E1
2.262911595E1,1.597231770E1,-3.386927414E1,-2.204880142E1
2.263411658E1,2.290592575E1,-4.369058990E1,-2.409823799E1
2.263911724E1,3.218854523E1,-5.518814468E1,-2.250370026E1
2.264411728E1,3.664205933E1,-6.024469757E1,-1.913745308E1
2.264911808E1,4.025730515E1,-6.520339203E1,-1.292180538E1
2.265411811E1,3.926610565E1,-6.555533600E1,-8.777442932E0
2.265911878E1,3.360112381E1,-6.392009735E1,-2.770091295E0
2.266411784E1,2.839612961E1,-6.224625015E1,5.291185975E-1
2.266911821E1,2.300408936E1,-5.854002762E1,2.564189911E0
2.267411884E1,1.808639908E1,-5.384709167E1,3.356670856E0
2.267911884E1,1.419312668E1,-4.905390167E1,3.514688015E0
2.268411888E1,1.125783539E1,-4.409760284E1,3.292027235E0
2.268911888E1,8.396764755E0,-3.844728851E1,3.076549292E0
2.269411888E1,7.137414455E0,-3.551199722E1,2.944868088E0
2.269911888E1,5.808632374E0,-3.126438332E1,2.547430515E0
2.270411891E1,5.076006889E0,-2.677046776E1,1.338358760E0
2.270911891E1,-2.193088770E0,-1.816061783E1,4.915595531E0
2.271411887E1,3.351882473E-2,-2.236483574E1,8.942642212E0
2.271911884E1,4.707000732E0,-2.535070610E1,1.457141113E1
2.272411884E1,-9.213187218E0,-7.331345081E0,6.786813354E1
2.272911887E1,-1.039083481E0,-1.027381897E1,7.809886169E1
2.273411891E1,3.531447411E0,-1.440621090E1,7.178744507E1
2.273911891E1,4.764461517E0,-1.435353851E1,3.677613449E1
2.274411891E1,4.537012100E0,-1.496914768E1,1.768177795E1
2.274911887E1,1.367089152E0,-1.455225754E1,-2.758120298E0
2.275411887E1,2.489969730E-1,-1.450676727E1,-5.976226807E0
2.275911940E1,-2.154781483E-2,-1.381723690E1,-4.709394932E0
2.276411944E1,-2.226607651E-1,-1.240705204E1,-2.779668093E0
2.276912010E1,-7.900865674E-1,-1.023072338E1,-1.446097851E0
2.277412010E1,-3.186682463E0,-7.752724171E0,4.532223701E0
2.277912010E1,-1.612315369E1,-3.148375273E0,3.814083099E1
2.278412010E1,-1.791401482E1,-2.035071403E-1,4.701643372E1
2.278912010E1,-9.531616211E0,4.046200812E-1,2.872892380E1
2.279412007E1,-5.396830082E0,-1.458068848E0,1.623089218E1
2.279911997E1,-2.466027737E0,-2.724601507E0,6.541258335E0
2.280411997E1,-1.754949808E0,-2.408566952E0,4.553771496E0
2.280912007E1,-1.577778935E0,-1.831564307E0,4.280832767E0
2.281412007E1,-1.297657371E0,-1.187524080E0,4.752490520E0
2.281912007E1,-8.331822157E-1,-8.212111592E-1,5.633855820E0
2.282412004E1,-6.224924326E-2,-4.022258818E-1,7.446266651E0
2.282912000E1,1.465251446E0,2.226607651E-1,1.202398014E1
2.283411997E1,2.942473888E0,7.038952708E-1,1.628356361E1
2.283911997E1,5.509357452E0,1.003170490E0,2.204401398E1
2.284411997E1,6.131849766E0,2.681505978E-1,2.145025063E1
2.284912000E1,5.700893402E0,-2.094926596E0,1.486140823E1
2.285412000E1,4.644751072E0,-3.459621429E0,8.945036888E0
2.285912003E1,3.699041605E0,-5.183745861E0,4.039018154E0
2.286412003E1,2.877830505E0,-5.878064632E0,1.235408068E0
2.286912003E1,2.466027737E0,-6.280290127E0,-2.106897533E-1
2.287412000E1,2.626439333E0,-6.845322132E0,-1.211466074E0
2.287912000E1,3.136404276E0,-8.293813705E0,-1.663970232E0
2.288412000E1,3.758896589E0,-9.816526413E0,-1.307234168E0
2.288912003E1,5.822998047E0,-1.387469769E1,3.591302633E-1
2.289412003E1,7.048829079E0,-1.659481049E1,1.189918280E0
2.289912003E1,7.992144585E0,-1.947742844E1,1.446097851E0
2.290412000E1,8.358457565E0,-2.129223442E1,2.276885748E0
2.290911997E1,8.794201851E0,-2.431850433E1,5.933131218E0
2.291411993E1,8.906729698E0,-2.908087158E1,1.549108315E1
2.291911993E1,9.500492096E0,-3.400095749E1,2.342067909E1
2.292411996E1,1.274224091E1,-3.759973907E1,2.053327179E1
2.292912000E1,1.882620621E1,-4.229237747E1,1.213650799E1
2.293412003E1,2.248454666E1,-4.568286514E1,6.890811920E0
2.293912003E1,2.880314445E1,-5.021748352E1,4.812345505E-1
2.294412003E1,3.198503876E1,-5.108657837E1,-3.409343243E0
2.294912000E1,3.184856796E1,-5.019832993E1,-4.110844135E0
2.295411996E1,2.984462166E1,-4.837873459E1,-5.193322659E0
2.295911986E1,2.627007866E1,-4.608509064E1,-6.067206383E0
2.296411986E1,2.099295998E1,-4.217266464E1,-6.265924931E0
2.296911986E1,1.250042629E1,-3.482007217E1,-5.327397823E0
2.297411990E1,8.499714851E0,-3.067062187E1,-4.963479519E0
2.297911993E1,4.474762917E0,-2.499396896E1,-3.861847401E0
2.298411996E1,3.416525841E0,-2.223315620E1,-3.296815634E0
2.298911996E1,2.554613113E0,-1.836173058E1,-2.571372509E0
2.299411996E1,2.104503393E0,-1.646073532E1,-2.583343744E0
2.299911993E1,1.228225470E0,-1.355387497E1,-2.647987127E0
2.300411993E1,7.900865674E-1,-1.162414837E1,-2.456450939E0
2.300911926E1,5.123591423E-1,-1.007988834E1,-2.394201756E0
2.301411929E1,2.657563984E-1,-8.806173325E0,-2.583343744E0
2.301911929E1,1.508347094E-1,-7.525275230E0,-2.944868088E0
2.302411929E1,7.422025502E-2,-6.897994518E0,-3.186682463E0
2.302911926E1,2.489969730E-1,-5.995380402E0,-3.507505417E0
2.303411922E1,3.854664862E-1,-5.605125427E0,-3.806780815E0
2.303911919E1,6.224924326E-1,-4.893748283E0,-4.295197964E0
2.304411919E1,7.972691655E-1,-4.357447147E0,-4.721365929E0
2.304911922E1,1.027112484E0,-3.878606796E0,-4.965873718E0
2.305411926E1,1.106121182E0,-3.450044632E0,-5.018546104E0
2.305911929E1,1.127668977E0,-2.813186884E0,-5.032911301E0
2.306411929E1,9.888052940E-1,-2.432508945E0,-4.944325924E0
2.306911929E1,7.110779285E-1,-1.759738207E0,-4.577713490E0
2.307411926E1,5.626373887E-1,-1.362300754E0,-4.369418144E0
2.307911926E1,3.160346150E-1,-7.565677166E-1,-4.096478939E0
2.308411926E1,2.992752194E-1,-4.309563041E-1,-3.878606796E0
2.308911929E1,3.519476354E-1,-5.746084079E-2,-3.734954596E0
2.309411932E1,3.998316824E-1,6.224924326E-2,-3.718195200E0
2.309911932E1,2.753331959E-1,-2.394201756E-1,-3.883395195E0
2.310411932E1,-5.267243832E-2,-9.145850539E-1,-4.465186119E0
2.310911932E1,-2.537853718E-1,-1.493981838E0,-5.724835396E0
2.311411932E1,-3.758896589E-1,-2.051830769E0,-7.510910034E0
2.311911932E1,-3.663128614E-1,-2.892195702E0,-1.101602173E1
2.312411929E1,-2.992752194E-1,-3.320757866E0,-1.278054810E1
2.312910418E1,-4.333505034E-1,-3.665522814E0,-1.448282528E1
2.313410468E1,-4.261679053E-1,-4.096478939E0,-1.552220821E1
2.313910471E1,-1.604115069E-1,-4.271255970E0,-1.619019127E1
2.314410471E1,-7.661445141E-1,-3.976768970E0,-1.643918800E1
2.314910471E1,-1.898601890E0,-3.423708439E0,-1.568980217E1
2.315410468E1,-2.978386879E0,-2.257732153E0,-1.337909794E1
2.315910531E1,-3.174711466E0,-7.829039693E-1,-1.000327396E1
2.316410527E1,-2.808398485E0,5.386953950E-1,-6.596324921E0
2.316910527E1,-2.298433542E0,1.285686255E0,-4.151545525E0
2.317410531E1,-1.900996208E0,1.606509328E0,-3.335123062E0
2.317910534E1,-1.429338455E0,1.908178806E0,-2.664746523E0
2.318410537E1,-1.158793569E0,2.190694571E0,-2.427720547E0
2.318910537E1,-1.029506683E0,2.564189911E0,-2.305616140E0
2.319410537E1,-8.690952063E-1,3.505111217E0,-3.737348795E0
2.319910534E1,-9.217676520E-1,5.463867664E0,-5.997774601E0
2.320410534E1,-1.999158382E0,7.745541573E0,-5.360917091E0
2.320910520E1,-2.971204281E0,8.413523674E0,-2.626439333E0
2.321410524E1,-2.944868088E0,6.886023521E0,-4.644751251E-1
2.321910527E1,-2.059013367E0,4.084507942E0,1.012747288E0
2.322410527E1,-1.039083481E0,2.604891539E0,9.720458984E-1
2.322910577E1,3.327940404E-1,1.221042871E0,6.751648784E-1
2.323410574E1,6.991068721E-1,9.888052940E-1,5.578489900E-1
2.323910570E1,6.584054828E-1,1.182735682E0,2.992752194E-1
2.324410567E1,7.110779285E-1,1.448492050E0,2.849099934E-1
2.324910567E1,1.007958889E0,1.082179189E0,3.112462163E-1
2.325410570E1,9.481038451E-1,8.906430602E-1,1.244984865E-1
2.325910574E1,2.537853718E-1,3.495534360E-1,-3.471592367E-1
2.326410577E1,5.746084079E-2,4.548983276E-2,-6.033388376E-1
2.326910577E1,-2.873042040E-2,-3.112462163E-2,-1.055842996E0
2.327410577E1,-1.316810995E-1,6.464344263E-2,-1.359906554E0
2.327910573E1,3.591302410E-2,9.576806799E-3,-1.996764183E0
2.328410523E1,3.615244627E-1,-3.088520169E-1,-2.691082716E0
2.328910523E1,8.044517636E-1,-8.882488012E-1,-3.488351822E0
2.329410527E1,1.189918280E0,-1.529894829E0,-4.481945515E0
2.329910527E1,1.879448295E0,-2.300827742E0,-5.542876244E0
2.330410527E1,2.894589901E0,-3.284844637E0,-6.802226067E0
2.330910527E1,4.721365929E0,-4.841075897E0,-8.442254066E0
2.331410527E1,6.304232121E0,-6.107907772E0,-9.404723167E0
2.331910527E1,9.126996040E0,-9.150938034E0,-1.095616627E1
2.332410523E1,1.081011963E1,-1.191624069E1,-1.222509289E1
2.332910523E1,1.582627201E1,-1.930744171E1,-1.514392471E1
2.333410523E1,2.212062836E1,-2.772096443E1,-1.717420769E1
2.333910527E1,2.791489601E1,-3.645291901E1,-1.870649719E1
2.334410530E1,3.524384689E1,-4.654477692E1,-1.929068184E1
2.334910530E1,4.149271393E1,-5.639003372E1,-1.634581375E1
2.335410526E1,4.270657349E1,-6.001246262E1,-1.361612415E1
2.335910536E1,3.851911545E1,-6.154714584E1,-8.767866135E0
2.336410533E1,3.396025467E1,-6.069480896E1,-6.402394772E0
2.336910530E1,2.648316193E1,-5.809949493E1,-2.726995707E0
2.337410530E1,2.310464478E1,-5.705801773E1,-1.070208192E0
2.337910480E1,1.769614410E1,-5.405568695E1,-1.077390760E-1
2.338410483E1,1.470578575E1,-5.074181366E1,-3.447650373E-1
2.338910486E1,1.251957989E1,-4.687517548E1,1.340752989E-1
2.339410486E1,1.041507626E1,-4.271614838E1,4.979939461E-1
2.339910486E1,7.996932983E0,-3.824138641E1,7.805097699E-1
2.340410483E1,7.161356449E0,-3.593098068E1,9.121908545E-1
2.340910506E1,5.952284813E0,-3.259316635E1,8.379706144E-1
2.341410506E1,5.394435883E0,-3.087891769E1,5.817909837E-1
2.341910510E1,5.911583424E0,-2.233131790E1,-7.829339027E0
2.342410443E1,4.627991676E0,-2.204401398E1,-4.371812344E0
2.342910353E1,6.127061367E0,-2.628444481E1,4.876988888E0
2.343410259E1,-1.082179189E0,-1.222509289E1,6.809079742E1
2.343910166E1,6.028899193E0,-1.241662884E1,7.778282166E1
2.344410096E1,4.786009312E0,-1.399440861E1,7.276667023E1
2.344910029E1,6.847416759E-1,-1.203834534E1,4.366664886E1
2.345409963E1,-7.254431248E-1,-1.322826385E1,2.919100571E1
2.345909876E1,-1.649604917E0,-1.318037987E1,1.343416500E1
2.346409789E1,-1.426944256E0,-1.402313900E1,7.439084053E0
2.346909702E1,-2.011129409E-1,-1.447085476E1,2.987963676E0
2.347409613E1,2.705447972E-1,-1.410933018E1,2.056619167E0
2.347909609E1,1.651999205E-1,-1.229931355E1,2.422932148E0
2.348409539E1,-1.589749932E0,-9.780612946E0,8.028057098E0
2.348909476E1,-8.049605370E0,-5.811026573E0,2.681356239E1
2.349409476E1,-1.306785202E1,-1.771709204E0,4.297951126E1
2.349909389E1,-7.661744595E0,-1.355118155E0,2.871216393E1
2.350409389E1,-3.900154591E0,-2.552218914E0,1.708562279E1
2.350909389E1,-7.757213712E-1,-3.610456228E0,5.913977623E0
2.351409389E1,-1.843535304E-1,-3.548206806E0,3.026270866E0
2.351909389E1,1.484405100E-1,-2.942473888E0,9.576807022E-1
2.352409362E1,2.873041928E-1,-2.212242365E0,2.346317619E-1
2.352909269E1,4.237737060E-1,-1.460463047E0,-2.035071403E-1
2.353409269E1,4.141969085E-1,-8.020575643E-1,-4.668693244E-1
2.353909269E1,4.477157295E-1,-1.412578970E-1,-3.758896589E-1
2.354409272E1,4.860229492E-1,2.705447972E-1,-1.963245422E-1
2.354909272E1,5.243301988E-1,9.002198577E-1,5.841852427E-1
2.355409272E1,5.650315881E-1,1.343147159E0,1.551442742E0
2.355909246E1,4.836287498E-1,2.130839586E0,5.064035892E0
2.356409246E1,1.939303428E-1,2.837129116E0,1.035522175E1
2.356909246E1,-6.751648784E-1,3.773261786E0,1.617103767E1
2.357409316E1,-1.110909581E0,1.810016513E0,1.807203293E1
2.357909406E1,-2.825157940E-1,-1.355118155E0,1.568262005E1
2.358409496E1,5.746083856E-1,-3.785232782E0,1.174864674E1
2.358909586E1,1.182735682E0,-5.490203857E0,7.065588474E0
2.359409652E1,1.283292055E0,-5.801449776E0,4.781220913E0
2.359909719E1,1.244984865E0,-6.313809395E0,2.099714994E0
2.360409785E1,1.201889277E0,-6.751947880E0,1.175553083E0
2.360909815E1,1.357512355E0,-7.824550629E0,4.860229492E-1
2.361409905E1,1.391031146E0,-8.959402084E0,3.136404157E-1
2.361909995E1,1.347935557E0,-1.154753399E1,8.283938169E-1
2.362410022E1,1.434126854E0,-1.362809563E1,2.753331900E0
2.362910022E1,1.496376038E0,-1.579035854E1,4.776432514E0
2.363410089E1,1.563413739E0,-1.814385986E1,5.959467411E0
2.363910148E1,3.004723072E0,-2.280537033E1,6.002563000E0
2.364410145E1,5.418377876E0,-2.715832710E1,4.989815712E0
2.364910232E1,1.139909363E1,-3.718315125E1,3.361459255E0
2.365410232E1,1.538573837E1,-4.429901505E1,2.734178305E0
2.365910235E1,2.199373627E1,-5.676831818E1,2.257732153E0
2.366410238E1,2.575771904E1,-6.350320816E1,2.195482969E0
2.366910242E1,2.765392685E1,-6.658724213E1,1.513135433E0
2.367410268E1,2.864273262E1,-6.788489532E1,4.357447028E-1
2.367910358E1,2.786701202E1,-6.548590851E1,6.703764796E-1
2.368410355E1,2.318604851E1,-5.877944565E1,1.470039845E0
2.368910355E1,1.538573837E1,-4.580736160E1,2.975992680E0
2.369410355E1,1.206468201E1,-3.870346832E1,2.894589901E0
2.369910358E1,8.521263123E0,-2.955013466E1,1.920149803E0
2.370410358E1,7.079953671E0,-2.535309982E1,2.300827742E0
2.370910358E1,5.619490623E0,-2.000654793E1,2.887407303E0
2.371410355E1,5.155015469E0,-1.680310631E1,3.112462282E0
2.371910351E1,4.829104900E0,-1.418354988E1,3.064578056E0
2.372410348E1,4.388571739E0,-1.198567295E1,2.760514498E0
2.372910348E1,3.734954596E0,-1.015171432E1,2.059013367E0
2.373410348E1,3.256114244E0,-8.607454300E0,1.312022567E0
2.373910351E1,2.791639090E0,-7.175721645E0,5.746083856E-1
2.374410354E1,2.477998734E0,-6.641814709E0,-3.830722719E-2
2.374910358E1,2.070984364E0,-5.832574844E0,-1.072602391E0
2.375410358E1,1.896207690E0,-5.303455830E0,-1.719036818E0
2.375910414E1,1.671152830E0,-4.414907932E0,-2.695871115E0
2.376410411E1,1.520318031E0,-3.718195200E0,-3.392583847E0
2.376910411E1,1.388636947E0,-3.167528868E0,-4.010287762E0
2.377410478E1,1.254561663E0,-2.683900118E0,-4.446032524E0
2.377910598E1,1.122880578E0,-2.042253971E0,-4.745307922E0
2.378410598E1,1.079784989E0,-1.611297727E0,-4.776432514E0
2.378910598E1,8.690952063E-1,-9.959878922E-1,-4.606443882E0
2.379410598E1,7.685387731E-1,-6.943184733E-1,-4.560954094E0
2.379910598E1,6.177040339E-1,-2.896983922E-1,-4.386177540E0
2.380410598E1,5.410895944E-1,2.154781483E-2,-4.367023945E0
2.380910578E1,4.740519226E-1,2.442085743E-1,-4.288015366E0
2.381410578E1,4.979939461E-1,2.274491638E-1,-4.127603531E0
2.381910578E1,6.033388376E-1,1.077390760E-1,-4.137180328E0
2.382410581E1,1.177947283E0,-2.298433632E-1,-4.697423935E0
2.382910581E1,2.111685991E0,-9.983820915E-1,-6.268319130E0
2.383410581E1,3.201047659E0,-1.577778935E0,-8.166921616E0
2.383910578E1,4.122815132E0,-2.750937700E0,-9.974543571E0
2.384410574E1,3.940855980E0,-3.399766445E0,-1.046056652E1
2.384910574E1,3.727771997E0,-4.577713490E0,-1.139191055E1
2.385410577E1,3.591302633E0,-6.009745598E0,-1.329290676E1
2.385910581E1,2.600103140E0,-7.740753174E0,-1.649904251E1
2.386410581E1,2.798821688E0,-8.102277756E0,-1.924279785E1
2.386910581E1,3.002328873E0,-8.403946877E0,-2.050454140E1
2.387410581E1,2.537853718E0,-8.284236908E0,-2.027230453E1
2.387910581E1,5.650315881E-1,-6.692092896E0,-1.758122253E1
2.388410581E1,-2.825157940E-1,-4.925172329E0,-1.462647724E1
2.388910577E1,-8.499416113E-1,-2.422932148E0,-9.838073730E0
2.389410577E1,-9.145850539E-1,-1.252167463E0,-7.482179642E0
2.389910577E1,-7.589619160E-1,2.705447972E-1,-4.625597477E0
2.390410581E1,-3.160346150E-1,3.670311213E0,-6.189310551E0
2.390910581E1,-7.829039693E-1,9.974543571E0,-9.742305756E0
2.391410581E1,-2.547430515E0,1.579514694E1,-9.352050781E0
2.391910577E1,-4.266467571E0,1.840243340E1,-7.039252281E0
2.392410574E1,-5.013757706E0,1.844552803E1,-5.092766285E0
2.392910454E1,-4.577713490E0,1.488535023E1,-3.481169224E0
2.393410454E1,-3.260902643E0,1.062337208E1,-2.145204782E0
2.393910457E1,-9.768342972E-1,3.950432777E0,-1.268926859E0
2.394410460E1,-2.370259613E-1,1.829170108E0,-1.218648672E0
2.394910464E1,-3.351882473E-2,7.876923680E-1,-1.786074519E0
2.395410464E1,-2.394201607E-2,1.060631394E0,-1.288080573E0
2.395910480E1,-1.005564705E-1,8.643068075E-1,-6.009446383E-1
2.396410477E1,-2.466027737E-1,6.655880809E-1,-5.985504389E-1
2.396910474E1,-1.699883193E-1,-7.182605099E-3,-9.313444495E-1
2.397410474E1,6.464344263E-2,-5.339069963E-1,-1.283292055E0
2.397910477E1,2.059013397E-1,-1.154005170E0,-2.032677174E0
2.398410480E1,3.758896589E-1,-1.192312479E0,-2.418143749E0
2.398910480E1,9.840168953E-1,-1.338358760E0,-3.105279684E0
2.399410480E1,1.235408068E0,-1.623268723E0,-3.684676409E0
2.399910477E1,1.709460020E0,-2.308010340E0,-4.728548527E0
2.400410473E1,2.293645144E0,-3.126827478E0,-5.576395035E0
2.400910457E1,3.093308687E0,-4.266467571E0,-6.447884560E0
2.401410457E1,4.134786129E0,-5.439925671E0,-7.384017467E0
2.401910460E1,5.650615215E0,-7.151779652E0,-8.583512306E0
2.402410463E1,6.799831867E0,-8.298602104E0,-9.186851501E0
2.402910467E1,9.263465881E0,-1.028578949E1,-9.478943825E0
2.403410466E1,1.079575443E1,-1.213411331E1,-9.404723167E0
2.403910466E1,1.428889465E1,-1.700900650E1,-1.014453220E1
2.404410463E1,1.899858856E1,-2.406950760E1,-1.110460663E1
2.404910463E1,2.557336617E1,-3.378068924E1,-1.202637482E1
2.405410463E1,3.285413361E1,-4.366425323E1,-1.236635113E1
2.405910466E1,4.029082489E1,-5.310728455E1,-1.160020638E1
2.406410466E1,4.586003494E1,-6.027582169E1,-9.282619476E0
2.406910466E1,4.627183914E1,-6.411402893E1,-5.336975098E0
2.407410466E1,4.232828903E1,-6.345293045E1,-3.536235809E0
2.407910466E1,3.274399948E1,-5.998133850E1,-2.003946781E0
2.408410466E1,2.778560829E1,-5.817850113E1,-1.321599364E0
2.408910463E1,2.112942886E1,-5.424722290E1,4.309562966E-2
2.409410460E1,1.748305893E1,-5.112488556E1,1.254561663E0
2.409910460E1,1.524208641E1,-4.841704178E1,1.747767210E0
2.410410463E1,1.346050167E1,-4.555118561E1,1.814804912E0
2.410910466E1,1.191863537E1,-4.262277603E1,1.534683347E0
2.411410466E1,1.064013195E1,-3.994845200E1,1.312022567E0
2.411910466E1,9.589076996E0,-3.716878510E1,1.213860273E0
2.412410463E1,9.141361237E0,-3.554312134E1,1.158793569E0
2.412910459E1,8.262689590E0,-3.306961060E1,8.906430602E-1
2.413410456E1,7.865252018E0,-3.138169861E1,5.051765442E-1
2.413910456E1,1.012298393E1,-1.985092545E1,2.492453766E1
2.414410459E1,2.154362488E1,-1.134402657E1,7.472782135E1
2.414910463E1,2.030821800E1,-1.648467636E1,7.819941711E1
2.415410466E1,1.657565689E1,-1.642482185E1,7.277625275E1
2.415910479E1,9.340080261E0,-1.549108315E1,4.744499588E1
2.416410479E1,6.201281548E0,-1.707843971E1,3.279906845E1
2.416910476E1,2.547430515E0,-1.931462288E1,1.013016701E1
2.417410476E1,1.604115129E0,-1.824441528E1,5.145438671E0
2.417910476E1,1.007958889E0,-1.476564026E1,3.165134668E0
2.418410479E1,7.038952708E-1,-1.336473274E1,2.317587137E0
2.418910479E1,2.130839527E-1,-1.077660084E1,2.497152328E0
2.419410479E1,-9.481038451E-1,-8.224382401E0,5.404012680E0
2.419910476E1,-4.821922302E0,-5.224447250E0,1.701379585E1
2.420410472E1,-1.567304325E1,-2.801215947E-1,5.205144119E1
2.420910402E1,-1.943672752E1,3.955221176E0,6.797348022E1
2.421410402E1,-9.007286072E0,1.410184860E0,3.865079498E1
2.421910402E1,-1.407790542E0,-2.501940727E0,1.074787045E1
2.422410406E1,-4.309562966E-2,-3.292027235E0,3.924096584E0
2.422910409E1,4.644751251E-1,-3.315969467E0,2.394201607E-2
2.423410412E1,6.847416759E-1,-3.045424461E0,-7.469909191E-1
2.423910412E1,7.829039693E-1,-2.475604534E0,-1.170764685E0
2.424410412E1,8.978256583E-1,-2.003946781E0,-1.149216771E0
2.424910409E1,9.481038451E-1,-1.594538331E0,-1.319205165E0
2.425410409E1,8.786720037E-1,-1.431732655E0,-1.328781962E0
2.425910409E1,7.876923680E-1,-1.199495077E0,-1.221042871E0
2.426410412E1,6.991068721E-1,-9.097966552E-1,-1.170764685E0
2.426910412E1,6.248866320E-1,1.053448766E-1,-1.484405041E0
2.427410412E1,5.554547906E-1,6.703764796E-1,-1.544260144E0
2.427910412E1,3.663128614E-1,1.314416766E0,-1.082179189E0
2.428410412E1,1.125274822E-1,1.242590666E0,-2.585737705E-1
2.428910412E1,-1.029506698E-1,7.445967197E-1,6.775590777E-1
2.429410409E1,-3.495534360E-1,-1.364694983E-1,1.520318031E0
2.429910409E1,-3.806780577E-1,-1.386242747E0,2.394201756E0
2.430410409E1,-2.585737705E-1,-2.894589901E0,3.320757866E0
2.430910412E1,7.182605099E-3,-4.532223701E0,4.551377296E0
2.431410412E1,1.795651317E-1,-5.392041683E0,5.365705490E0
2.431910412E1,4.022258818E-1,-6.979397297E0,6.637026310E0
2.432410409E1,5.291185975E-1,-8.432677269E0,7.434295654E0
2.432910405E1,6.081272364E-1,-1.167203236E1,9.464578629E0
2.433410402E1,1.233013868E0,-1.442057610E1,1.132008457E1
2.433910402E1,2.389413357E0,-1.717420769E1,1.251718616E1
2.434410402E1,3.339911461E0,-2.060270500E1,1.345571327E1
2.434910405E1,5.600337029E0,-2.516395760E1,1.437029743E1
2.435410408E1,9.524434090E0,-3.102017593E1,1.377892971E1
2.435910478E1,1.636975479E1,-3.993408585E1,1.126023006E1
2.436410478E1,2.139518547E1,-4.586482239E1,8.796596527E0
2.436910478E1,2.877441406E1,-5.578908920E1,4.817133904E0
2.437410475E1,3.158041763E1,-6.073311615E1,3.813963413E0
2.437910475E1,3.345507812E1,-6.628556824E1,2.027888775E0
2.438410475E1,3.168815804E1,-6.869892120E1,1.364694983E-1
2.438910478E1,2.794362640E1,-6.854090881E1,-1.613691926E0
2.439410478E1,2.118688965E1,-6.352954483E1,-1.204283476E0
2.439910478E1,9.059958458E0,-5.279364395E1,-4.836287498E-1
2.440410475E1,5.404012680E0,-4.219181824E1,-1.213860273E0
2.440910445E1,3.940855980E0,-3.222445679E1,-2.403778553E0
2.441410442E1,4.268861771E0,-2.760364914E1,-2.707842112E0
2.441910442E1,3.878606796E0,-2.195063972E1,-2.901772499E0
2.442410445E1,3.366247654E0,-1.856284523E1,-2.990357876E0
2.442910448E1,3.086126089E0,-1.578078175E1,-2.856282711E0
2.443410451E1,3.387795448E0,-1.302475643E1,-3.157952070E0
2.443910385E1,4.079719543E0,-1.035282707E1,-2.480392933E0
2.444410295E1,3.344699860E0,-8.796596527E0,-2.743755102E0
2.444910291E1,2.822763920E0,-7.206846237E0,-2.815581083E0
2.445410221E1,2.477998734E0,-6.728005886E0,-3.007117271E0
2.445910155E1,2.099714994E0,-5.935525417E0,-3.399766445E0
2.446410068E1,1.860294700E0,-5.528511047E0,-3.598485231E0
2.446909981E1,1.527500629E0,-5.008969307E0,-4.144362926E0
2.447409894E1,1.558625340E0,-4.659116745E0,-4.501099110E0
2.447909841E1,1.505952835E0,-3.974374771E0,-5.037699699E0
2.448409841E1,1.561019540E0,-3.517082214E0,-5.404012680E0
2.448909841E1,1.592144132E0,-3.026270866E0,-5.612308025E0
2.449409841E1,1.601720929E0,-2.504334927E0,-5.674557209E0
2.449909771E1,1.460463047E0,-1.841141105E0,-5.547664642E0
2.450409771E1,1.398213744E0,-1.441309452E0,-5.365705490E0
2.450909771E1,1.259350061E0,-9.768342972E-1,-4.869806290E0
2.451409734E1,1.065419793E0,-5.267243981E-1,-4.611232281E0
2.451909734E1,8.140285611E-1,2.873042040E-2,-4.084507942E0
2.452409734E1,6.895300746E-1,1.915361285E-1,-4.137180328E0
2.452909731E1,8.762778044E-1,-1.580173075E-1,-5.245995045E0
2.453409728E1,1.221042871E0,-6.751648784E-1,-6.639420509E0
2.453909658E1,1.393425345E0,-1.108515382E0,-7.668927193E0
2.454409654E1,1.596932530E0,-1.498770237E0,-8.763077736E0
2.454909658E1,1.680729628E0,-2.303221941E0,-1.116925049E1
2.455409661E1,1.934514999E0,-2.949656487E0,-1.320671558E1
2.455909691E1,2.217030764E0,-4.170699596E0,-1.689887428E1
2.456409691E1,2.020706177E0,-5.073612690E0,-1.952052498E1
2.456909691E1,1.790862918E0,-6.596324921E0,-2.331294060E1
2.457409687E1,1.386242747E0,-6.917148113E0,-2.488623047E1
2.457909687E1,6.703764796E-1,-6.416759968E0,-2.418203545E1
2.458409687E1,-3.471592367E-1,-5.344157696E0,-2.182135201E1
2.458909757E1,-1.434126854E0,-2.846705914E0,-1.741362762E1
2.459409851E1,-1.776497602E0,-1.060631394E0,-1.403750420E1
2.459909851E1,-2.310404539E0,1.321599364E0,-9.079112053E0
2.460409917E1,-2.535459518E0,2.420537949E0,-6.926724911E0
2.460909991E1,-2.401384354E0,4.402936935E0,-5.099948883E0
2.461410011E1,-2.212242365E0,6.996156693E0,-6.253953934E0
2.461910097E1,-2.592920542E0,1.318277359E1,-9.529222488E0
2.462410184E1,-3.651157618E0,1.571613884E1,-9.016862869E0
2.462910240E1,-4.003105164E0,1.507928085E1,-5.624279022E0
2.463410244E1,-3.768473387E0,1.273745251E1,-2.868253708E0
2.463910247E1,-3.155557871E0,9.565135002E0,-8.212111592E-1
2.464410247E1,-2.863465309E0,7.944260597E0,1.101332754E-1
2.464910314E1,-2.106897593E0,5.293879032E0,1.788468719E0
2.465410310E1,-8.355764151E-1,2.885013103E0,2.882618904E0
2.465910310E1,7.996633649E-1,1.819593310E-1,1.819593310E0
2.466410350E1,1.292868972E0,-4.285621047E-1,9.696516991E-1
2.466910354E1,1.359906554E0,-4.908113480E-1,6.919242740E-1
2.467410354E1,1.007958889E0,-3.016694188E-1,7.900865376E-2
2.467910354E1,7.469909191E-1,-2.178723514E-1,-2.035071403E-1
2.468410354E1,7.326257229E-1,-4.141969085E-1,-2.849099934E-1
2.468910420E1,9.169792533E-1,-5.075707436E-1,-4.261679053E-1
2.469410423E1,9.265560508E-1,-4.572925270E-1,-4.189853072E-1
2.469910420E1,7.422025204E-1,-4.405331016E-1,-5.147533417E-1
2.470410420E1,5.770025849E-1,-5.051765442E-1,-6.943184733E-1
2.470910420E1,2.537853718E-1,-4.453215301E-1,-1.438915253E0
2.471410423E1,4.070143029E-2,-5.746083856E-1,-1.833958507E0
2.471910427E1,-1.556231081E-1,-6.416460276E-1,-2.250549555E0
2.472410427E1,-1.149216816E-1,-8.643068075E-1,-2.458845139E0
2.472910423E1,1.125274822E-1,-1.314416766E0,-2.521094322E0
2.473410420E1,4.501099288E-1,-1.922544003E0,-2.736572504E0
2.473910416E1,1.235408068E0,-2.896984100E0,-3.529053211E0
2.474410413E1,1.989581585E0,-3.715801001E0,-4.481945515E0
2.474910413E1,3.883395195E0,-5.411195278E0,-6.694487095E0
2.475410416E1,5.229235649E0,-6.771101475E0,-7.968202591E0
2.475910410E1,7.644985199E0,-1.012298393E1,-9.488520622E0
2.476410480E1,9.591471672E0,-1.533546066E1,-1.201440334E1
2.476910480E1,1.427452946E1,-2.355475426E1,-1.454507446E1
2.477410480E1,1.924998093E1,-3.318932343E1,-1.736095428E1
2.477910476E1,2.650710487E1,-4.390367508E1,-2.039201355E1
2.478410476E1,3.543777466E1,-5.467339325E1,-2.060988617E1
2.478910476E1,4.431816864E1,-6.413796997E1,-1.478479385E1
2.479410480E1,4.685841751E1,-6.715466309E1,-1.047972012E1
2.479910480E1,4.306809616E1,-6.708523560E1,-4.405331135E0
2.480410480E1,3.623743820E1,-6.616107178E1,-3.806780577E-1
2.480910463E1,2.911917877E1,-6.268439102E1,1.845929503E0
2.481410459E1,2.286283112E1,-5.881536102E1,3.323152065E0
2.481910456E1,1.804330254E1,-5.481943893E1,3.809175014E0
2.482410456E1,1.427692413E1,-5.057182312E1,3.466804028E0
2.482910459E1,9.998485565E0,-4.512501526E1,2.698265314E0
2.483410463E1,7.963414192E0,-4.217984772E1,2.566584110E0
2.483910466E1,5.875670433E0,-3.749918365E1,2.652775526E0
2.484410469E1,5.281908035E0,-3.481049728E1,2.406172752E0
2.484910469E1,4.915595531E0,-3.015347481E1,1.596932530E0
2.485410466E1,5.284302235E0,-2.496763229E1,-1.735796213E0
2.485910462E1,4.951508522E0,-2.318125916E1,3.280056417E-1
2.486410462E1,3.191470861E0,-1.961868668E1,2.764435005E1
2.486910462E1,-1.238311005E1,-5.346551895E0,7.480922699E1
2.487410466E1,-2.257732153E0,-1.026424217E1,7.820420074E1
2.487910466E1,-2.566584110E0,-1.079096603E1,5.749855042E1
2.488410466E1,-3.007117271E0,-1.084363842E1,3.913203049E1
2.488910466E1,-3.069366693E0,-1.439663410E1,1.555812073E1
2.489410466E1,-2.944868088E0,-1.453070927E1,8.317755699E0
2.489910466E1,-1.891419291E0,-1.378132439E1,2.092532396E0
2.490410462E1,-1.484405041E0,-1.277815342E1,7.900865674E-1
2.490910462E1,-1.455674648E0,-1.174385834E1,1.400607944E0
2.491410462E1,-2.952050686E0,-1.002961063E1,6.763918877E0
2.491910466E1,-1.176061821E1,-6.538864136E0,3.197306824E1
2.492410466E1,-1.835694313E1,-1.826775908E0,5.531982422E1
2.492910466E1,-8.846874237E0,-1.209071875E0,3.228910065E1
2.493410462E1,-3.699041605E0,-3.493140221E0,1.635060120E1
2.493910462E1,-8.259995580E-1,-5.265148640E0,4.333505154E0
2.494410462E1,-4.477157295E-1,-5.226841450E0,2.564189911E0
2.494910466E1,-1.939303428E-1,-4.522646904E0,1.874659896E0
2.495410466E1,9.576806799E-3,-3.780444384E0,1.874659896E0
2.495910479E1,1.771709323E-1,-2.961627483E0,2.240972757E0
2.496410479E1,4.357447028E-1,-2.039859772E0,2.880224705E0
2.496910479E1,7.852981687E-1,-1.297657371E0,3.718195200E0
2.497410479E1,9.600749016E-1,-7.110779285E-1,4.290409565E0
2.497910475E1,1.517923832E0,1.915361360E-2,5.952284813E0
2.498410472E1,1.927332401E0,4.884171486E-1,7.484573841E0
2.498910472E1,2.736572504E0,1.223437071E0,1.077420712E1
2.499410472E1,3.057395458E0,1.508347034E0,1.222030449E1
2.499910475E1,3.021482468E0,1.077390790E0,1.160738945E1
2.500410475E1,2.674323320E0,5.746084079E-2,8.327332497E0
2.500910465E1,2.039859772E0,-1.484405041E0,4.369418144E0
2.501410462E1,1.805228114E0,-2.942473888E0,1.482010841E0
2.501910458E1,1.714248419E0,-3.603273630E0,-4.405331016E-1
2.502410455E1,1.788468719E0,-4.113238335E0,-1.041477680E0
2.502910455E1,1.920149803E0,-4.934749126E0,-1.350329757E0
2.503410458E1,2.018311977E0,-5.755959988E0,-1.149216771E0
2.503910462E1,2.906560898E0,-8.569147110E0,2.442085743E-1
2.504410465E1,4.173093796E0,-1.200003815E1,2.092532396E0
2.504910465E1,5.119102478E0,-1.503379059E1,3.995922565E0
2.505410465E1,5.609913826E0,-1.773205566E1,6.153397560E0
2.505910462E1,6.079177380E0,-2.073438454E1,9.138967514E0
2.506410462E1,6.886023521E0,-2.478088570E1,1.360894203E1
2.506910462E1,8.892364502E0,-3.136254501E1,1.849101830E1
2.507410465E1,1.133684444E1,-3.599323273E1,1.840003777E1
2.507910465E1,1.760516357E1,-4.562540436E1,1.236874485E1
2.508410465E1,2.186205482E1,-5.160612106E1,8.028057098E0
2.508910462E1,2.702185822E1,-5.922716141E1,4.067748547E0
2.509410458E1,2.863076210E1,-6.240666199E1,1.331176162E0
2.509910455E1,2.847035027E1,-6.488974762E1,-1.999158382E0
2.510410415E1,2.507537270E1,-6.567025757E1,-4.937143326E0
2.510910415E1,2.093549728E1,-6.323505783E1,-5.818209171E0
2.511410418E1,1.665227127E1,-5.373695755E1,-2.942473888E0
2.511910421E1,1.127459526E1,-4.153341293E1,-1.881842494E0
2.512410425E1,9.538799286E0,-3.582802963E1,-1.793257117E0
2.512910425E1,7.537246227E0,-2.838894653E1,-2.102109194E0
2.513410425E1,6.751947880E0,-2.467314720E1,-2.499546528E0
2.513910421E1,5.621884823E0,-1.939123726E1,-2.762908697E0
2.514410421E1,4.709394932E0,-1.628835297E1,-2.882618904E0
2.514910421E1,4.067748547E0,-1.376217079E1,-2.631227732E0
2.515410425E1,3.435679436E0,-1.189229870E1,-2.561795712E0
2.515910435E1,3.026270866E0,-9.866804123E0,-2.559401512E0
2.516410435E1,2.724601507E0,-8.906729698E0,-2.592920542E0
2.516910434E1,2.341529369E0,-7.644985199E0,-2.944868088E0
2.517410434E1,2.252943754E0,-7.044040680E0,-3.095702887E0
2.517910435E1,1.982398987E0,-6.364087582E0,-3.414131641E0
2.518410431E1,1.711854219E0,-5.856516838E0,-3.670311213E0
2.518910431E1,1.563413739E0,-5.219658852E0,-4.204218388E0
2.519410431E1,1.403002143E0,-4.690241337E0,-4.606443882E0
2.519910434E1,1.307234168E0,-4.211400986E0,-4.929960728E0
2.520410434E1,1.357512355E0,-3.730166197E0,-5.243600845E0
2.520910548E1,1.393425345E0,-3.325546265E0,-5.348946095E0
2.521410544E1,1.347935557E0,-2.777273893E0,-5.272331238E0
2.521910541E1,1.252167463E0,-2.044648170E0,-5.032911301E0
2.522410538E1,1.082179189E0,-1.692700624E0,-4.888959885E0
2.522910538E1,8.714894056E-1,-1.137245774E0,-4.687847137E0
2.523410538E1,7.374141216E-1,-7.829039693E-1,-4.568136692E0
2.523910541E1,4.955997467E-1,-1.915361285E-1,-4.309563160E0
2.524410524E1,5.027823448E-1,1.699883193E-1,-4.024652958E0
2.524910527E1,4.932055473E-1,3.136404157E-1,-3.909731388E0
2.525410567E1,5.075707436E-1,-7.422025502E-2,-4.185064793E0
2.525910567E1,4.668693244E-1,-1.340752959E0,-5.997774601E0
2.526410564E1,7.661445141E-1,-2.018311977E0,-7.513304234E0
2.526910564E1,1.273715258E0,-2.971204281E0,-1.056830597E1
2.527410564E1,1.754949808E0,-3.749319792E0,-1.257464695E1
2.527910567E1,2.535459518E0,-5.499780655E0,-1.596034718E1
2.528410567E1,2.825158119E0,-7.070376873E0,-1.891718674E1
2.528910567E1,2.468421936E0,-7.996932983E0,-2.178783417E1
2.529410564E1,2.195482969E0,-8.571541786E0,-2.377502060E1
2.529910554E1,1.642422318E0,-8.511686325E0,-2.483595276E1
2.530410551E1,6.536170840E-1,-7.453449249E0,-2.358588028E1
2.530910550E1,-1.039083481E0,-4.920383930E0,-1.855087280E1
2.531410554E1,-1.493981838E0,-2.904166698E0,-1.458577633E1
2.531910557E1,-1.843535304E0,-2.226607651E-1,-8.971372604E0
2.532410560E1,-1.807622313E0,9.313444495E-1,-6.672939301E0
2.532910560E1,-1.307234168E0,3.263296843E0,-4.888959885E0
2.533410560E1,-9.864110947E-1,9.299378395E0,-8.777442932E0
2.533910557E1,-2.667140722E0,1.640806198E1,-1.149965000E1
2.534410554E1,-4.651933670E0,1.905365562E1,-8.906729698E0
2.534910554E1,-5.449502468E0,1.838327980E1,-5.205293655E0
2.535410557E1,-5.243600845E0,1.613033485E1,-2.779668093E0
2.535910447E1,-4.539406300E0,1.230170727E1,-1.134851575E0
2.536410447E1,-3.861847401E0,9.723152161E0,-3.974374831E-1
2.536910447E1,-2.729389906E0,5.849334240E0,1.048660398E0
2.537410447E1,-1.877054095E0,4.106055737E0,1.285686255E0
2.537910447E1,-5.051765442E-1,1.896207690E0,1.022324085E0
2.538410447E1,-2.250549644E-1,1.142034173E0,5.889736414E-1
2.538910444E1,-2.777273953E-1,1.036689281E0,1.053448766E-1
2.539410464E1,-1.077390760E-1,7.134721279E-1,3.351882473E-2
2.539910464E1,4.309562966E-2,1.292868853E-1,-5.099649429E-1
2.540410467E1,7.182604820E-2,-7.038952708E-1,-6.967126727E-1
2.540910440E1,3.351882398E-1,-1.302445769E0,-1.089361787E0
2.541410440E1,6.655880809E-1,-1.541865945E0,-1.273715258E0
2.541910437E1,9.552865028E-1,-1.620874524E0,-1.687912226E0
2.542410367E1,1.043871999E0,-1.613691926E0,-2.027888775E0
2.542910297E1,1.106121182E0,-1.783680320E0,-2.738966703E0
2.543410230E1,1.575384736E0,-1.984793186E0,-3.390189648E0
2.543910167E1,2.195482969E0,-2.458845139E0,-4.256890774E0
2.544410080E1,3.090914488E0,-3.430891037E0,-5.341763496E0
2.544910000E1,4.163516521E0,-4.639962673E0,-6.558017731E0
2.545409930E1,5.585971832E0,-5.791872978E0,-7.812579632E0
2.545909863E1,7.554005623E0,-7.324162483E0,-9.146149635E0
2.546409770E1,8.688857079E0,-8.494926453E0,-9.325715065E0
2.546909676E1,1.090828228E1,-1.180850220E1,-1.016368580E1
2.547409586E1,1.301039124E1,-1.524926949E1,-1.115727901E1
2.547909500E1,1.880465889E1,-2.575293159E1,-1.328332996E1
2.548409503E1,2.511607361E1,-3.611533737E1,-1.432241344E1
2.548909436E1,3.225079346E1,-4.646576691E1,-1.565149498E1
2.549409503E1,3.998675919E1,-5.619371033E1,-1.363527775E1
2.549909433E1,4.409072113E1,-6.499988556E1,-1.294335365E1
2.550409430E1,4.384142303E1,-6.656090546E1,-1.030973148E1
2.550909426E1,3.711611176E1,-6.506931305E1,-5.854122639E0
2.551409426E1,3.222445679E1,-6.453540802E1,-4.642356873E0
2.551909429E1,2.532436943E1,-6.210978317E1,-2.992752075E0
2.552409433E1,2.039201355E1,-5.861185455E1,-1.640028119E0
2.552909349E1,1.659002304E1,-5.435017395E1,-4.261679053E-1
2.553409349E1,1.395131302E1,-4.972427750E1,2.944868207E-1
2.553909349E1,1.188272190E1,-4.516093063E1,8.547300100E-1
2.554409346E1,1.029536629E1,-4.102584457E1,1.304839969E0
2.554909346E1,8.830115318E0,-3.674979782E1,1.441309452E0
2.555409346E1,8.224382401E0,-3.459741211E1,1.422155857E0
2.555909376E1,7.874828815E0,-2.993799591E1,-1.168370485E0
2.556409376E1,8.523657799E0,-2.473539543E1,-6.945878506E0
2.556909376E1,8.664915085E0,-2.737859344E1,-3.078943491E0
2.557409443E1,7.489362240E0,-2.337997818E1,2.957647133E1
2.557909509E1,7.486968040E0,-7.498939037E0,7.519469452E1
2.558409576E1,1.022114658E1,-1.165287876E1,7.822814941E1
2.558909639E1,6.416759968E0,-1.052760410E1,6.641964722E1
2.559409726E1,3.023876667E0,-1.250521469E1,4.323090363E1
2.559909816E1,8.236053586E-1,-1.240944672E1,2.198415947E1
2.560409889E1,-2.729389966E-1,-1.199524975E1,1.420270348E1
2.560909969E1,-4.812345505E-1,-1.253394508E1,7.084742069E0
2.561410059E1,-1.771709323E-1,-1.246690750E1,4.805162907E0
2.561910149E1,-8.379705995E-2,-1.139669895E1,4.027047157E0
2.562410236E1,-1.841141105E0,-8.875604630E0,1.062097836E1
2.562910326E1,-7.585130215E0,-4.750096321E0,3.086694527E1
2.563410326E1,-1.230889034E1,1.891419291E-1,5.319826508E1
2.563910396E1,-5.614702225E0,7.254431248E-1,3.752073288E1
2.564410329E1,-1.819593310E0,-2.762908697E0,2.155799103E1
2.564910395E1,6.320692301E-1,-5.008969307E0,6.603507519E0
2.565410395E1,1.034295082E0,-5.109525681E0,3.423708439E0
2.565910395E1,1.278503656E0,-4.754884720E0,8.762778044E-1
2.566410395E1,1.357512355E0,-4.335899353E0,-2.657563984E-1
2.566910392E1,1.290474772E0,-3.859453201E0,-7.972691655E-1
2.567410392E1,1.321599364E0,-3.284844637E0,-1.094150186E0
2.567910479E1,1.247379065E0,-2.619256735E0,-1.204283476E0
2.568410482E1,1.290474772E0,-2.260126352E0,-1.235408068E0
2.568910482E1,1.230619669E0,-1.790862918E0,-1.256955862E0
2.569410482E1,1.122880578E0,-1.491587639E0,-1.290474772E0
2.569910479E1,9.169792533E-1,-7.326257229E-1,-1.551442742E0
2.570410475E1,7.182605267E-1,-2.753331959E-1,-1.774103403E0
2.570910472E1,4.357447028E-1,3.423708379E-1,-1.764526606E0
2.571410472E1,2.585737705E-1,4.668693244E-1,-1.558625340E0
2.571910472E1,9.097966552E-2,1.915361360E-2,-1.175553083E0
2.572410475E1,8.379705995E-2,-7.900865674E-1,-8.307880163E-1
2.572910478E1,2.394201756E-1,-1.716642618E0,-5.267243981E-1
2.573410482E1,5.746083856E-1,-2.765302896E0,-8.379705995E-2
2.573910482E1,9.672574997E-1,-4.259284973E0,1.285686255E0
2.574410482E1,1.137245774E0,-5.444714069E0,2.913743496E0
2.574910478E1,1.362300754E0,-8.183680534E0,7.003339291E0
2.575410478E1,1.386242747E0,-1.005355263E1,9.763854027E0
2.575910468E1,1.386242747E0,-1.286913300E1,1.302954483E1
2.576410472E1,1.592144132E0,-1.476803493E1,1.415003109E1
2.576910472E1,2.231395960E0,-1.709041023E1,1.401356220E1
2.577410472E1,3.438073635E0,-2.038722610E1,1.323544598E1
2.577910468E1,5.925948620E0,-2.507776642E1,1.314446640E1
2.578410465E1,1.014692593E1,-3.059640121E1,1.246451378E1
2.578910461E1,1.739926147E1,-3.880881119E1,7.762300968E0
2.579410461E1,2.189317894E1,-4.412902832E1,4.283226967E0
2.579910465E1,2.848950386E1,-5.190778732E1,2.489969730E-1
2.580410468E1,3.252612686E1,-5.572205353E1,-9.768342972E-1
2.580910458E1,3.558382416E1,-6.075466537E1,-6.248866320E-1
2.581410458E1,3.560536957E1,-6.260059357E1,-1.520318031E0
2.581910458E1,3.020375252E1,-6.221991348E1,-2.971204281E0
2.582410454E1,2.106239128E1,-5.804921722E1,-3.107673883E0
2.582910451E1,9.902717590E0,-5.041859436E1,-1.716642618E0
2.583410448E1,5.880458832E0,-4.281431198E1,-1.788468719E0
2.583910448E1,2.188300371E0,-3.498048401E1,-2.252943754E0
2.584410448E1,1.192312479E0,-3.086694527E1,-2.813186884E0
2.584910451E1,8.212111592E-1,-2.485031700E1,-3.651157618E0
2.585410454E1,8.188169599E-1,-2.183092880E1,-4.122815132E0
2.585910458E1,5.961562395E-1,-1.745911789E1,-4.570530891E0
2.586410458E1,4.548983276E-1,-1.437987423E1,-4.551377296E0
2.586910458E1,5.793967843E-1,-1.183004951E1,-4.513070107E0
2.587410454E1,8.451532125E-1,-9.708786964E0,-4.319139957E0
2.587910454E1,9.552865028E-1,-7.683292389E0,-3.823540211E0
2.588410454E1,1.070208192E0,-6.780678272E0,-3.732560396E0
2.588910458E1,1.312022567E0,-5.506963253E0,-3.679888010E0
2.589410458E1,1.441309452E0,-4.898836136E0,-3.797203779E0
2.589910458E1,1.513135433E0,-3.895366192E0,-3.931279182E0
2.590410454E1,1.558625340E0,-3.217807055E0,-4.115632534E0
2.590910451E1,1.594538331E0,-2.683900118E0,-4.350264549E0
2.591410447E1,1.568202138E0,-2.217030764E0,-4.560954094E0
2.591910447E1,1.453280449E0,-1.795651317E0,-4.692635536E0
2.592410451E1,1.271321058E0,-1.295263171E0,-4.726154327E0
2.592910454E1,1.077390790E0,-5.961562395E-1,-4.520252705E0
2.593410457E1,9.433154464E-1,-1.532289088E-1,-4.340687752E0
2.593910457E1,9.457096457E-1,3.280056417E-1,-3.790021181E0
2.594410457E1,9.744400978E-1,3.447650373E-1,-3.624821424E0
2.594910454E1,1.022324085E0,2.130839527E-1,-3.596091032E0
2.595410454E1,1.027112484E0,7.422025502E-2,-3.371036053E0
2.595910467E1,9.313444495E-1,-2.561795712E-1,-3.433285236E0
2.596410470E1,9.385270476E-1,-8.930372596E-1,-4.122815132E0
2.596910474E1,1.036689281E0,-1.711854219E0,-5.973832607E0
2.597410474E1,1.391031146E0,-2.001552582E0,-6.749553680E0
2.597910474E1,1.592144132E0,-2.736572504E0,-9.416694641E0
2.598410474E1,1.549048543E0,-3.409343243E0,-1.142542934E1
2.598910474E1,1.742978811E0,-4.707000732E0,-1.468872643E1
2.599410474E1,1.630451322E0,-5.459079266E0,-1.694915199E1
2.599910470E1,1.082179189E0,-6.246771336E0,-2.074875069E1
2.600410470E1,6.943184882E-2,-6.548440933E0,-2.305197334E1
2.600910404E1,-8.188169599E-1,-6.356904984E0,-2.421315956E1
2.601410407E1,-2.506729126E0,-5.336975098E0,-2.273593712E1
2.601910407E1,-3.986345768E0,-3.241749048E0,-1.722687912E1
2.602410407E1,-3.746925592E0,-1.651999116E0,-1.324023438E1
2.602910404E1,-2.899378300E0,3.663128614E-1,-7.905953407E0
2.603410400E1,-2.360682964E0,1.130063176E0,-5.796661377E0
2.603910397E1,-1.491587639E0,1.862688899E0,-3.830722809E0
2.604410310E1,-3.588908434E0,1.471775627E1,-9.912294388E0
2.604910227E1,-3.588908434E0,1.471775627E1,-9.912294388E0
2.605410143E1,-3.950432777E0,1.471775627E1,-9.912294388E0
2.605910146E1,-4.182670593E0,1.501463699E1,-6.409577370E0
2.606410146E1,-3.620033026E0,1.325459957E1,-4.295197964E0
2.606910147E1,-2.296039343E0,9.596260071E0,-2.027888775E0
2.607410143E1,-1.546654344E0,7.477391243E0,-1.005564690E0
2.607910143E1,-3.136404157E-1,4.453215122E0,4.453215301E-1
2.608406810E1,4.955997467E-1,3.184288263E0,7.565677166E-1
2.608903480E1,1.079784989E0,2.425326347E0,7.230489254E-1
2.609400150E1,4.309563041E-1,2.521094322E0,1.675941199E-1
2.609896816E1,6.943184882E-2,2.624045134E0,-6.368576288E-1
2.610393480E1,5.339069963E-1,2.394201756E0,-3.806780577E-1
2.610890143E1,7.254431248E-1,2.157175779E0,-4.070143029E-2
2.611386806E1,4.357447028E-1,1.726219416E0,-4.309562966E-2
2.611883436E1,-2.777273953E-1,7.637503147E-1,-2.825157940E-1
2.612380103E1,-1.005564705E-1,-3.591302410E-2,-6.631938815E-1
2.612876773E1,-4.309562966E-2,-3.351882473E-2,-6.584054828E-1
2.613373443E1,3.112462163E-2,-6.464344263E-2,-7.613561153E-1
2.613870113E1,0.000000000E0,-2.106897533E-1,-9.911994934E-1
2.614366779E1,7.182604820E-2,-4.932055473E-1,-1.244984865E0
2.614863446E1,2.920926213E-1,-6.967126727E-1,-1.721431017E0
2.615360109E1,6.440402865E-1,-1.000776291E0,-2.384624958E0
2.615856843E1,1.094150186E0,-1.558625340E0,-3.457227230E0
2.616353509E1,1.872265697E0,-2.336740971E0,-4.704606533E0
2.616850179E1,2.267308950E0,-3.026270866E0,-5.073612690E0
2.617346846E1,3.287238836E0,-3.876212597E0,-6.021716595E0
2.617843512E1,5.490203857E0,-5.703287601E0,-7.544428825E0
2.618340179E1,6.696881294E0,-7.740753174E0,-8.394370079E0
2.618836846E1,8.365639687E0,-1.119798088E1,-9.823708534E0
2.619333599E1,1.119079781E1,-1.800020599E1,-1.222030449E1
2.619830349E1,1.565388966E1,-2.813994980E1,-1.558924580E1
2.620327099E1,2.153644371E1,-3.930201721E1,-1.998978806E1
2.620823766E1,3.219094086E1,-5.413469696E1,-2.160826874E1
2.621320436E1,3.785113144E1,-6.176980591E1,-1.968093681E1
2.621817106E1,4.245996857E1,-6.953450012E1,-1.623328590E1
2.622313772E1,4.131554031E1,-7.030303955E1,-1.244296551E1
2.622810435E1,3.574662781E1,-7.070765686E1,-6.677727699E0
2.623310432E1,3.097229195E1,-6.979307556E1,-4.422090530E0
2.623810432E1,2.451512909E1,-6.522733307E1,-2.798821688E0
2.624310432E1,1.970487785E1,-6.061819458E1,-1.223437071E0
2.624810435E1,1.518941402E1,-5.571007919E1,-1.556231081E-1
2.625310435E1,1.256985855E1,-5.016241455E1,1.031900883E0
2.625810435E1,9.340080261E0,-4.373608017E1,1.261744261E0
2.626310435E1,7.831733227E0,-4.032673645E1,1.381454349E0
2.626810469E1,5.978621006E0,-3.519596100E1,9.935936928E-1
2.627310469E1,5.044882298E0,-3.243515015E1,7.948749661E-1
2.627810465E1,4.096478939E0,-2.360263824E1,-4.264073372E0
2.628310465E1,2.317587137E0,-1.649904251E1,-5.930737019E0
2.628810465E1,4.771644115E0,-2.154362488E1,1.972822189E0
2.629310469E1,3.071760893E0,-9.387964249E0,5.047605515E1
2.629810469E1,5.320215225E0,4.048594952E0,7.755537415E1
2.630310468E1,5.624279022E0,-1.460463047E0,7.824969482E1
2.630810465E1,4.666299343E0,-5.190928459E0,4.946091461E1
2.631310472E1,3.531447411E0,-8.267477989E0,3.022769356E1
2.631810468E1,1.323993564E0,-1.001524544E1,9.761459351E0
2.632310468E1,4.764461517E-1,-1.017565632E1,2.360682964E0
2.632810468E1,1.029506698E-1,-9.907505989E0,5.243301988E-1
2.633310472E1,-3.375824392E-1,-9.330503464E0,1.733402014E0
2.633810475E1,-1.651999116E0,-7.860463619E0,6.780678272E0
2.634310478E1,-6.526893139E0,-4.786009312E0,2.383727074E1
2.634810478E1,-9.689633369E0,7.469909191E-1,4.703798294E1
2.635310478E1,-5.368099689E0,1.290474772E0,4.116470718E1
2.635810475E1,-5.817909837E-1,-2.564189911E0,1.868255424E1
2.636310475E1,2.849099934E-1,-4.304774761E0,9.476549149E0
2.636810475E1,8.427590132E-1,-5.025728703E0,3.543418407E0
2.637310478E1,9.600749016E-1,-4.714183331E0,2.341529369E0
2.637810478E1,1.029506683E0,-4.161122322E0,1.989581585E0
2.638310478E1,1.084573388E0,-3.524264812E0,1.781286120E0
2.638810475E1,1.127668977E0,-2.861071110E0,1.702277422E0
2.639310471E1,1.216254473E0,-2.231395960E0,1.800439715E0
2.639810468E1,1.477222443E0,-1.479616642E0,2.523488522E0
2.640310468E1,1.695094824E0,-1.000776291E0,3.471592426E0
2.640810471E1,2.214636564E0,-2.202665508E-1,6.028899193E0
2.641310475E1,2.494758129E0,6.464344263E-2,7.961019993E0
2.641810478E1,2.509123325E0,1.316810995E-1,1.021635818E1
2.642310411E1,1.838746905E0,-6.679822803E-1,1.001045704E1
2.642810321E1,1.221042871E0,-2.494758129E0,7.884405613E0
2.643310251E1,1.161187768E0,-4.553771496E0,5.277119637E0
2.643810181E1,1.312022567E0,-6.356904984E0,3.490746021E0
2.644310141E1,1.558625340E0,-7.656956196E0,2.422932148E0
2.644810078E1,1.783680320E0,-9.004891396E0,1.922544003E0
2.645310081E1,1.838746905E0,-1.009904194E1,2.063801765E0
2.645810014E1,2.284068346E0,-1.250042629E1,3.378218651E0
2.646309914E1,2.779668093E0,-1.423622227E1,4.726154327E0
2.646809824E1,3.462015629E0,-1.751418304E1,7.103895664E0
2.647309734E1,3.928884983E0,-1.990359688E1,8.607454300E0
2.647809644E1,4.458003521E0,-2.211583900E1,9.821314812E0
2.648309574E1,5.439925671E0,-2.464920425E1,1.118840408E1
2.648809508E1,7.020098686E0,-2.787898254E1,1.212693119E1
2.649309508E1,1.008707142E1,-3.190842438E1,1.114770222E1
2.649809511E1,1.623567963E1,-3.808097458E1,7.558794022E0
2.650309511E1,2.039201355E1,-4.194042969E1,5.918766022E0
2.650809511E1,2.584630585E1,-4.876898956E1,2.956839085E0
2.651309441E1,2.836500549E1,-5.249915695E1,1.474828243E0
2.651809438E1,3.141761208E1,-5.572684097E1,-2.250549644E-1
2.652309434E1,3.258837891E1,-5.692633438E1,-1.936909199E0
2.652809394E1,3.096750259E1,-5.621286392E1,-2.985569477E0
2.653309331E1,2.562364388E1,-5.328206253E1,-3.445256233E0
2.653809334E1,1.690126801E1,-4.647774124E1,-2.734178305E0
2.654309337E1,1.202398014E1,-4.217745590E1,-2.521094322E0
2.654809337E1,6.124667168E0,-3.555987930E1,-2.410961151E0
2.655309337E1,3.907337189E0,-3.183181000E1,-2.485181332E0
2.655809334E1,1.881842494E0,-2.623177147E1,-2.777273893E0
2.656309331E1,1.206677675E0,-2.221400261E1,-3.416525841E0
2.656809330E1,5.363011956E-1,-1.862269974E1,-3.727771997E0
2.657309400E1,-1.867477298E-1,-1.567783165E1,-3.866635799E0
2.657809494E1,-9.648633003E-1,-1.306785202E1,-3.770867586E0
2.658309560E1,-1.304839969E0,-1.084124470E1,-3.533841610E0
2.658809627E1,-1.187524080E0,-8.751106262E0,-3.112462282E0
2.659309664E1,-9.792284966E-1,-7.812579632E0,-2.904166698E0
2.659809727E1,-4.955997467E-1,-6.625055313E0,-2.801215887E0
2.660309724E1,-2.920926213E-1,-5.942708015E0,-2.904166698E0
2.660809790E1,1.987187415E-1,-5.066430092E0,-3.476380825E0
2.661309883E1,5.722141862E-1,-4.587290287E0,-4.029441357E0
2.661809947E1,1.017535686E0,-4.036623955E0,-4.491522312E0
2.662310040E1,1.235408068E0,-3.450044632E0,-4.750096321E0
2.662810130E1,1.285686255E0,-2.885013103E0,-4.860229492E0
2.663310197E1,1.335964561E0,-2.403778553E0,-4.906018734E0
2.663810260E1,1.273715258E0,-1.848323703E0,-4.845864296E0
2.664310260E1,1.209071875E0,-1.455674648E0,-4.726154327E0
2.664810260E1,1.096544385E0,-8.092401624E-1,-4.448426723E0
2.665310263E1,1.060631394E0,-4.453215301E-1,-4.201824188E0
2.665810187E1,8.978256583E-1,-5.506663769E-2,-3.677493811E0
2.666310253E1,8.212111592E-1,2.394201607E-2,-3.232172251E0
2.666810253E1,8.499416113E-1,-2.154781483E-2,-2.937685490E0
2.667310253E1,9.002198577E-1,-3.208230138E-1,-3.050212860E0
2.667810293E1,1.146822572E0,-9.457096457E-1,-4.072536945E0
2.668310356E1,1.493981838E0,-1.601720929E0,-5.353734493E0
2.668810353E1,2.499546528E0,-2.779668093E0,-8.796596527E0
2.669310353E1,2.837129116E0,-3.500322819E0,-1.121234608E1
2.669810356E1,3.332728863E0,-4.249708176E0,-1.456422806E1
2.670310320E1,3.773261786E0,-5.131073475E0,-1.686296082E1
2.670810320E1,4.242525578E0,-6.136638165E0,-1.857002640E1
2.671310320E1,4.103661537E0,-6.905177116E0,-2.053566742E1
2.671810316E1,3.816357613E0,-6.921936512E0,-2.262819862E1
2.672310313E1,2.820369720E0,-6.469432354E0,-2.428019714E1
2.672810309E1,9.696516991E-1,-4.774038315E0,-2.214217567E1
2.673310309E1,-5.746084079E-2,-3.354276657E0,-1.870889091E1
2.673810313E1,-9.983820915E-1,-8.499416113E-1,-1.253873348E1
2.674310316E1,-1.417367458E0,3.926490843E-1,-9.354445457E0
2.674810319E1,-1.491587639E0,1.735796213E0,-5.626673222E0
2.675310319E1,-1.338358760E0,2.485181332E0,-4.213795185E0
2.675810319E1,-9.935936928E-1,4.613626480E0,-4.146757126E0
2.676310316E1,-7.278373241E-1,8.751106262E0,-7.214028835E0
2.676810346E1,-2.015917778E0,1.307982349E1,-8.451830864E0
2.677310346E1,-3.694253206E0,1.515110683E1,-5.569212437E0
2.677810349E1,-4.833893299E0,1.523490429E1,-2.090138197E0
2.678310349E1,-4.965873718E0,1.435593224E1,-8.403648138E-1
2.678810349E1,-4.929960728E0,1.224664116E1,3.399766386E-1
2.679310346E1,-4.917989731E0,1.094180107E1,1.053448796E0
2.679810342E1,-4.855441093E0,8.569147110E0,2.032677174E0
2.680310339E1,-3.155557871E0,5.456685066E0,1.675941229E0
2.680810416E1,-1.019929886E0,3.035847664E0,1.022324085E0
2.681310416E1,-7.661445141E-1,2.308010340E0,5.674257874E-1
2.681810419E1,-1.101332784E0,2.604891539E0,4.094084799E-1
2.682310422E1,-6.919242740E-1,1.999158382E0,4.668693244E-1
2.682810426E1,-4.692635238E-1,1.295263171E0,1.675941236E-2
2.683310426E1,-2.274491638E-1,7.805097699E-1,-2.896983922E-1
2.683810426E1,1.436520964E-1,9.097966552E-2,-5.913678408E-1
2.684310422E1,4.070142806E-1,-1.077390760E-1,-7.685387731E-1
2.684810422E1,4.429273009E-1,-5.985504389E-2,-1.074996591E0
2.685310462E1,4.189853072E-1,-1.771709323E-1,-1.446097851E0
2.685810465E1,1.036689281E0,-6.057330370E-1,-2.391807556E0
2.686310465E1,1.735796213E0,-1.307234168E0,-3.153163671E0
2.686810425E1,3.318363667E0,-2.300827742E0,-4.745307922E0
2.687310425E1,4.326322556E0,-3.447650433E0,-5.933131218E0
2.687810425E1,6.404788971E0,-5.164592266E0,-8.348880768E0
2.688310425E1,7.697657585E0,-6.232406139E0,-9.703998566E0
2.688810422E1,9.713575363E0,-8.377611160E0,-1.212453651E1
2.689310422E1,1.095616627E1,-9.711181641E0,-1.356824017E1
2.689810422E1,1.237113953E1,-1.261534786E1,-1.580711842E1
2.690310425E1,1.234240913E1,-1.691802788E1,-1.930744171E1
2.690810425E1,1.473212147E1,-2.341349792E1,-2.112463951E1
2.691310425E1,1.838088417E1,-3.168336868E1,-2.255158424E1
2.691810422E1,2.415330505E1,-4.309443283E1,-2.304957771E1
2.692310422E1,2.854217720E1,-5.047845078E1,-2.282452393E1
2.692810422E1,3.502836609E1,-6.175304413E1,-2.021484375E1
2.693310425E1,3.723103333E1,-6.635978699E1,-1.761952972E1
2.693810428E1,3.654629135E1,-6.846429443E1,-1.103996372E1
2.694310428E1,3.343832016E1,-6.662315369E1,-6.083965778E0
2.694810429E1,2.894200706E1,-6.460723114E1,-2.798821688E0
2.695310429E1,2.496284485E1,-6.202359009E1,-9.050082564E-1
2.695810428E1,2.091873932E1,-5.775473022E1,1.120486379E0
2.696310428E1,1.717660141E1,-5.315756226E1,1.994369984E0
2.696810425E1,1.311573601E1,-4.742584229E1,2.341529369E0
2.697310425E1,1.135360336E1,-4.436365891E1,2.310404539E0
2.697810425E1,8.554781914E0,-3.958932114E1,1.699883223E0
2.698310428E1,7.079953671E0,-3.698443222E1,1.168370485E0
2.698810428E1,5.574000835E0,-3.310313034E1,4.189853072E-1
2.699310428E1,4.949114323E0,-2.846316719E1,-1.584961534E0
2.699810425E1,1.819593310E-1,-1.890521431E1,-3.519476354E-1
2.700310425E1,2.358288765E0,-2.335603523E1,9.196428299E0
2.700810425E1,-3.620033026E0,-1.770811462E1,6.173389053E1
2.701310428E1,-7.479785442E0,-1.277575970E1,7.738538361E1
2.701810468E1,-1.628057122E0,-1.555572701E1,7.213700104E1
2.702310468E1,-1.268926859E-1,-1.378850651E1,4.731331635E1
2.702810468E1,7.015010715E-1,-1.652298355E1,1.366161442E1
2.703310468E1,2.873041928E-1,-1.580951214E1,4.113238335E0
2.703810468E1,-2.633621991E-1,-1.425058746E1,-1.544260144E0
2.704310465E1,-4.381389022E-1,-1.339106941E1,-1.051054597E0
2.704810465E1,-6.536170840E-1,-1.200003815E1,7.374141216E-1
2.705310465E1,-1.738190413E0,-9.536404610E0,5.389647484E0
2.705810468E1,-6.967426300E0,-4.644751072E0,2.474497223E1
2.706310472E1,-1.288110447E1,2.942473888E0,5.695027542E1
2.706810472E1,-4.872200489E0,3.083731890E0,4.375762558E1
2.707310468E1,-1.508347034E0,-4.644751251E-1,2.581996918E1
2.707810465E1,1.053448766E-1,-3.509899616E0,8.787019730E0
2.708310461E1,4.405331016E-1,-3.701435804E0,5.147832870E0
2.708807614E1,7.134721279E-1,-2.999934673E0,4.256890774E0
2.709307614E1,7.565677166E-1,-2.513911724E0,3.327940464E0
2.709807617E1,8.738836050E-1,-2.221819162E0,2.355894566E0
2.710307620E1,9.433154464E-1,-2.018311977E0,1.601720929E0
2.710807623E1,1.120486379E0,-1.766920805E0,1.055842996E0
2.711307623E1,1.414973259E0,-1.606509328E0,1.031900883E0
2.711807623E1,1.968033791E0,-1.300051570E0,1.357512355E0
2.712307620E1,2.161964178E0,-1.130063176E0,1.920149803E0
2.712807620E1,2.846705914E0,-7.038952708E-1,4.355052948E0
2.713307620E1,3.490746021E0,-4.094084799E-1,6.481403351E0
2.713807623E1,4.364629745E0,-3.208230138E-1,9.122207642E0
2.714307623E1,4.127603531E0,-1.292868972E0,8.135796547E0
2.714807623E1,3.232172251E0,-2.832340717E0,5.253177643E0
2.715307620E1,2.518700123E0,-3.770867586E0,2.561795712E0
2.715807616E1,2.121262789E0,-4.237737179E0,3.687070608E-1
2.716307613E1,2.073378563E0,-4.558559895E0,-2.346317619E-1
2.716807613E1,2.082955360E0,-5.425560474E0,-3.160346150E-1
2.717307616E1,2.205059767E0,-6.433519363E0,1.915361285E-1
2.717807620E1,2.949656487E0,-9.141361237E0,2.303221941E0
2.718307623E1,3.916913986E0,-1.236874485E1,4.961085320E0
2.718807626E1,4.999392509E0,-1.615667152E1,7.474997044E0
2.719307626E1,5.834969044E0,-1.998739433E1,9.304166794E0
2.719807623E1,6.979397297E0,-2.402641296E1,1.146613121E1
2.720307620E1,8.360851288E0,-2.879356766E1,1.498830128E1
2.720807620E1,1.151162148E1,-3.604351044E1,1.665945435E1
2.721307620E1,1.484464931E1,-4.086303711E1,1.454746914E1
2.721807623E1,2.194106293E1,-4.871632004E1,9.378387451E0
2.722307623E1,2.592531395E1,-5.259971237E1,7.460631847E0
2.722807623E1,3.049105644E1,-5.829103088E1,4.139574528E0
2.723307623E1,3.091243553E1,-6.054397583E1,2.626439333E0
2.723807623E1,3.003615761E1,-6.059664536E1,1.060631394E0
2.724307623E1,2.644485474E1,-5.830300140E1,-6.775590777E-1
2.724807529E1,2.086845970E1,-5.345923233E1,-2.463633537E0
2.725307529E1,1.464563084E1,-4.717924118E1,-4.163516521E0
2.725807529E1,1.009425354E1,-3.956298447E1,-5.911583424E0
2.726307533E1,8.140584946E0,-3.515286636E1,-6.682516098E0
2.726807533E1,6.117484570E0,-2.834585190E1,-7.774271965E0
2.727307533E1,5.636250019E0,-2.466357040E1,-7.822156429E0
2.727807529E1,4.424484730E0,-1.977431107E1,-7.003339291E0
2.728307529E1,3.529053211E0,-1.662833023E1,-6.088754177E0
2.728807529E1,2.729389906E0,-1.405186939E1,-4.876988888E0
2.729307533E1,2.425326347E0,-1.195694256E1,-4.134786129E0
2.729807533E1,2.023100376E0,-1.005115795E1,-3.665522814E0
2.730307533E1,1.759738207E0,-8.442254066E0,-3.610456228E0
2.730807533E1,1.391031146E0,-6.696881294E0,-3.426102638E0
2.731307533E1,1.154005170E0,-5.897218227E0,-3.404554844E0
2.731807533E1,8.882488012E-1,-4.721365929E0,-3.399766445E0
2.732307529E1,7.326257229E-1,-3.931279182E0,-3.404554844E0
2.732807526E1,6.129156351E-1,-3.177105665E0,-3.672705412E0
2.733307526E1,5.315127969E-1,-2.636016130E0,-3.897760391E0
2.733807526E1,5.195417404E-1,-2.176329374E0,-4.058171749E0
2.734307529E1,5.770025849E-1,-1.764526606E0,-4.201824188E0
2.734807529E1,6.081272364E-1,-1.206677675E0,-4.192247391E0
2.735307529E1,5.793967843E-1,-8.643068075E-1,-4.101267338E0
2.735807526E1,5.626373887E-1,-3.591302633E-1,-3.916913986E0
2.736307522E1,5.578489900E-1,-1.197100878E-1,-3.778050184E0
2.736807519E1,5.027823448E-1,2.011129409E-1,-3.533841610E0
2.737307519E1,4.596867263E-1,2.609679997E-1,-3.256114244E0
2.737807522E1,4.309563041E-1,1.412578970E-1,-3.043030262E0
2.738307526E1,2.202665508E-1,-3.375824392E-1,-2.978386879E0
2.738807529E1,7.900865376E-2,-9.169792533E-1,-3.471592426E0
2.739307529E1,-1.915361360E-2,-1.606509328E0,-4.862623692E0
2.739807619E1,5.985504389E-2,-2.305616140E0,-6.797437668E0
2.740307615E1,5.267243832E-2,-2.628833532E0,-8.281843185E0
2.740807615E1,-7.661445439E-2,-3.086126089E0,-1.122192287E1
2.741307615E1,5.746084079E-2,-3.447650433E0,-1.270872211E1
2.741807619E1,3.327940404E-1,-4.340687752E0,-1.608005714E1
2.742307619E1,7.110779285E-1,-5.248389244E0,-1.901295471E1
2.742807552E1,6.847416759E-1,-6.122272968E0,-2.183571815E1
2.743307459E1,-9.097966552E-2,-6.330568790E0,-2.359785080E1
2.743807389E1,-1.304839969E0,-5.487809658E0,-2.286522484E1
2.744307295E1,-2.729389906E0,-3.991134167E0,-1.955164909E1
2.744807229E1,-3.299209833E0,-1.620874524E0,-1.300081444E1
2.745307138E1,-2.997540474E0,-3.543418646E-1,-9.490914345E0
2.745807075E1,-2.274491549E0,9.983820915E-1,-5.629067421E0
2.746306988E1,-1.843535304E0,1.532289028E0,-4.220977783E0
2.746806902E1,-1.414973259E0,2.286462545E0,-2.825158119E0
2.747306812E1,-1.122880578E0,2.904166698E0,-2.798821688E0
2.747806745E1,-5.027823448E-1,6.141426563E0,-6.747159481E0
2.748306742E1,-1.426944256E0,1.006791782E1,-8.751106262E0
2.748806692E1,-2.868253708E0,1.189229870E1,-6.275501728E0
2.749306625E1,-2.980781078E0,1.113094330E1,-3.234566450E0
2.749806628E1,-2.188300371E0,8.593089104E0,-9.121908545E-1
2.750306562E1,-1.783680320E0,6.936301708E0,-1.125274822E-1
2.750806562E1,-1.458068848E0,4.790797710E0,1.606509328E0
2.751306562E1,-9.169792533E-1,3.703830004E0,1.865083098E0
2.751806562E1,3.567360640E-1,2.343923569E0,1.316810966E0
2.752306562E1,8.547300100E-1,1.817199111E0,9.121908545E-1
2.752806558E1,5.027823448E-1,1.970427990E0,4.716577232E-1
2.753306518E1,2.705447972E-1,1.826775908E0,1.244984865E-1
2.753806518E1,4.381389022E-1,1.517923832E0,2.633621916E-2
2.754306511E1,3.447650373E-1,1.046266198E0,-2.059013397E-1
2.754806511E1,-1.077390760E-1,6.320692301E-1,-4.165911078E-1
2.755306511E1,-2.106897533E-1,3.064578176E-1,-5.291185975E-1
2.755806508E1,-1.891419291E-1,-6.943184882E-2,-8.954314590E-1
2.756306505E1,-3.280056417E-1,-2.394201756E-1,-1.012747288E0
2.756806505E1,-2.705447972E-1,-4.620809257E-1,-1.228225470E0
2.757306508E1,-1.292868853E-1,-7.924807668E-1,-1.673547029E0
2.757806578E1,3.160346150E-1,-1.036689281E0,-2.549824715E0
2.758306668E1,5.315127969E-1,-1.264138460E0,-3.363853455E0
2.758806735E1,9.457096457E-1,-2.049436569E0,-5.313032627E0
2.759306824E1,1.558625340E0,-2.710236311E0,-6.371270180E0
2.759806891E1,2.975992680E0,-4.608838081E0,-8.303390503E0
2.760306981E1,4.039018154E0,-5.983409405E0,-9.304166794E0
2.760807044E1,5.981015205E0,-8.485349655E0,-1.111178970E1
2.761307134E1,7.862857819E0,-1.070716953E1,-1.291701698E1
2.761807224E1,9.598653793E0,-1.475606346E1,-1.461211205E1
2.762307318E1,1.188751030E1,-2.076311493E1,-1.632426643E1
2.762807384E1,1.553417873E1,-2.872413635E1,-1.845510483E1
2.763307318E1,2.034173584E1,-3.796605301E1,-1.999218369E1
2.763807354E1,2.759886169E1,-5.078730392E1,-2.228104019E1
2.764307418E1,3.374477768E1,-5.880099487E1,-2.054524422E1
2.764807414E1,4.047278214E1,-6.735338593E1,-1.547671795E1
2.765307481E1,4.115991974E1,-6.924240875E1,-1.178216553E1
2.765807484E1,3.685993195E1,-6.948422241E1,-5.238812447E0
2.766307487E1,3.224121857E1,-6.773406219E1,-1.498770237E0
2.766807491E1,2.618388748E1,-6.455695343E1,5.506663769E-2
2.767307491E1,2.130181122E1,-6.076424026E1,9.121908545E-1
2.767807491E1,1.709759331E1,-5.627511215E1,1.941697598E0
2.768307527E1,1.316601467E1,-5.142416000E1,2.238578558E0
2.768807524E1,9.143755913E0,-4.565174103E1,2.355894566E0
2.769307534E1,7.393594265E0,-4.232589340E1,2.188300371E0
2.769807537E1,5.437531471E0,-3.692936325E1,1.843535304E0
2.770307540E1,4.661510944E0,-3.202813339E1,6.177040339E-1
2.770807540E1,1.587355733E0,-2.194345665E1,-2.808398485E0
2.771307540E1,3.950432837E-1,-2.379178047E1,1.994369984E0
2.771807537E1,4.015076160E0,-2.818065262E1,7.242759228E0
2.772307534E1,-6.285078526E0,-1.298884392E1,5.557361221E1
2.772807530E1,-9.569923401E0,-2.166752577E0,7.771578979E1
2.773307530E1,-3.792415380E0,-6.332962990E0,7.703343964E1
2.773807534E1,-2.724601507E0,-9.507674217E0,4.132511902E1
2.774307537E1,-1.199495077E0,-1.202637482E1,2.226667404E1
2.774807540E1,-9.457096457E-1,-1.257943535E1,5.923554420E0
2.775307540E1,-7.924807668E-1,-1.244775391E1,1.292868972E0
2.775807540E1,-9.409212470E-1,-1.144937134E1,-6.392518282E-1
2.776307537E1,-9.840168953E-1,-1.041747093E1,6.368576288E-1
2.776807537E1,-2.193088770E0,-8.552388191E0,5.322609425E0
2.777307537E1,-8.521263123E0,-5.609913826E0,2.397134590E1
2.777807540E1,-1.532109547E1,-1.244984865E-1,4.996848679E1
2.778307607E1,-1.052760410E1,9.864110947E-1,4.154538345E1
2.778807617E1,-2.636016130E0,-2.624045134E0,1.577120495E1
2.779307617E1,-9.241618514E-1,-4.082113743E0,7.307403088E0
2.779807617E1,-1.436520964E-1,-4.295197964E0,3.471592426E0
2.780307617E1,8.379705995E-2,-3.646369219E0,3.361459255E0
2.780807613E1,2.657563984E-1,-2.748543501E0,3.617638826E0
2.781307610E1,4.309563041E-1,-2.130839586E0,3.529053211E0
2.781807610E1,6.655880809E-1,-1.733402014E0,3.524264812E0
2.782307613E1,1.137245774E0,-1.477222443E0,3.579331636E0
2.782807616E1,1.654393315E0,-1.513135433E0,3.804386616E0
2.783307616E1,2.109291792E0,-1.429338455E0,4.508281708E0
2.783807616E1,3.023876667E0,-1.134851575E0,7.592312813E0
2.784307613E1,3.991134167E0,-7.469909191E-1,1.091785908E1
2.784807610E1,5.684134007E0,-9.576806426E-2,1.577359962E1
2.785307606E1,5.456685066E0,-6.679822803E-1,1.538094997E1
2.785807606E1,3.871424198E0,-2.588132143E0,1.148528481E1
2.786307610E1,2.856282711E0,-4.410119534E0,7.249941826E0
2.786807613E1,2.293645144E0,-5.916371822E0,3.306392431E0
2.787307616E1,2.082955360E0,-6.356904984E0,1.687912226E0
2.787807616E1,1.956062794E0,-6.615478516E0,1.101332754E-1
2.788307616E1,1.991975784E0,-6.866869926E0,-3.136404157E-1
2.788807613E1,2.183511972E0,-7.738358974E0,-5.291185975E-1
2.789307613E1,2.561795712E0,-8.621819496E0,-2.801215947E-1
2.789807613E1,3.394978046E0,-1.095377159E1,5.602431893E-1
2.790307616E1,4.345476151E0,-1.359697056E1,1.489193439E0
2.790807616E1,5.224447250E0,-1.631468964E1,2.750937700E0
2.791307616E1,5.825392246E0,-1.888606071E1,5.365705490E0
2.791807613E1,6.950666904E0,-2.202007103E1,1.031212616E1
2.792307609E1,7.764695168E0,-2.579602623E1,1.396088982E1
2.792807606E1,9.814131737E0,-3.049345016E1,1.496914768E1
2.793307606E1,1.205989361E1,-3.368731689E1,1.355148125E1
2.793807606E1,1.771290207E1,-4.012322998E1,9.275436401E0
2.794307609E1,2.250848961E1,-4.539316559E1,6.431125164E0
2.794807612E1,2.601629257E1,-5.049281693E1,4.450820923E0
2.795307616E1,2.840810013E1,-5.384709167E1,3.165134668E0
2.795807616E1,2.967223930E1,-5.487929153E1,1.833958507E0
2.796307616E1,2.758449554E1,-5.565022659E1,-8.092401624E-1
2.796807612E1,2.208232117E1,-5.370344162E1,-3.275267839E0
2.797307612E1,1.669536781E1,-5.055027771E1,-3.711012602E0
2.797807612E1,9.761459351E0,-4.296275330E1,-3.811569214E0
2.798307616E1,6.936301708E0,-3.776733398E1,-3.885789394E0
2.798807616E1,5.042488098E0,-2.948070335E1,-4.692635536E0
2.799307616E1,4.546588898E0,-2.538422394E1,-5.052064896E0
2.799807616E1,3.687070608E0,-2.005922127E1,-4.448426723E0
2.800307616E1,3.186682463E0,-1.677916336E1,-3.933673382E0
2.800807616E1,2.734178305E0,-1.401116753E1,-3.452438831E0
2.801307612E1,2.396595955E0,-1.160260105E1,-3.052607059E0
2.801807612E1,1.917755604E0,-8.983344078E0,-2.738966703E0
2.802307612E1,1.802833915E0,-7.723993778E0,-2.597708941E0
2.802807616E1,1.599326730E0,-6.019322395E0,-2.475604534E0
2.803307616E1,1.589749932E0,-5.162198067E0,-2.422932148E0
2.803807616E1,1.568202138E0,-3.919308186E0,-2.482787132E0
2.804307612E1,1.513135433E0,-3.232172251E0,-2.624045134E0
2.804807609E1,1.434126854E0,-2.712630510E0,-2.966415882E0
2.805307605E1,1.221042871E0,-2.252943754E0,-3.284844637E0
2.805807605E1,1.134851575E0,-1.831564307E0,-3.572149038E0
2.806307605E1,1.027112484E0,-1.333570361E0,-3.706224203E0
2.806807609E1,8.834604025E-1,-8.786720037E-1,-3.696647406E0
2.807307612E1,8.379706144E-1,-6.536170840E-1,-3.600879431E0
2.807807615E1,7.589619160E-1,-1.460463107E-1,-3.497928619E0
2.808307615E1,6.105214357E-1,2.226607651E-1,-3.411737442E0
2.808807615E1,5.770025849E-1,7.757213712E-1,-3.428496838E0
2.809307612E1,4.788403511E-1,1.060631394E0,-3.359065056E0
2.809807612E1,4.022258818E-1,1.170764685E0,-3.224989653E0
2.810307612E1,2.585737705E-1,1.163581967E0,-3.102885485E0
2.810807615E1,-2.633621916E-2,7.565677166E-1,-2.619256735E0
2.811307615E1,-2.873042040E-2,2.035071403E-1,-2.463633537E0
2.811807615E1,4.788403399E-3,-5.698199868E-1,-3.308786631E0
2.812307612E1,2.825157940E-1,-1.091755986E0,-4.611232281E0
2.812807608E1,8.403648138E-1,-1.860294700E0,-7.685686588E0
2.813307605E1,1.046266198E0,-2.434903145E0,-1.013974380E1
2.813807605E1,9.840168953E-1,-3.643975019E0,-1.333600235E1
2.814307608E1,9.026140571E-1,-4.532223701E0,-1.448043156E1
2.814807612E1,1.460463107E-1,-5.447108269E0,-1.549587154E1
2.815307615E1,-6.823474765E-1,-5.387253284E0,-1.601062584E1
2.815807615E1,-2.279279947E0,-4.491522312E0,-1.574486923E1
2.816307615E1,-3.256114244E0,-3.828328609E0,-1.522053909E1
2.816807611E1,-4.774038315E0,-2.770091295E0,-1.332163715E1
2.817307611E1,-4.752490520E0,-1.690306425E0,-1.111178970E1
2.817807611E1,-3.888183594E0,-1.795651317E-1,-7.259518623E0
2.818307615E1,-3.234566450E0,4.572925270E-1,-5.121496677E0
2.818807618E1,-2.396595955E0,9.002198577E-1,-3.694253206E0
2.819307618E1,-1.766920805E0,1.211466074E0,-2.688688517E0
2.819807618E1,-1.357512355E0,1.534683347E0,-2.001552582E0
2.820307618E1,-1.103726983E0,1.800439715E0,-1.453280449E0
2.820807618E1,-9.624691010E-1,3.143586874E0,-2.628833532E0
2.821307618E1,-1.053448796E0,4.937143326E0,-4.946720123E0
2.821807615E1,-2.193088770E0,7.374440670E0,-5.025728703E0
2.822307615E1,-2.667140722E0,7.721599579E0,-3.579331636E0
2.822807615E1,-2.358288765E0,5.904400826E0,-1.094150186E0
2.823307618E1,-1.635239720E0,3.655946016E0,1.364694983E-1
2.823807618E1,-6.177040339E-1,1.886630893E0,4.716577232E-1
2.824307618E1,2.489969730E-1,8.954314590E-1,4.548983276E-1
2.824807615E1,7.278373241E-1,3.806780577E-1,4.237737060E-1
2.825307611E1,7.829039693E-1,4.333505034E-1,4.022258818E-1
2.825807608E1,5.698199868E-1,5.195417404E-1,2.825157940E-1
2.826307608E1,5.027823448E-1,2.873041928E-1,4.070143029E-2
2.826807611E1,3.830722570E-1,-1.723825186E-1,-3.998316824E-1
2.827307614E1,3.136404157E-1,-3.016694188E-1,-6.177040339E-1
2.827807618E1,3.088520169E-1,-3.543418646E-1,-8.690952063E-1
2.828307618E1,1.029506698E-1,-2.944868207E-1,-9.888052940E-1
2.828807618E1,-7.661445439E-2,-2.561795712E-1,-1.386242747E0
2.829307614E1,-2.394201607E-2,-5.051765442E-1,-2.013523579E0
2.829807614E1,2.322375625E-1,-9.816226959E-1,-2.858676910E0
2.830307614E1,3.519476354E-1,-1.347935557E0,-3.560178041E0
2.830807618E1,1.072602391E0,-2.078166962E0,-4.481945515E0
2.831307621E1,1.608903527E0,-2.645592928E0,-5.052064896E0
2.831807621E1,2.114080191E0,-3.715801001E0,-6.507739544E0
2.832307617E1,2.566584110E0,-4.618414879E0,-7.582736015E0
2.832807614E1,3.038241863E0,-5.674557209E0,-8.377611160E0
2.833307611E1,3.739742994E0,-7.539640427E0,-9.466972351E0
2.833807607E1,4.673481941E0,-1.119319248E1,-1.090828228E1
2.834307607E1,6.502951145E0,-1.743278122E1,-1.327135944E1
2.834807610E1,1.132008457E1,-2.955253029E1,-1.705449677E1
2.835307614E1,1.604174995E1,-3.775536346E1,-1.936968994E1
2.835807617E1,2.556139565E1,-5.118234634E1,-2.042313957E1
2.836307617E1,3.102496338E1,-5.809470749E1,-1.834018326E1
2.836807617E1,3.735074234E1,-6.519142151E1,-1.363767242E1
2.837307614E1,3.885908890E1,-6.692481995E1,-1.028578949E1
2.837807610E1,3.587591553E1,-6.833261108E1,-4.613626480E0
2.838307607E1,3.079512024E1,-6.750182343E1,-1.534683347E0
2.838807607E1,2.493650818E1,-6.444442749E1,7.781155705E-1
2.839307610E1,1.972642708E1,-6.093423080E1,1.886630893E0
2.839807614E1,1.412369537E1,-5.439805984E1,2.451662540E0
2.840307617E1,1.168879223E1,-5.004988861E1,2.712630510E0
2.840807617E1,8.502109528E0,-4.319977951E1,2.810792685E0
2.841307617E1,7.137414455E0,-3.929483414E1,2.705447912E0
2.841807613E1,5.717652798E0,-3.291159439E1,2.078166962E0
2.842307547E1,9.433154464E-1,-2.286522484E1,1.254561663E0
2.842807480E1,-2.693476915E0,-2.156996155E1,5.174169064E0
2.843307393E1,-2.896983922E-1,-2.470427132E1,8.528446198E0
2.843807330E1,2.530671120E0,-2.321477890E1,1.909435654E1
2.844307240E1,-1.009664822E1,-1.575384736E0,6.488974762E1
2.844807170E1,-2.425326347E0,9.121908545E-1,7.800788116E1
2.845307100E1,3.311181068E0,-5.358522892E0,7.266851044E1
2.845807030E1,2.846705914E0,-1.118840408E1,4.040813828E1
2.846306937E1,2.422932148E0,-1.284279728E1,2.399049950E1
2.846806936E1,1.915361285E-1,-1.301278591E1,3.303998411E-1
2.847306873E1,-8.786720037E-1,-1.290744019E1,-7.376834869E0
2.847806786E1,-8.906430602E-1,-1.265126133E1,-7.266701221E0
2.848306790E1,-6.440402865E-1,-1.207665253E1,-5.059247494E0
2.848806700E1,-4.716577232E-1,-1.106629944E1,-3.201047659E0
2.849306633E1,-5.363011956E-1,-9.610625267E0,-2.090138197E0
2.849806593E1,-9.720458984E-1,-6.759130478E0,-6.177040339E-1
2.850306593E1,-3.258508444E0,-4.132391930E0,6.981791496E0
2.850806553E1,-1.426974106E1,3.268085241E0,4.914488220E1
2.851306556E1,-1.137994003E1,5.818209171E0,5.399822617E1
2.851806556E1,-4.565742493E0,3.287238836E0,3.192039490E1
2.852306610E1,-1.958456993E0,-3.232172430E-1,1.495478249E1
2.852806520E1,-8.259995580E-1,-1.731007814E0,7.527669430E0
2.853306520E1,-5.099649429E-1,-2.109291792E0,4.857835293E0
2.853806520E1,-3.399766386E-1,-1.781286120E0,4.029441357E0
2.854306516E1,-3.136404157E-1,-1.292868972E0,3.742137194E0
2.854806516E1,-1.819593310E-1,-7.110779285E-1,3.861847401E0
2.855306516E1,1.173158810E-1,-3.902548850E-1,4.321534157E0
2.855806520E1,9.552865028E-1,9.816227108E-2,6.136638165E0
2.856306523E1,2.082955360E0,4.860229492E-1,9.055170059E0
2.856806523E1,3.529053211E0,8.164227605E-1,1.247169590E1
2.857306559E1,4.797980309E0,6.392518282E-1,1.453070927E1
2.857806623E1,5.147832870E0,-2.178723514E-1,1.316601467E1
2.858306713E1,4.685452938E0,-1.472434044E0,9.296984673E0
2.858806779E1,3.833117008E0,-3.014299870E0,4.378994942E0
2.859306873E1,3.462015629E0,-3.734954596E0,2.324769735E0
2.859806939E1,3.052607059E0,-4.620809078E0,3.495534360E-1
2.860307006E1,2.774879694E0,-4.939537525E0,-3.926490843E-1
2.860807072E1,2.449268341E0,-5.356128693E0,-1.019929886E0
2.861307162E1,2.288856745E0,-5.851728439E0,-1.074996591E0
2.861807162E1,2.121262789E0,-7.067982674E0,-1.249773264E0
2.862307226E1,2.750937700E0,-8.961795807E0,-4.908113480E-1
2.862807316E1,4.177882195E0,-1.224185276E1,7.829039693E-1
2.863307316E1,5.162198067E0,-1.545995903E1,1.855506301E0
2.863807409E1,5.162198067E0,-1.756925011E1,2.217030764E0
2.864307476E1,5.135861874E0,-1.881902313E1,3.174711466E0
2.864807512E1,5.155015469E0,-2.291310883E1,9.299378395E0
2.865307509E1,4.807557106E0,-2.706016541E1,1.755009651E1
2.865807545E1,5.923554420E0,-3.357239532E1,2.349250603E1
2.866307542E1,1.037198067E1,-3.861727524E1,1.811034012E1
2.866807542E1,1.497872448E1,-4.365946579E1,1.221791077E1
2.867307492E1,2.000176048E1,-4.891024780E1,6.955455303E0
2.867807585E1,2.372474289E1,-5.346880722E1,1.924938202E0
2.868307589E1,2.689496613E1,-5.644031143E1,-2.130839586E0
2.868807592E1,2.904017067E1,-5.739081192E1,-4.000710964E0
2.869307592E1,2.810403824E1,-5.701252747E1,-5.126285076E0
2.869807588E1,2.188120842E1,-5.288701630E1,-4.874594688E0
2.870307585E1,1.468154430E1,-4.801242447E1,-3.086126089E0
2.870807585E1,9.229947090E0,-3.883754349E1,-1.786074519E0
2.871307585E1,6.510133743E0,-3.196349144E1,-1.120486379E0
2.871807588E1,4.759673119E0,-2.657893181E1,-8.954314590E-1
2.872307615E1,4.321534157E0,-2.218527222E1,-7.829039693E-1
2.872807615E1,4.271255970E0,-1.892436790E1,-6.153098345E-1
2.873307612E1,4.007893562E0,-1.636496735E1,-4.836287498E-1
2.873807608E1,3.450044632E0,-1.373822880E1,-6.296750307E-1
2.874307605E1,3.050212860E0,-1.232564926E1,-8.954314590E-1
2.874807605E1,2.535459518E0,-1.019959831E1,-1.532289028E0
2.875307608E1,2.305616140E0,-9.007286072E0,-1.862688899E0
2.875807611E1,2.066195965E0,-7.412747860E0,-2.511517525E0
2.876307615E1,2.037465572E0,-6.620266914E0,-2.930502892E0
2.876807615E1,1.941697598E0,-6.024110794E0,-3.339911461E0
2.877307615E1,1.747767210E0,-5.562029839E0,-3.833117008E0
2.877807611E1,1.582567334E0,-4.989815712E0,-4.630385876E0
2.878307611E1,1.465251446E0,-4.623203278E0,-5.056853294E0
2.878807611E1,1.474828243E0,-3.986345768E0,-5.629067421E0
2.879307615E1,1.477222443E0,-3.639186621E0,-5.729623795E0
2.879807615E1,1.462857246E0,-2.930502892E0,-5.655403614E0
2.880307615E1,1.343147159E0,-2.370259762E0,-5.413589478E0
2.880807615E1,1.161187768E0,-1.814804912E0,-5.023334503E0
2.881307615E1,9.121908545E-1,-1.120486379E0,-4.606443882E0
2.881807615E1,6.488286853E-1,-4.525041282E-1,-4.146757126E0
2.882307611E1,4.884171486E-1,6.943184882E-2,-3.653551817E0
2.882807608E1,3.830722570E-1,5.722141862E-1,-3.081337690E0
2.883307608E1,3.399766386E-1,7.206547260E-1,-2.796427488E0
2.883807608E1,2.585737705E-1,9.528923035E-1,-2.353500366E0
2.884307611E1,2.011129409E-1,1.122880578E0,-2.094926596E0
2.884807611E1,8.140286058E-2,1.450886250E0,-1.776497602E0
2.885307611E1,-2.489969730E-1,1.561019540E0,-1.510741234E0
2.885807608E1,-4.740519226E-1,1.316810966E0,-1.379060149E0
2.886307604E1,-2.106897533E-1,8.499416113E-1,-1.632845521E0
2.886807601E1,7.900865376E-2,5.147533417E-1,-2.506729126E0
2.887307601E1,4.620809257E-1,2.633621916E-2,-3.904942989E0
2.887807604E1,8.188169599E-1,-2.537853718E-1,-5.760748386E0
2.888307608E1,1.185129881E0,-4.596867263E-1,-6.414365768E0
2.888807611E1,1.541865945E0,-1.261744261E0,-7.810185432E0
2.889307611E1,1.403002143E0,-1.750161409E0,-8.753500938E0
2.889807611E1,7.757213712E-1,-2.035071373E0,-9.036016464E0
2.890307607E1,3.088520169E-1,-2.327163935E0,-9.514857292E0
2.890807607E1,6.224924326E-2,-2.588132143E0,-1.074547672E1
2.891307607E1,-6.751648784E-1,-2.552218914E0,-1.132247925E1
2.891807611E1,-1.750161409E0,-1.874659896E0,-1.052521038E1
2.892307611E1,-2.245761156E0,-1.130063176E0,-8.401553154E0
2.892807611E1,-2.070984364E0,-2.561795712E-1,-6.203675747E0
2.893307607E1,-1.584961534E0,1.843535304E-1,-5.190928459E0
2.893807604E1,-8.690952063E-1,8.738836050E-1,-4.079719543E0
2.894307600E1,-5.243301988E-1,1.592144132E0,-3.648763418E0
2.894807600E1,-3.351882398E-1,3.620033026E0,-5.856516838E0
2.895307601E1,-7.565677166E-1,5.983409405E0,-7.628225803E0
2.895807604E1,-1.690306425E0,7.814973831E0,-7.285854816E0
2.896307714E1,-2.157175779E0,8.372822762E0,-5.293879032E0
2.896807717E1,-1.807622313E0,6.955455303E0,-3.122039080E0
2.897307717E1,-1.161187768E0,5.102343082E0,-2.030282974E0
2.897807717E1,1.053448766E-1,1.563413739E0,-8.930372596E-1
2.898307714E1,6.799532771E-1,1.747767180E-1,-5.698199868E-1
2.898807714E1,8.595184088E-1,-6.536170840E-1,-7.206547260E-1
2.899307714E1,7.182605267E-1,-7.015010715E-1,-8.834604025E-1
2.899807717E1,5.865794420E-1,-4.955997467E-1,-1.041477680E0
2.900307717E1,6.967126727E-1,-5.123591423E-1,-1.340752959E0
2.900807717E1,9.337386489E-1,-8.810662031E-1,-1.853112102E0
2.901307717E1,1.012747288E0,-1.055842996E0,-2.166752577E0
2.901807717E1,1.240196466E0,-1.168370485E0,-2.918531895E0
2.902307717E1,1.503558636E0,-1.307234168E0,-3.414131641E0
2.902807714E1,2.145204782E0,-1.948880196E0,-4.378994942E0
2.903307714E1,2.542642117E0,-2.415749550E0,-5.011363506E0
2.903807714E1,3.102885485E0,-3.519476414E0,-6.158185959E0
2.904307717E1,3.442862034E0,-4.350264549E0,-7.202057838E0
2.904807717E1,3.696647406E0,-5.334580898E0,-8.652944565E0
2.905307717E1,3.950432777E0,-6.361693382E0,-1.026663589E1
2.905807714E1,4.525041103E0,-7.417536259E0,-1.170315742E1
2.906307710E1,5.370493889E0,-8.758289337E0,-1.325699425E1
2.906807710E1,6.917148113E0,-1.089152241E1,-1.463605404E1
2.907307713E1,8.013691902E0,-1.258422375E1,-1.515350151E1
2.907807717E1,1.003679276E1,-1.665945435E1,-1.555093861E1
2.908307717E1,1.179653072E1,-2.024118042E1,-1.590288639E1
2.908807717E1,1.634581375E1,-2.833148575E1,-1.680310631E1
2.909307717E1,2.092831612E1,-3.576817703E1,-1.754291534E1
2.909807717E1,2.544407845E1,-4.411915207E1,-1.687014389E1
2.910307717E1,3.087891769E1,-5.237226486E1,-1.504097366E1
2.910807713E1,3.506667709E1,-5.935644913E1,-1.127220058E1
2.911307607E1,3.474106216E1,-6.110900497E1,-8.547599792E0
2.911807607E1,3.047908592E1,-6.017526627E1,-4.204218388E0
2.912307610E1,2.712720299E1,-5.894943619E1,-2.066195965E0
2.912807610E1,2.219005966E1,-5.654326248E1,7.517793179E-1
2.913307610E1,1.947742844E1,-5.431426239E1,1.877054095E0
2.913807607E1,1.571853256E1,-5.040901947E1,2.693476915E0
2.914307603E1,1.368076801E1,-4.732768250E1,2.782062292E0
2.914807600E1,1.196173096E1,-4.408802795E1,2.573766708E0
2.915307600E1,1.034564495E1,-4.061882782E1,2.159569979E0
2.915807603E1,8.494926453E0,-3.677853012E1,1.594538331E0
2.916307606E1,7.618649006E0,-3.466684341E1,1.259350061E0
2.916807610E1,6.440701962E0,-3.152535248E1,8.499416113E-1
2.917307610E1,5.777507782E0,-2.973927689E1,4.620809257E-1
2.917807610E1,6.215646744E0,-2.135927200E1,-6.146214962E0
2.918307606E1,5.621884823E0,-2.205837822E1,7.690474987E0
2.918807603E1,-3.634398222E0,-1.315164948E1,6.987208557E1
2.919307603E1,2.044648170E0,-1.401595592E1,7.789535522E1
2.919807606E1,3.603273630E0,-1.654692650E1,7.331733704E1
2.920307609E1,2.094926596E0,-1.624046898E1,4.608987808E1
2.920807609E1,2.585737705E-1,-1.902971458E1,1.682465363E1
2.921307609E1,-8.379706144E-1,-1.728673553E1,6.787860870E0
2.921807606E1,-1.496376038E0,-1.492365742E1,1.675941236E-2
2.922307603E1,-1.352723956E0,-1.411411858E1,-7.493851185E-1
2.922807599E1,-1.098938584E0,-1.286195087E1,-7.661445439E-2
2.923307599E1,-1.321599364E0,-1.128656578E1,1.065419793E0
2.923807602E1,-2.592920542E0,-7.194875240E0,6.086359978E0
2.924307606E1,-8.988132477E0,-1.656787634E0,2.841528320E1
2.924807609E1,-1.688929749E1,3.620033026E0,5.718012238E1
2.925307609E1,-1.219875717E1,3.320757866E0,4.596777344E1
2.925807609E1,-4.821922302E0,-5.291185975E-1,1.919730759E1
2.926307606E1,-2.564189911E0,-2.030282974E0,9.792584419E0
2.926807606E1,-1.213860273E0,-2.817975283E0,3.270479441E0
2.927307606E1,-8.786720037E-1,-2.746149302E0,1.798045516E0
2.927807609E1,-6.296750307E-1,-2.401384354E0,6.081272364E-1
2.928307609E1,-5.267243981E-1,-1.989581585E0,3.040636182E-1
2.928807609E1,-3.782838583E-1,-1.522712231E0,2.633621991E-1
2.929307609E1,-3.495534360E-1,-1.137245774E0,3.591302633E-1
2.929807609E1,-3.591302633E-1,-7.038952708E-1,4.955997467E-1
2.930307609E1,-3.639186621E-1,-2.585737705E-1,7.517793179E-1
2.930807606E1,-4.022258818E-1,4.596867263E-1,1.307234168E0
2.931307602E1,-4.477157295E-1,7.948749661E-1,1.841141105E0
2.931807602E1,-4.812345505E-1,1.118092179E0,3.107673883E0
2.932307606E1,-4.285621047E-1,1.058237195E0,4.491522312E0
2.932807609E1,-6.440402865E-1,5.578489900E-1,5.624279022E0
2.933307609E1,-9.050082564E-1,-9.816226959E-1,5.942708015E0
2.933807609E1,-6.033388376E-1,-2.777273893E0,5.308244228E0
2.934307605E1,-3.303998411E-1,-4.091690540E0,4.228160381E0
2.934807605E1,-2.154781483E-2,-4.956296921E0,3.189076662E0
2.935307605E1,1.795651317E-1,-5.973832607E0,2.992752075E0
2.935807609E1,7.374141216E-1,-8.253112793E0,3.926490784E0
2.936307609E1,1.127668977E0,-1.043183613E1,5.107131481E0
2.936807609E1,1.556231141E0,-1.459295845E1,8.715193748E0
2.937307609E1,1.776497602E0,-1.681028938E1,1.108305931E1
2.937807609E1,1.618480325E0,-1.989402008E1,1.365682602E1
2.938307609E1,1.678335428E0,-2.206795502E1,1.494041729E1
2.938807605E1,2.308010340E0,-2.501551628E1,1.594358730E1
2.939307605E1,4.067748547E0,-2.882469177E1,1.566825485E1
2.939807605E1,8.521263123E0,-3.439151001E1,1.222748756E1
2.940307609E1,1.208622932E1,-3.832278824E1,9.170091629E0
2.940807609E1,1.845510483E1,-4.552724075E1,3.682282209E0
2.941307609E1,2.177107430E1,-4.938190460E1,1.235408068E0
2.941807605E1,2.486228752E1,-5.424003983E1,-2.037465572E0
2.942307602E1,2.529563904E1,-5.597344208E1,-3.145981073E0
2.942807532E1,2.474497223E1,-5.825511551E1,-6.031293392E0
2.943307465E1,2.383966446E1,-5.805160904E1,-6.672939301E0
2.943807465E1,2.096183395E1,-5.342571259E1,-4.707000732E0
2.944307378E1,1.440621090E1,-4.576426697E1,-2.454056740E0
2.944807315E1,6.948272705E0,-3.566283035E1,-4.285621047E-1
2.945307252E1,4.898836136E0,-3.118537521E1,-1.987187415E-1
2.945807185E1,3.730166197E0,-2.536267662E1,-5.003881454E-1
2.946307095E1,3.552995205E0,-2.254200745E1,-8.164227605E-1
2.946807002E1,3.399766445E0,-1.898901176E1,-1.450886250E0
2.947306912E1,3.203441858E0,-1.710238075E1,-1.649604917E0
2.947806822E1,2.923320293E0,-1.437748051E1,-2.126051188E0
2.948306758E1,2.420537949E0,-1.258422375E1,-2.475604534E0
2.948806758E1,2.193088770E0,-1.037676907E1,-2.511517525E0
2.949306758E1,1.999158382E0,-9.301773071E0,-2.636016130E0
2.949806688E1,1.604115129E0,-7.996932983E0,-2.985569477E0
2.950306685E1,1.501164436E0,-7.441478252E0,-3.215412855E0
2.950806681E1,1.391031146E0,-6.598719120E0,-3.560178041E0
2.951306681E1,1.465251446E0,-6.048052788E0,-3.761290789E0
2.951806685E1,1.608903527E0,-5.193322659E0,-4.024652958E0
2.952306688E1,1.723825216E0,-4.663905144E0,-4.237737179E0
2.952806691E1,1.769315004E0,-4.209006786E0,-4.429273129E0
2.953306691E1,1.795651317E0,-3.665522814E0,-4.560954094E0
2.953806625E1,1.668758631E0,-2.990357876E0,-4.553771496E0
2.954306554E1,1.565807939E0,-2.504334927E0,-4.493916512E0
2.954806555E1,1.362300754E0,-1.678335428E0,-4.278438568E0
2.955306555E1,1.261744261E0,-1.249773264E0,-4.118026733E0
2.955806518E1,1.003170490E0,-4.836287498E-1,-4.012681961E0
2.956306521E1,7.805097699E-1,-2.633621916E-2,-3.945644379E0
2.956806521E1,6.464344859E-1,4.525041282E-1,-3.890577793E0
2.957306521E1,5.674257874E-1,8.307880163E-1,-3.866635799E0
2.957806588E1,5.267243981E-1,1.115697980E0,-3.948038578E0
2.958306654E1,4.836287498E-1,9.241618514E-1,-3.916913986E0
2.958806568E1,2.202665508E-1,9.337386489E-2,-4.220977783E0
2.959306654E1,9.337386489E-2,-3.567360640E-1,-4.438849926E0
2.959806721E1,2.035071403E-1,-8.690952063E-1,-5.250783443E0
2.960306787E1,3.016694188E-1,-1.046266198E0,-5.801449776E0
2.960806857E1,5.985504389E-1,-1.455674648E0,-7.312191486E0
2.961306901E1,8.619126081E-1,-2.102109194E0,-8.918700218E0
2.961806991E1,1.055842996E0,-2.858676910E0,-1.055872917E1
2.962307077E1,1.225831270E0,-3.095702887E0,-1.163133144E1
2.962807167E1,1.015141487E0,-2.889801502E0,-1.122192287E1
2.963307234E1,6.344634295E-1,-2.573766708E0,-1.119319248E1
2.963807237E1,-1.101332754E-1,-1.968033791E0,-1.089870548E1
2.964307237E1,-6.871358752E-1,-1.216254473E0,-1.001763916E1
2.964807304E1,-1.134851575E0,0.000000000E0,-7.455843449E0
2.965307304E1,-1.271321058E0,6.464344859E-1,-6.127061367E0
2.965807304E1,-1.221042871E0,1.508347034E0,-4.477157116E0
2.966307304E1,-1.029506683E0,2.061407566E0,-3.670311213E0
2.966807300E1,-7.900865674E-1,4.062960148E0,-5.030517101E0
2.967307300E1,-1.005564690E0,8.303390503E0,-8.245929718E0
2.967807300E1,-2.240972757E0,1.197130775E1,-8.056788445E0
2.968307304E1,-3.141192675E0,1.304151630E1,-5.559635639E0
2.968807374E1,-3.524264812E0,1.232086086E1,-2.916137695E0
2.969307440E1,-3.399766445E0,1.122671127E1,-2.094926596E0
2.969807437E1,-2.796427488E0,8.595483780E0,-1.321599364E0
2.970307434E1,-2.434903145E0,6.840533733E0,-1.132457376E0
2.970807474E1,-1.517923832E0,4.031835556E0,-5.219359994E-1
2.971307474E1,-9.002198577E-1,2.317587137E0,-3.184288144E-1
2.971807477E1,-3.974374831E-1,1.328781962E0,-2.106897533E-1
2.972307477E1,-3.016694188E-1,1.084573388E0,-7.182605099E-3
2.972807477E1,-1.963245422E-1,9.289502501E-1,1.029506698E-1
2.973307477E1,-1.101332754E-1,6.440402865E-1,-3.351882473E-2
2.973807563E1,1.197100878E-1,1.316810995E-1,-3.184288144E-1
2.974307563E1,3.256114423E-1,-2.346317619E-1,-4.740519226E-1
2.974807560E1,5.865794420E-1,-6.009446383E-1,-7.900865674E-1
2.975307560E1,7.517793179E-1,-6.631938815E-1,-9.959878922E-1
2.975807560E1,1.120486379E0,-7.685387731E-1,-1.278503656E0
2.976307610E1,1.304839969E0,-1.067813993E0,-1.932120800E0
2.976807610E1,1.656787634E0,-1.651999116E0,-3.052607059E0
2.977307610E1,2.209848166E0,-2.104503393E0,-3.857059002E0
2.977807607E1,3.138798475E0,-3.124433279E0,-5.574000835E0
2.978307607E1,3.916913986E0,-3.864241600E0,-6.273107529E0
2.978807607E1,5.506963253E0,-5.535693645E0,-8.310573578E0
2.979307610E1,6.921936512E0,-7.012916088E0,-1.039831734E1
2.979807610E1,9.536404610E0,-1.044859505E1,-1.425777054E1
2.980307610E1,1.107587624E1,-1.374541092E1,-1.621652603E1
2.980807610E1,1.231367874E1,-1.806484985E1,-1.861791039E1
2.981307610E1,1.460971832E1,-2.422273636E1,-2.170882607E1
2.981807610E1,1.980543518E1,-3.555987930E1,-2.533633995E1
2.982307607E1,2.445018578E1,-4.345356369E1,-2.729000854E1
2.982807603E1,3.168097496E1,-5.531743240E1,-2.778800201E1
2.983307603E1,3.520553970E1,-6.075945282E1,-2.521663094E1
2.983807603E1,3.792056274E1,-6.588573456E1,-1.961150551E1
2.984307606E1,3.675698090E1,-6.602699280E1,-1.557009220E1
2.984807606E1,3.199461555E1,-6.259819794E1,-9.263465881E0
2.985307606E1,2.792686653E1,-5.980177307E1,-4.675876141E0
2.985807603E1,2.451004219E1,-5.684732819E1,-1.362300754E0
2.986307600E1,2.114618874E1,-5.298039246E1,9.289502501E-1
2.986807596E1,1.773445129E1,-4.845534897E1,2.489969730E0
2.987307596E1,1.647988892E1,-4.590312958E1,3.102885485E0
2.987807600E1,1.420749187E1,-4.191169739E1,3.062183857E0
2.988307603E1,1.284279728E1,-3.950552368E1,2.825158119E0
2.988807606E1,1.083166790E1,-3.580887604E1,2.470816135E0
2.989307606E1,9.845256805E0,-3.377111435E1,2.336740971E0
2.989807606E1,8.674491882E0,-3.099144554E1,1.881842494E0
2.990307603E1,4.484339714E0,-2.474497223E1,1.713111115E1
2.990807603E1,-7.278373241E-1,-1.930744171E1,5.624877548E1
2.991307603E1,-6.313809395E0,-1.467196751E1,7.702864838E1
2.991807606E1,3.696647406E0,-1.771529770E1,7.834307098E1
2.992307606E1,5.803843975E0,-1.995866394E1,7.110031128E1
2.992807606E1,5.162198067E0,-1.808160973E1,3.774339294E1
2.993307603E1,3.538630009E0,-1.935293007E1,1.889085007E1
2.993807599E1,7.948749661E-1,-2.174234390E1,-4.845864296E0
2.994307596E1,-2.346317619E-1,-2.149334717E1,-9.871592522E0
2.994807596E1,-4.548983276E-2,-1.876156235E1,-7.949048996E0
2.995307596E1,8.858546615E-2,-1.602977943E1,-5.370493889E0
2.995807599E1,7.182605099E-3,-1.335515594E1,-3.665522814E0
2.996307602E1,-1.292868853E-1,-1.070238113E1,-2.925714493E0
2.996807606E1,-4.213795066E-1,-8.095095634E0,-3.045424461E0
2.997307606E1,-6.200982332E-1,-6.007351398E0,-2.640804529E0
2.997807606E1,-9.265560508E-1,-4.699818134E0,-9.792284966E-1
2.998307602E1,-1.046266198E0,-4.046200752E0,2.202665508E-1
2.998807602E1,-3.411737442E0,-7.134721279E-1,1.004636955E1
2.999307602E1,-1.285955620E1,8.885181427E0,5.290377808E1
2.999807606E1,-1.083885002E1,1.514871311E1,7.183054352E1
3.000307606E1,-3.971980572E0,8.554781914E0,3.812646484E1
3.000807606E1,-5.841852427E-1,2.889801502E0,1.136557484E1
3.001307606E1,5.674257874E-1,7.733271718E-1,2.329558372E0
3.001807606E1,8.020575643E-1,4.261679053E-1,5.363011956E-1
3.002307606E1,8.882488012E-1,4.764461517E-1,3.711012602E-1
3.002807602E1,1.151610970E0,5.530605912E-1,5.291185975E-1
3.003307602E1,1.247379065E0,4.740519226E-1,5.554547906E-1
3.003807602E1,1.142034173E0,3.878606856E-1,7.733271718E-1
3.004307606E1,1.019929886E0,3.926490843E-1,1.173158884E0
3.004807606E1,9.624691010E-1,4.453215301E-1,1.731007814E0
3.005307606E1,1.098938584E0,3.902548850E-1,2.123656988E0
3.005807602E1,1.180341482E0,2.729389966E-1,2.449268341E0
3.006307599E1,8.020575643E-1,2.394201756E-1,2.621650934E0
3.006807595E1,1.364694983E-1,-3.615244627E-1,2.111685991E0
3.007307595E1,-3.591302410E-2,-1.096544385E0,1.446097851E0
3.007807595E1,4.788403399E-3,-2.030282974E0,5.937620401E-1
3.008307599E1,-4.788403213E-2,-2.274491549E0,2.226607651E-1
3.008807602E1,-7.422025502E-2,-2.731784105E0,-1.699883193E-1
3.009307605E1,-8.379705995E-2,-3.284844637E0,-9.337386489E-2
3.009807605E1,4.788403213E-2,-4.216189384E0,5.434837937E-1
3.010307605E1,3.758896589E-1,-5.844545841E0,2.145204782E0
3.010807602E1,8.331822157E-1,-8.195652008E0,4.635174274E0
3.011307602E1,1.163581967E0,-1.091785908E1,7.233182430E0
3.011807602E1,1.496376038E0,-1.460971832E1,1.030254936E1
3.012307605E1,1.766920805E0,-1.711435318E1,1.215566158E1
3.012807605E1,2.947262287E0,-2.270960236E1,1.550305462E1
3.013307605E1,4.771644115E0,-2.644246101E1,1.618300819E1
3.013807602E1,9.364022255E0,-3.299778748E1,1.374541092E1
3.014307598E1,1.434156704E1,-3.907696152E1,8.854057312E0
3.014807595E1,1.913027000E1,-4.566131592E1,3.272873640E0
3.015307595E1,2.311901093E1,-5.115122223E1,-9.241618514E-1
3.015807598E1,2.605220604E1,-5.402456284E1,-2.612074137E0
3.016307602E1,2.666272736E1,-5.600935745E1,-3.792415380E0
3.016807605E1,2.701946449E1,-5.826708984E1,-4.400542736E0
3.017307605E1,2.517114067E1,-5.869804382E1,-4.235342979E0
3.017807605E1,1.899619484E1,-5.298757553E1,-2.140416384E0
3.018307601E1,1.183004951E1,-4.511304474E1,-1.628057212E-1
3.018807598E1,6.826168537E0,-3.630687332E1,2.489969730E-1
3.019307598E1,5.545270443E0,-2.921015930E1,-1.651999205E-1
3.019807601E1,4.980238914E0,-2.411978722E1,-2.489969730E-1
3.020307605E1,4.429273129E0,-2.043271637E1,-4.477157295E-1
3.020807605E1,3.746925592E0,-1.670015526E1,-4.668693244E-1
3.021307605E1,3.433285236E0,-1.477521706E1,-2.489969730E-1
3.021807605E1,3.220201254E0,-1.225621796E1,-9.576806426E-2
3.022307605E1,3.198653460E0,-1.093701267E1,-2.059013397E-1
3.022807605E1,3.131615877E0,-9.007286072E0,-5.674257874E-1
3.023307601E1,3.040636063E0,-7.896376610E0,-9.050082564E-1
3.023807601E1,2.870647907E0,-6.438307762E0,-1.568202138E0
3.024307601E1,2.659958124E0,-5.578789234E0,-2.068590164E0
3.024807604E1,2.408566952E0,-4.707000732E0,-2.746149302E0
3.025307604E1,2.351106167E0,-4.268861771E0,-3.165134668E0
3.025807605E1,2.284068346E0,-3.529053211E0,-3.667917013E0
3.026307601E1,2.166752577E0,-3.157952070E0,-3.950432777E0
3.026807598E1,1.944091797E0,-2.650381327E0,-4.197035789E0
3.027307594E1,1.716642618E0,-2.406172752E0,-4.355052948E0
3.027807594E1,1.345541358E0,-1.872265697E0,-4.479551315E0
3.028307598E1,1.041477680E0,-1.446097851E0,-4.446032524E0
3.028807574E1,8.020575643E-1,-9.457096457E-1,-4.304774761E0
3.029307578E1,6.057330370E-1,-4.596867263E-1,-4.031835556E0
3.029807578E1,4.453215301E-1,3.112462163E-2,-3.665522814E0
3.030307578E1,3.758896589E-1,4.836287498E-1,-3.220201254E0
3.030807574E1,3.830722570E-1,1.149216771E0,-2.892195702E0
3.031307571E1,3.926490843E-1,1.486799240E0,-2.841917515E0
3.031807571E1,4.908113480E-1,1.599326730E0,-2.549824715E0
3.032307574E1,2.274491638E-1,1.350329757E0,-2.463633537E0
3.032807577E1,-5.506663769E-2,6.895300746E-1,-2.509123325E0
3.033307577E1,-1.125274822E-1,4.836287498E-1,-3.277662039E0
3.033807577E1,3.591302410E-2,9.337386489E-2,-4.187458992E0
3.034307574E1,2.154781483E-2,-4.070143029E-2,-5.320215225E0
3.034807571E1,9.337386489E-2,-2.561795712E-1,-6.742371082E0
3.035307567E1,1.675941199E-1,-3.878606856E-1,-8.746317863E0
3.035807567E1,6.464344859E-1,-9.528923035E-1,-1.095616627E1
3.036307570E1,6.320692301E-1,-1.201889277E0,-1.101602173E1
3.036807574E1,1.891419291E-1,-1.745373011E0,-1.176540661E1
3.037307577E1,-1.173158810E-1,-1.841141105E0,-1.238311005E1
3.037807577E1,-9.672574997E-1,-1.525106430E0,-1.333360863E1
3.038307577E1,-1.886630893E0,-7.972691655E-1,-1.324741745E1
3.038807574E1,-2.422932148E0,3.423708379E-1,-1.090588760E1
3.039307574E1,-2.398990154E0,1.400607944E0,-7.834127426E0
3.039807574E1,-1.920149803E0,2.202665567E0,-5.305850029E0
3.040307577E1,-1.673547029E0,2.523488522E0,-4.290409565E0
3.040807577E1,-1.371877551E0,3.361459255E0,-3.629609823E0
3.041307577E1,-1.297657371E0,4.548983097E0,-4.053383350E0
3.041807577E1,-1.410184860E0,7.357681274E0,-6.522104740E0
3.042307577E1,-1.977610588E0,9.009679794E0,-6.730400085E0
3.042807510E1,-2.085349798E0,8.901941299E0,-4.364629745E0
3.043307417E1,-1.752555609E0,7.779060364E0,-2.530671120E0
3.043807373E1,-1.235408068E0,6.332962990E0,-1.276109457E0
3.044307307E1,-7.805097699E-1,4.817133904E0,-4.501099288E-1
3.044807220E1,-3.734954596E-1,3.380612850E0,6.464344263E-2
3.045307157E1,-1.149216816E-1,2.427720547E0,9.576806426E-2
3.045807090E1,3.782838583E-1,1.424550056E0,-2.777273953E-1
3.046307000E1,6.200982332E-1,1.132457376E0,-2.370259613E-1
3.046806906E1,6.584054828E-1,9.385270476E-1,7.422025502E-2
3.047306816E1,7.278373241E-1,8.858546019E-1,2.944868207E-1
3.047806870E1,1.043871999E0,8.571242094E-1,6.464344859E-1
3.048306806E1,1.149216771E0,5.123591423E-1,4.764461517E-1
3.048806806E1,1.309628367E0,2.513911724E-1,1.891419291E-1
3.049306740E1,1.168370485E0,-2.394201756E-1,-3.232172430E-1
3.049806740E1,1.237802267E0,-2.633621991E-1,-8.379706144E-1
3.050306700E1,1.185129881E0,-1.340752989E-1,-1.225831270E0
3.050806700E1,1.134851575E0,-2.322375625E-1,-2.272097349E0
3.051306696E1,1.194706678E0,-4.118026793E-1,-2.882618904E0
3.051806630E1,2.087743998E0,-1.532289028E0,-4.223371983E0
3.052306630E1,3.174711466E0,-2.863465309E0,-5.727229595E0
3.052806566E1,4.467580318E0,-4.326322556E0,-7.551611423E0
3.053306523E1,5.832574844E0,-6.268319130E0,-9.945813179E0
3.053806523E1,7.077559471E0,-7.901165009E0,-1.237113953E1
3.054306519E1,7.975385189E0,-9.735123634E0,-1.541207504E1
3.054806516E1,1.072871685E1,-1.457619953E1,-1.793316841E1
3.055306513E1,1.304630470E1,-1.940081406E1,-1.887169647E1
3.055806513E1,1.766741371E1,-3.091004181E1,-2.088521957E1
3.056306513E1,2.212302208E1,-3.842095184E1,-2.308788490E1
3.056806516E1,2.791489601E1,-5.142176437E1,-2.400007629E1
3.057306519E1,3.319650269E1,-5.999091339E1,-2.195782280E1
3.057806589E1,3.544735336E1,-6.578278351E1,-1.933856583E1
3.058306679E1,3.477458191E1,-6.699903870E1,-1.538334465E1
3.058806746E1,3.050302696E1,-6.610839844E1,-1.004636955E1
3.059306809E1,2.832909203E1,-6.494960785E1,-7.355287075E0
3.059806899E1,2.495566177E1,-6.171473694E1,-3.476380825E0
3.060306966E1,2.245581627E1,-5.887521362E1,-1.812410712E0
3.060807036E1,1.889803314E1,-5.311925507E1,-2.442085743E-1
3.061307126E1,1.713350677E1,-4.949443436E1,2.968810201E-1
3.061807216E1,1.475845814E1,-4.390846252E1,7.733271718E-1
3.062307302E1,1.269675064E1,-3.970424271E1,1.079784989E0
3.062807246E1,1.050366211E1,-3.613209534E1,8.188169599E-1
3.063307309E1,8.897152901E0,-3.312467957E1,4.309563041E-1
3.063807309E1,7.391200066E0,-2.993560219E1,6.943184882E-2
3.064307379E1,6.838139534E0,-2.841528320E1,1.388636976E-1
3.064807382E1,7.577947617E0,-1.654213715E1,3.931279182E0
3.065307426E1,8.703222275E0,-1.167682076E1,5.827906036E1
3.065807426E1,2.116055298E1,-8.399158478E0,7.779958344E1
3.066307426E1,2.090916252E1,-1.212932491E1,7.761283875E1
3.066807489E1,1.518941402E1,-1.545277596E1,5.754882812E1
3.067307489E1,1.023551178E1,-1.877113914E1,3.561973572E1
3.067807542E1,5.897218227E0,-1.987247276E1,1.220833397E1
3.068307589E1,3.888183594E0,-1.863467026E1,3.995922565E0
3.068807592E1,2.387019157E0,-1.544798756E1,-3.974374831E-1
3.069307592E1,1.900996208E0,-1.365443134E1,-1.012747288E0
3.069807592E1,1.228225470E0,-1.124347019E1,-9.026140571E-1
3.070307592E1,9.145850539E-1,-9.862015724E0,-5.482721925E-1
3.070807592E1,3.423708379E-1,-7.503727436E0,9.289502501E-1
3.071307592E1,-9.792284966E-1,-5.286696434E0,5.320215225E0
3.071807589E1,-6.615478516E0,-1.204283476E0,2.399049950E1
3.072307589E1,-1.557009220E1,4.426878929E0,5.715617752E1
3.072807589E1,-1.245972538E1,4.857835293E0,5.065083313E1
3.073307592E1,-5.415983677E0,1.240196466E0,2.609530258E1
3.073807592E1,-6.847416759E-1,-1.841141105E0,5.554847240E0
3.074307592E1,2.346317619E-1,-2.377442360E0,1.175553083E0
3.074807589E1,6.033388376E-1,-2.183511972E0,-5.674257874E-1
3.075307585E1,5.961562395E-1,-1.776497602E0,-6.703764796E-1
3.075807582E1,5.267243981E-1,-1.180341482E0,-6.057330370E-1
3.076307582E1,5.578489900E-1,-8.571242094E-1,-4.764461517E-1
3.076807585E1,5.291185975E-1,-6.488286853E-1,-3.974374831E-1
3.077307588E1,5.051765442E-1,-4.908113480E-1,-3.303998411E-1
3.077807592E1,4.118026793E-1,-3.974374831E-1,-3.758896589E-1
3.078307592E1,3.136404157E-1,6.703764945E-2,-4.836287498E-1
3.078807592E1,3.423708379E-1,8.906430602E-1,-1.795651317E-1
3.079307588E1,3.351882398E-1,1.233013868E0,3.519476354E-1
3.079807588E1,3.830722570E-1,1.347935557E0,1.522712231E0
3.080307588E1,5.961562395E-1,9.504981041E-1,2.487575531E0
3.080807592E1,9.911994934E-1,6.224924326E-2,3.148375273E0
3.081307595E1,1.302445769E0,-1.474828243E0,3.490746021E0
3.081807595E1,1.240196466E0,-2.633621931E0,3.701435804E0
3.082307591E1,1.079784989E0,-3.380612850E0,3.739742994E0
3.082807601E1,9.050082564E-1,-4.266467571E0,4.283226967E0
3.083307598E1,9.002198577E-1,-5.064035892E0,5.056853294E0
3.083807595E1,1.051054597E0,-7.106289864E0,6.993762493E0
3.084307595E1,1.168370485E0,-8.789413452E0,8.506897926E0
3.084807598E1,1.448492050E0,-1.233762074E1,1.100405025E1
3.085307601E1,1.896207690E0,-1.471536255E1,1.177737713E1
3.085807604E1,3.069366693E0,-1.947024727E1,1.209101772E1
3.086307605E1,5.174169064E0,-2.450555229E1,1.201200962E1
3.086807605E1,8.629002571E0,-3.080230331E1,1.081969643E1
3.087307601E1,1.412608910E1,-3.814322281E1,8.025663376E0
3.087807601E1,2.135927200E1,-4.760301590E1,3.809175014E0
3.088307601E1,2.485989380E1,-5.266196442E1,2.442085743E0
3.088807604E1,2.749591064E1,-5.907632828E1,2.595314741E0
3.089307604E1,2.787898254E1,-6.168840408E1,2.221819162E0
3.089807604E1,2.693327332E1,-6.442048645E1,-1.915361360E-2
3.090307604E1,2.336082458E1,-6.459286499E1,-1.709460020E0
3.090807604E1,1.775360489E1,-6.022554398E1,-2.420537949E0
3.091307604E1,1.027381897E1,-5.157260132E1,-3.040636063E0
3.091807601E1,3.730166197E0,-4.253419113E1,-4.065354347E0
3.092307601E1,9.074024558E-1,-3.463332367E1,-4.352658749E0
3.092807601E1,4.501099288E-1,-2.729719162E1,-2.985569477E0
3.093307604E1,7.134721279E-1,-2.381093407E1,-2.291250944E0
3.093807608E1,1.010353088E0,-1.898661804E1,-1.458068848E0
3.094307608E1,1.343147159E0,-1.663551140E1,-1.130063176E0
3.094807604E1,1.326387763E0,-1.344613647E1,-1.034295082E0
3.095307601E1,1.252167463E0,-1.147331429E1,-1.168370485E0
3.095807601E1,1.259350061E0,-1.002242756E1,-1.283292055E0
3.096307601E1,1.407790542E0,-8.870816231E0,-1.731007814E0
3.096807604E1,1.618480325E0,-7.968202591E0,-2.365471363E0
3.097307604E1,1.800439715E0,-7.139808655E0,-3.083731890E0
3.097807604E1,2.190694571E0,-6.230011940E0,-4.091690540E0
3.098307604E1,2.322375536E0,-5.708076000E0,-4.613626480E0
3.098807604E1,2.576161146E0,-5.004180908E0,-5.229235649E0
3.099307604E1,2.650381327E0,-4.637568474E0,-5.554847240E0
3.099807601E1,2.588132143E0,-4.046200752E0,-5.904400826E0
3.100307601E1,2.511517525E0,-3.562572241E0,-6.007351398E0
3.100807601E1,2.329558372E0,-3.160346270E0,-5.981015205E0
3.101307604E1,2.116474390E0,-2.621650934E0,-5.688922405E0
3.101807604E1,1.853112102E0,-2.006340981E0,-5.178957462E0
3.102307604E1,1.601720929E0,-1.568202138E0,-4.944325924E0
3.102807601E1,1.249773264E0,-1.003170490E0,-4.362235546E0
3.103307597E1,1.034295082E0,-7.589619160E-1,-4.010287762E0
3.103807594E1,8.331822157E-1,-3.519476354E-1,-3.406949043E0
3.104307594E1,6.823474765E-1,-1.556231081E-1,-2.959233284E0
3.104807597E1,6.991068721E-1,8.140286058E-2,-2.841917515E0
3.105307600E1,7.685387731E-1,2.082955539E-1,-3.007117271E0
3.105807604E1,6.560112834E-1,-2.226607651E-1,-3.960009575E0
3.106307607E1,8.834604025E-1,-6.895300746E-1,-5.303455830E0
3.106807607E1,1.738190413E0,-1.465251446E0,-7.922712803E0
3.107307604E1,2.355894566E0,-2.118868589E0,-1.064252567E1
3.107807600E1,2.947262287E0,-2.839523315E0,-1.439902782E1
3.108307600E1,3.028665066E0,-3.021482468E0,-1.536419106E1
3.108807600E1,2.770091295E0,-3.610456228E0,-1.652298355E1
3.109307604E1,2.209848166E0,-3.739742994E0,-1.736334991E1
3.109807604E1,1.647210717E0,-3.294421434E0,-1.714547729E1
3.110307604E1,1.254561663E0,-2.197877169E0,-1.609681702E1
3.110807600E1,2.873041928E-1,-8.667010069E-1,-1.379329491E1
3.111307597E1,-6.536170840E-1,4.213795066E-1,-1.082687950E1
3.111807593E1,-1.505952835E0,1.826775908E0,-6.761524677E0
3.112307593E1,-1.850717902E0,2.454056740E0,-4.970662117E0
3.112807597E1,-1.891419291E0,2.956839085E0,-3.002328873E0
3.113307600E1,-1.766920805E0,3.153163671E0,-2.312798738E0
3.113807603E1,-1.422155857E0,4.055777550E0,-2.154781580E0
3.114307603E1,-1.403002143E0,7.130231857E0,-4.973056316E0
3.114807603E1,-2.391807556E0,1.140388203E1,-7.779060364E0
3.115307600E1,-3.871424198E0,1.323784065E1,-5.992986202E0
3.115807600E1,-3.971980572E0,1.214847851E1,-3.236960649E0
3.116307600E1,-3.517082214E0,1.033606815E1,-1.611297727E0
3.116807603E1,-2.748543501E0,7.786243439E0,-3.327940404E-1
3.117307603E1,-2.097320795E0,5.899612427E0,4.237737060E-1
3.117807603E1,-6.344634295E-1,2.784456491E0,9.600749016E-1
3.118307603E1,-1.292868853E-1,1.709460020E0,5.626373887E-1
3.118807603E1,-2.298433632E-1,1.043871999E0,2.202665508E-1
3.119307603E1,-4.525041282E-1,7.493851185E-1,7.661445439E-2
3.119807600E1,-1.053448766E-1,4.357447028E-1,2.106897533E-1
3.120307596E1,1.939303428E-1,-1.197100803E-2,1.149216816E-1
3.120807596E1,5.841852427E-1,-7.924807668E-1,-9.097966552E-2
3.121307596E1,7.589619160E-1,-1.139639974E0,-2.226607651E-1
3.121807600E1,1.130063176E0,-1.493981838E0,-5.913678408E-1
3.122307600E1,1.264138460E0,-1.637633920E0,-8.571242094E-1
3.122807600E1,1.307234168E0,-1.735796213E0,-1.201889277E0
3.123307596E1,1.309628367E0,-1.721431017E0,-1.393425345E0
3.123807596E1,1.434126854E0,-1.889025092E0,-2.059013367E0
3.124307596E1,1.795651317E0,-2.193088770E0,-2.990357876E0
3.124807600E1,2.691082716E0,-2.803610086E0,-4.180276394E0
3.125307600E1,3.746925592E0,-3.689464808E0,-5.401618481E0
3.125807600E1,4.908412933E0,-5.214870453E0,-7.115866661E0
3.126307600E1,5.638644218E0,-6.139032364E0,-7.972990990E0
3.126807600E1,6.941090107E0,-7.621043205E0,-9.715970039E0
3.127307600E1,7.685686588E0,-8.547599792E0,-1.090588760E1
3.127807596E1,9.689633369E0,-1.057309437E1,-1.261055946E1
3.128307596E1,1.168160915E1,-1.406383991E1,-1.381963158E1
3.128807596E1,1.509604073E1,-2.065058899E1,-1.554615021E1
3.129307599E1,1.961868668E1,-2.875765419E1,-1.648946571E1
3.129807599E1,2.441906166E1,-3.808576202E1,-1.772487450E1
3.130307599E1,2.729479790E1,-4.718642426E1,-1.960192871E1
3.130807596E1,3.274160767E1,-5.722082138E1,-1.796668816E1
3.131307593E1,3.369449997E1,-5.954080200E1,-1.485422611E1
3.131807589E1,3.094834900E1,-5.936841965E1,-7.654561996E0
3.132307589E1,2.857330132E1,-5.887521362E1,-5.743988991E0
3.132807589E1,2.475694275E1,-5.748418427E1,-1.970427990E0
3.133307593E1,2.120125389E1,-5.536771011E1,-5.410895944E-1
3.133807596E1,1.758600998E1,-5.236986923E1,1.000776291E0
3.134307599E1,1.521096230E1,-4.888630676E1,1.386242747E0
3.134807599E1,1.362809563E1,-4.452407074E1,1.290474772E0
3.135307599E1,1.222269917E1,-4.006098175E1,1.510741234E0
3.135807596E1,9.545981407E0,-3.504991531E1,1.764526606E0
3.136307596E1,8.128614426E0,-3.266738510E1,1.405396342E0
3.136807596E1,6.962637901E0,-2.815670967E1,-4.908113480E-1
3.137307599E1,7.158962250E0,-2.271917915E1,-5.834969044E0
3.137807599E1,4.783615112E0,-2.074635696E1,-5.751171589E0
3.138307599E1,3.608062029E0,-2.364334106E1,-2.233790159E0
3.138807596E1,3.270479441E0,-2.515438080E1,1.443703651E0
3.139307592E1,2.331952572E0,-2.044708061E1,1.304869843E1
3.139807589E1,-5.267243832E-2,4.738125324E0,7.563522339E1
3.140307589E1,1.869871497E0,-4.429273009E-1,7.808209991E1
3.140807592E1,-1.745373011E0,-4.000710964E0,5.489605331E1
3.141307595E1,-3.447650433E0,-6.842927933E0,3.798760223E1
3.141807599E1,-3.809175014E0,-8.262689590E0,2.083733559E1
3.142307599E1,-3.610456228E0,-9.749488831E0,1.212693119E1
3.142807532E1,-2.999934673E0,-1.073350525E1,7.712022781E0
3.143307439E1,-2.092532396E0,-1.114291382E1,5.624279022E0
3.143807349E1,-1.740584612E0,-1.073589993E1,4.838681698E0
3.144307259E1,-2.770091295E0,-9.514857292E0,8.147768021E0
3.144807265E1,-1.109981823E1,-7.386411667E0,3.021332932E1
3.145307179E1,-1.564670658E1,-5.401618481E0,4.159087372E1
3.145807088E1,-1.141106415E1,-4.505887508E0,2.855893517E1
3.146307022E1,-6.505345345E0,-5.078401089E0,1.596513557E1
3.146806932E1,-2.238578558E0,-5.535693645E0,4.632780075E0
3.147306842E1,-1.604115129E0,-5.226841450E0,2.458845139E0
3.147806752E1,-1.115697980E0,-4.496310711E0,1.362300754E0
3.148306748E1,-9.026140571E-1,-3.823540211E0,9.552865028E-1
3.148806682E1,-6.296750307E-1,-3.172317266E0,6.416460276E-1
3.149306592E1,-5.219359994E-1,-2.679111719E0,4.381389022E-1
3.149806528E1,-4.572925270E-1,-2.018311977E0,3.040636182E-1
3.150306528E1,-4.070142806E-1,-1.635239720E0,3.758896589E-1
3.150806528E1,-4.213795066E-1,-9.600749016E-1,5.602431893E-1
3.151306525E1,-5.267243981E-1,-5.315127969E-1,9.504981041E-1
3.151806455E1,-8.307880163E-1,3.974374831E-1,3.002328873E0
3.152306452E1,-1.319205165E0,1.587355733E0,6.883629322E0
3.152806452E1,-2.190694571E0,2.449268341E0,1.159302425E1
3.153306455E1,-2.882618904E0,2.049436569E0,1.296490192E1
3.153806368E1,-2.724601507E0,6.631938815E-1,1.053718090E1
3.154306371E1,-2.252943754E0,-9.504981041E-1,6.938695908E0
3.154806371E1,-1.829170108E0,-2.901772499E0,3.155557871E0
3.155306371E1,-1.742978811E0,-3.670311213E0,1.350329757E0
3.155806368E1,-1.599326730E0,-4.790797710E0,-3.591302633E-1
3.156306365E1,-1.450886250E0,-5.540482044E0,-8.283938169E-1
3.156806365E1,-1.292868972E0,-7.137414455E0,-1.010353088E0
3.157306368E1,-8.379706144E-1,-9.031228065E0,-6.655880809E-1
3.157806438E1,-4.213795066E-1,-1.118840408E1,-3.830722719E-2
3.158306528E1,-2.202665508E-1,-1.362570095E1,1.094150186E0
3.158806615E1,-2.298433632E-1,-1.640566826E1,3.136404276E0
3.159306701E1,-2.705447972E-1,-1.981022263E1,5.700893402E0
3.159806694E1,1.675941199E-1,-2.474497223E1,9.514857292E0
3.160306781E1,1.185129881E0,-2.831472778E1,1.174864674E1
3.160806871E1,4.757278919E0,-3.525821304E1,1.296969032E1
3.161306941E1,8.037634850E0,-3.978564835E1,1.165287876E1
3.161807034E1,1.377653599E1,-4.826620865E1,7.853281021E0
3.162307061E1,1.837130737E1,-5.496308899E1,5.238812447E0
3.162807151E1,2.148137665E1,-5.995260620E1,2.564189911E0
3.163307151E1,2.354517746E1,-6.281367874E1,-1.843535304E-1
3.163807214E1,2.445018578E1,-6.410445404E1,-3.986345768E0
3.164307304E1,2.427540970E1,-6.261735153E1,-6.139032364E0
3.164807371E1,2.176628685E1,-5.564783096E1,-6.744765282E0
3.165307374E1,1.799302483E1,-4.908981323E1,-5.880458832E0
3.165807374E1,1.193300056E1,-3.677374268E1,-3.454833031E0
3.166307374E1,8.854057312E0,-2.955731773E1,-1.896207690E0
3.166807441E1,6.668150902E0,-2.434723473E1,-8.092401624E-1
3.167307441E1,5.346551895E0,-2.019569016E1,-1.053448766E-1
3.167807441E1,4.508281708E0,-1.669536781E1,3.088520169E-1
3.168307437E1,3.983951569E0,-1.383639050E1,5.386953950E-1
3.168807524E1,3.478775024E0,-1.110700130E1,5.339069963E-1
3.169307524E1,3.033453465E0,-9.902717590E0,1.963245422E-1
3.169807527E1,2.612074137E0,-8.274660110E0,-4.525041282E-1
3.170307531E1,2.298433542E0,-7.453449249E0,-8.140285611E-1
3.170807530E1,2.020706177E0,-6.531681538E0,-1.352723956E0
3.171307530E1,1.865083098E0,-5.947496414E0,-1.898601890E0
3.171807527E1,1.987187386E0,-5.456685066E0,-2.446874142E0
3.172307527E1,2.099714994E0,-4.985027313E0,-2.992752075E0
3.172807527E1,2.248155355E0,-4.465186119E0,-3.337517262E0
3.173307530E1,2.319981337E0,-3.914519787E0,-3.684676409E0
3.173807530E1,2.351106167E0,-3.327940464E0,-4.031835556E0
3.174307530E1,2.377442360E0,-3.050212860E0,-4.156333923E0
3.174807530E1,2.387019157E0,-2.568978310E0,-4.223371983E0
3.175307530E1,2.288856745E0,-2.260126352E0,-4.165910721E0
3.175807530E1,2.111685991E0,-1.680729628E0,-4.039018154E0
3.176307527E1,1.915361404E0,-1.180341482E0,-3.960009575E0
3.176807527E1,1.644816518E0,-7.374141216E-1,-3.778050184E0
3.177307594E1,1.441309452E0,-3.423708379E-1,-3.490746021E0
3.177807597E1,1.096544385E0,-5.027823523E-2,-3.083731890E0
3.178307597E1,9.983820915E-1,1.699883193E-1,-2.808398485E0
3.178807597E1,1.201889277E0,2.609679997E-1,-2.777273893E0
3.179307594E1,1.309628367E0,4.788403399E-3,-2.918531895E0
3.179807590E1,1.807622313E0,-4.716577232E-1,-3.916913986E0
3.180307587E1,2.458845139E0,-7.996633649E-1,-5.056853294E0
3.180807587E1,3.239354849E0,-1.098938584E0,-6.232406139E0
3.181307587E1,3.758896589E0,-1.702277422E0,-8.233959198E0
3.181807590E1,4.199429989E0,-1.886630893E0,-9.806949615E0
3.182307593E1,4.568136692E0,-2.609679937E0,-1.051563358E1
3.182807597E1,4.745307922E0,-3.603273630E0,-1.247409058E1
3.183307597E1,4.836287498E0,-4.304774761E0,-1.491408062E1
3.183807597E1,4.568136692E0,-4.321534157E0,-1.780148888E1
3.184307593E1,4.355052948E0,-3.883395195E0,-1.828990555E1
3.184807593E1,3.313575268E0,-2.997540474E0,-1.656608009E1
3.185307593E1,2.461239338E0,-2.078166962E0,-1.429368305E1
3.185807596E1,1.388636947E0,-4.165911078E-1,-9.926659584E0
3.186307597E1,6.560112834E-1,3.280056417E-1,-6.792649269E0
3.186807597E1,2.944868207E-1,8.188169599E-1,-4.537012100E0
3.187307593E1,9.816227108E-2,1.134851575E0,-3.160346270E0
3.187807590E1,7.182605267E-1,3.971980572E0,-5.827786446E0
3.188307586E1,5.650315881E-1,8.312967300E0,-9.232340813E0
3.188807586E1,-1.738190413E0,1.369034481E1,-7.479785442E0
3.189307590E1,-2.477998734E0,1.377653599E1,-5.016151905E0
3.189807593E1,-2.863465309E0,1.091546440E1,-2.327163935E0
3.190307596E1,-2.815581083E0,7.690474987E0,-9.313444495E-1
3.190807596E1,-2.123656988E0,4.079719543E0,-3.112462163E-2
3.191307596E1,-9.552865028E-1,1.383848548E0,1.005564705E-1
3.191807593E1,-3.782838583E-1,7.302315235E-1,4.429273009E-1
3.192307589E1,-8.619125932E-2,9.169792533E-1,5.722141862E-1
3.192807586E1,2.896983922E-1,1.151610970E0,9.050082564E-1
3.193307586E1,8.427590132E-1,1.355118155E0,1.223437071E0
3.193807586E1,1.278503656E0,1.254561663E0,1.355118155E0
3.194307589E1,8.403648138E-1,1.256955862E0,1.505952835E0
3.194807593E1,3.399766386E-1,1.089361787E0,1.113303781E0
3.195307596E1,2.681505978E-1,4.716577232E-1,2.442085743E-1
3.195807596E1,-2.873042040E-2,1.484405100E-1,-1.747767180E-1
3.196307596E1,-2.633621991E-1,1.771709323E-1,-4.572925270E-1
3.196807592E1,-3.543418646E-1,3.375824392E-1,-8.738836050E-1
3.197307593E1,-1.125274822E-1,2.825157940E-1,-1.453280449E0
3.197807593E1,1.891419291E-1,-8.858546615E-2,-1.922544003E0
3.198307596E1,3.519476354E-1,-3.734954596E-1,-2.197877169E0
3.198807596E1,5.746083856E-1,-8.379706144E-1,-2.832340717E0
3.199307596E1,7.924807668E-1,-1.386242747E0,-3.337517262E0
3.199807592E1,1.932120800E0,-2.698265314E0,-4.546588898E0
3.200307589E1,2.865859509E0,-4.520252705E0,-5.748777390E0
3.200807586E1,4.125209332E0,-7.271489620E0,-7.247547626E0
3.201307586E1,5.801449776E0,-1.054675770E1,-9.974543571E0
3.201807589E1,9.088688850E0,-1.555093861E1,-1.491408062E1
3.202307592E1,1.186356831E1,-2.329139328E1,-1.876635170E1
3.202807596E1,1.862748718E1,-3.628532410E1,-2.534112930E1
3.203307596E1,2.409584427E1,-4.469166565E1,-2.815910339E1
3.203807596E1,3.517680740E1,-5.716336060E1,-2.908566093E1
3.204307592E1,4.222055054E1,-6.454977417E1,-2.613121605E1
3.204807592E1,4.477067566E1,-6.767659760E1,-2.080860519E1
3.205307592E1,4.274727249E1,-6.698467255E1,-1.342458820E1
3.205807595E1,3.633081436E1,-6.491368866E1,-5.152621269E0
3.206307599E1,3.187251091E1,-6.243299866E1,-1.783680320E0
3.206807599E1,2.454385948E1,-5.697422028E1,2.245761156E0
3.207307599E1,2.086367226E1,-5.392610168E1,3.234566450E0
3.207807599E1,1.607048035E1,-4.900841141E1,3.354276657E0
3.208307599E1,1.372386360E1,-4.625028992E1,3.124433279E0
3.208807599E1,1.048211479E1,-4.169861221E1,2.906560898E0
3.209307595E1,8.650549889E0,-3.902189636E1,2.683900118E0
3.209807595E1,7.532457829E0,-3.485119629E1,2.296039343E0
3.210307595E1,6.751947880E0,-3.187969398E1,1.939303398E0
3.210807599E1,6.481403351E0,-2.932986832E1,2.032677174E0
3.211307599E1,8.293813705E0,-1.934574890E1,3.292835236E1
3.211807599E1,1.145655441E1,-4.797980309E0,7.641573334E1
3.212307595E1,1.968811989E1,-8.818143845E0,7.817787170E1
3.212807595E1,1.962108231E1,-1.633144760E1,7.339634705E1
3.213307595E1,1.813428307E1,-1.764107704E1,5.289659500E1
3.213807598E1,1.007031155E1,-1.980543518E1,2.089000893E1
3.214307598E1,5.059247494E0,-2.091634369E1,1.173158884E0
3.214807599E1,2.269703150E0,-1.990599060E1,-7.862857819E0
3.215307598E1,1.393425345E0,-1.796908188E1,-8.231564522E0
3.215807598E1,8.068459630E-1,-1.513913631E1,-4.932354927E0
3.216307598E1,5.482721925E-1,-1.311334229E1,-3.536235809E0
3.216807595E1,4.548983276E-2,-9.859622002E0,-2.355894566E0
3.217307595E1,-2.801215947E-1,-7.975385189E0,-2.288856745E0
3.217807595E1,-6.991068721E-1,-5.279513836E0,-2.080561161E0
3.218307598E1,-1.060631394E0,-4.110844135E0,-1.249773264E0
3.218807602E1,-1.891419291E0,-2.154781580E0,2.743755102E0
3.219307602E1,-7.714416981E0,2.916137695E0,2.522860146E1
3.219807592E1,-1.642961121E1,1.275181770E1,7.183532715E1
3.220307588E1,-9.237129211E0,1.199524975E1,5.968206024E1
3.220807588E1,-2.023100376E0,5.863699436E0,2.661244965E1
3.221307588E1,-4.141969085E-1,1.752555609E0,5.954679012E0
3.221807592E1,3.256114423E-1,5.027823448E-1,-5.746084079E-2
3.222307592E1,5.219359994E-1,5.027823448E-1,-5.219359994E-1
3.222807592E1,5.243301988E-1,5.865794420E-1,-6.416460276E-1
3.223307592E1,5.698199868E-1,6.368576288E-1,-8.547300100E-1
3.223807592E1,8.954314590E-1,8.116343617E-1,-1.213860273E0
3.224307592E1,9.648633003E-1,9.002198577E-1,-1.209071875E0
3.224807588E1,7.900865674E-1,8.834604025E-1,-9.744400978E-1
3.225307588E1,7.206547260E-1,8.092401624E-1,-7.422025204E-1
3.225807588E1,7.350199223E-1,4.908113480E-1,-5.937620401E-1
3.226307592E1,9.385270476E-1,2.346317619E-1,-2.633621991E-1
3.226807592E1,2.066195965E0,2.873041928E-1,2.875436306E0
3.227307592E1,3.148375273E0,3.471592367E-1,5.777507782E0
3.227807588E1,4.204218388E0,-3.639186621E-1,7.235576630E0
3.228307585E1,3.732560396E0,-1.467645645E0,4.987421513E0
3.228807581E1,2.892195702E0,-2.305616140E0,2.580949545E0
3.229307581E1,2.590526342E0,-2.738966703E0,7.254431248E-1
3.229807585E1,2.305616140E0,-3.165134668E0,7.661445439E-2
3.230307588E1,2.018311977E0,-3.744531393E0,2.466027737E-1
3.230807591E1,1.970427990E0,-5.006575108E0,1.192312479E0
3.231307594E1,2.020706177E0,-6.227617741E0,1.865083098E0
3.231807595E1,2.636016130E0,-9.457395554E0,3.179499865E0
3.232307591E1,3.531447411E0,-1.201200962E1,3.440467834E0
3.232807588E1,7.127837658E0,-1.781345940E1,2.932897091E0
3.233307588E1,1.173667622E1,-2.352363014E1,1.668758631E0
3.233807588E1,1.671930885E1,-2.964590263E1,3.950432837E-1
3.234307591E1,2.200091743E1,-3.616800690E1,4.022258818E-1
3.234807598E1,2.799151039E1,-4.457913971E1,6.155791759E0
3.235307598E1,2.907847786E1,-5.846580505E1,4.360918808E1
3.235807594E1,3.540665054E1,-6.640288544E1,2.557575989E1
3.236307591E1,3.811688995E1,-6.660878754E1,1.294574833E1
3.236807587E1,3.834194183E1,-6.448033905E1,2.626439333E0
3.237307587E1,3.442981720E1,-5.944024658E1,-7.541735172E-1
3.237807591E1,2.383727074E1,-4.722233582E1,-3.454833031E0
3.238307594E1,1.633863068E1,-3.825814438E1,-4.400542736E0
3.238807597E1,1.126262379E1,-3.165224457E1,-4.067748547E0
3.239307597E1,8.176498413E0,-2.713438606E1,-3.873818398E0
3.239807597E1,5.799055576E0,-2.322196007E1,-4.527435303E0
3.240307594E1,4.733336926E0,-2.111266899E1,-5.052064896E0
3.240807594E1,3.196259260E0,-1.795471764E1,-5.521328449E0
3.241307594E1,2.497152328E0,-1.611357689E1,-5.681739807E0
3.241807597E1,1.592144132E0,-1.369034481E1,-5.916371822E0
3.242307531E1,1.249773264E0,-1.246211910E1,-5.935525417E0
3.242807464E1,5.698199868E-1,-1.066167927E1,-5.727229595E0
3.243307374E1,3.830722719E-2,-9.574711800E0,-5.540482044E0
3.243807374E1,-3.854664862E-1,-8.629002571E0,-5.404012680E0
3.244307374E1,-7.900865674E-1,-7.810185432E0,-5.169380665E0
3.244807370E1,-9.576807022E-1,-7.127837658E0,-4.860229492E0
3.245307300E1,-1.161187768E0,-6.426336765E0,-4.659116745E0
3.245807210E1,-1.465251446E0,-5.356128693E0,-4.235342979E0
3.246307120E1,-1.434126854E0,-4.613626480E0,-3.952826977E0
3.246807034E1,-1.170764685E0,-3.497928619E0,-3.550601006E0
3.247306944E1,-1.029506683E0,-2.937685490E0,-3.454833031E0
3.247806854E1,-8.020575643E-1,-2.238578558E0,-3.399766445E0
3.248306784E1,-6.105214357E-1,-1.683123827E0,-3.296815634E0
3.248806780E1,-3.830722570E-1,-1.165976286E0,-3.141192675E0
3.249306737E1,-1.843535304E-1,-6.464344859E-1,-3.007117271E0
3.249806737E1,-2.537853718E-1,-1.867477298E-1,-2.956839085E0
3.250306740E1,-3.160346150E-1,4.070143029E-2,-3.045424461E0
3.250806744E1,-3.711012602E-1,2.920926213E-1,-3.107673883E0
3.251306680E1,-3.806780577E-1,4.453215301E-1,-3.143586874E0
3.251806680E1,-4.141969085E-1,7.613561153E-1,-3.270479441E0
3.252306680E1,-5.937620401E-1,1.019929886E0,-3.335123062E0
3.252806587E1,-8.403648138E-1,8.547300100E-1,-3.119644880E0
3.253306587E1,-1.029506683E0,5.147533417E-1,-2.983175278E0
3.253806587E1,-8.690952063E-1,3.327940404E-1,-2.964021683E0
3.254306590E1,-1.242590666E0,-2.154781483E-2,-3.385401249E0
3.254806590E1,-1.929726601E0,-4.357447028E-1,-4.740519524E0
3.255306590E1,-2.360682964E0,-7.637503147E-1,-5.947496414E0
3.255806587E1,-2.853888512E0,-1.359906554E0,-8.569147110E0
3.256306583E1,-3.184288263E0,-1.608903527E0,-1.035043335E1
3.256806580E1,-3.672705412E0,-1.644816518E0,-1.255788708E1
3.257306646E1,-3.892971992E0,-1.611297727E0,-1.341261673E1
3.257806713E1,-4.299986362E0,-1.537077546E0,-1.308221722E1
3.258306806E1,-4.477157116E0,-9.433154464E-1,-1.080054283E1
3.258806720E1,-3.988739967E0,-1.149216816E-1,-7.843704224E0
3.259306723E1,-3.205836058E0,5.865794420E-1,-5.415983677E0
3.259806723E1,-2.322375536E0,1.161187768E0,-3.622427225E0
3.260306790E1,-1.838746905E0,1.343147159E0,-3.090914488E0
3.260806876E1,-1.441309452E0,2.554613113E0,-3.845088005E0
3.261306966E1,-1.563413739E0,4.809951305E0,-7.137414455E0
3.261806989E1,-3.294421434E0,8.983344078E0,-9.227552414E0
3.262307083E1,-3.375824451E0,9.423876762E0,-6.203675747E0
3.262807173E1,-2.260126352E0,7.676109791E0,-3.129221678E0
3.263307239E1,-1.223437071E0,5.490203857E0,-1.379060149E0
3.263807239E1,-4.812345505E-1,3.778050184E0,7.661445439E-2
3.264307279E1,-1.412578970E-1,2.506729126E0,5.937620401E-1
3.264807279E1,2.370259613E-1,1.537077546E0,9.648633003E-1
3.265307276E1,4.692635238E-1,1.149216771E0,9.481038451E-1
3.265807276E1,5.363011956E-1,8.978256583E-1,4.596867263E-1
3.266307342E1,4.189853072E-1,8.451532125E-1,1.675941236E-2
3.266807346E1,6.751648784E-1,6.943184733E-1,-2.394201756E-1
3.267307346E1,7.900865674E-1,6.272808313E-1,-6.512228847E-1
3.267807436E1,4.572925270E-1,3.471592367E-1,-1.010353088E0
3.268307432E1,2.322375625E-1,-1.939303428E-1,-7.781155705E-1
3.268807429E1,-2.298433632E-1,-9.504981041E-1,3.711012602E-1
3.269307426E1,-4.309563041E-1,-6.631938815E-1,-1.340752989E-1
3.269807426E1,-5.674257874E-1,-2.992752194E-1,-8.451532125E-1
3.270307426E1,-6.943184733E-1,-2.537853718E-1,-1.173158884E0
3.270807429E1,-6.919242740E-1,-5.578489900E-1,-1.608903527E0
3.271307432E1,-7.589619160E-1,-7.900865674E-1,-2.080561161E0
3.271807436E1,-5.722141862E-1,-1.841141105E0,-2.899378300E0
3.272307436E1,-8.140286058E-2,-3.102885485E0,-4.027047157E0
3.272807436E1,5.291185975E-1,-4.702212334E0,-5.904400826E0
3.273307432E1,1.103726983E0,-6.866869926E0,-8.154950142E0
3.273807522E1,2.456450939E0,-9.778219223E0,-1.074308205E1
3.274307522E1,3.007117271E0,-1.221312237E1,-1.202876854E1
3.274807525E1,4.309563160E0,-1.945827484E1,-1.506252098E1
3.275307525E1,6.220435143E0,-2.549196243E1,-1.758840370E1
3.275807525E1,1.082448483E1,-3.699161148E1,-2.243666267E1
3.276307522E1,1.644876480E1,-4.608509064E1,-2.573856544E1
3.276807585E1,2.512086296E1,-5.390455246E1,-2.662202644E1
3.277307582E1,2.926762009E1,-5.902605057E1,-2.377741623E1
3.277807582E1,3.386688232E1,-6.173149872E1,-1.979825211E1
3.278307585E1,3.610336304E1,-6.115209961E1,-1.373344040E1
3.278807589E1,3.354605865E1,-6.004597855E1,-7.654561996E0
3.279307592E1,3.108003044E1,-5.864297867E1,-3.957615376E0
3.279807592E1,2.500593948E1,-5.445312500E1,8.355764151E-1
3.280307592E1,2.040637970E1,-5.088785934E1,2.851494312E0
3.280807588E1,1.653974342E1,-4.488559723E1,4.213795185E0
3.281307585E1,1.327614784E1,-4.037940979E1,4.230554581E0
3.281807585E1,1.046296024E1,-3.648883057E1,4.015076160E0
3.282307588E1,8.253112793E0,-3.310791779E1,3.605667830E0
3.282807592E1,5.375282288E0,-2.762519646E1,1.948880196E0
3.283307592E1,1.024718285E0,-2.139997292E1,4.003105164E0
3.283807592E1,-1.029506683E0,-2.292029190E1,9.538799286E0
3.284307592E1,1.163581967E0,-2.503945923E1,1.178934860E1
3.284807592E1,3.787626982E0,-1.847665215E1,4.280952454E1
3.285307592E1,1.860294700E0,-1.867477298E0,7.376535797E1
3.285807588E1,1.164090824E1,-7.024887085E0,7.827603149E1
3.286307588E1,1.137515163E1,-1.397046661E1,5.953841019E1
3.286807588E1,7.982567787E0,-1.855326843E1,3.311510086E1
3.287307592E1,6.174945354E0,-1.971445465E1,1.033127975E1
3.287807592E1,1.872265697E0,-1.857960320E1,-7.247547626E0
3.288307592E1,2.944868207E-1,-1.754051971E1,-1.091307068E1
3.288807588E1,4.548983276E-2,-1.595316410E1,-8.971372604E0
3.289307585E1,4.381389022E-1,-1.490450382E1,-6.218040943E0
3.289807581E1,6.847416759E-1,-1.251479149E1,-3.366247654E0
3.290307581E1,5.650315881E-1,-1.034803867E1,-2.195482969E0
3.290807585E1,2.753331959E-1,-8.394370079E0,-1.343147159E0
3.291307588E1,9.576806799E-3,-6.598719120E0,-8.738836050E-1
3.291807591E1,-4.572925270E-1,-3.143586874E0,-9.864110947E-1
3.292307591E1,-1.453280449E0,-7.709329724E-1,2.928108692E0
3.292807591E1,-1.005594635E1,7.362469673E0,4.313034821E1
3.293307588E1,-1.274702930E1,1.418833828E1,7.303721619E1
3.293807584E1,-2.803610086E0,1.118600941E1,5.603569412E1
3.294307584E1,2.681505978E-1,5.791872978E0,2.997151375E1
3.294807588E1,1.151610970E0,8.140286058E-2,4.204218388E0
3.295307591E1,1.189918280E0,-7.924807668E-1,-5.243301988E-1
3.295807591E1,1.173158884E0,-7.110779285E-1,-1.395819545E0
3.296307591E1,1.259350061E0,-5.841852427E-1,-9.911994934E-1
3.296807588E1,1.345541358E0,-4.309563041E-1,-7.493851185E-1
3.297307584E1,1.503558636E0,-2.992752194E-1,-6.440402865E-1
3.297807581E1,1.886630893E0,-1.556231081E-1,-6.584054828E-1
3.298307581E1,2.147598982E0,-9.576806426E-2,-3.375824392E-1
3.298807584E1,4.228160381E0,3.160346150E-1,4.256890774E0
3.299307587E1,6.232406139E0,5.051765442E-1,9.481337547E0
3.299807591E1,8.770259857E0,2.968810201E-1,1.617103767E1
3.300307591E1,7.762300968E0,-6.560112834E-1,1.192342377E1
3.300807591E1,5.741594791E0,-1.663970232E0,5.155015469E0
3.301307587E1,4.458003521E0,-2.355894566E0,4.692635238E-1
3.301807587E1,3.617638826E0,-2.849100113E0,-1.654393315E0
3.302307587E1,3.368641853E0,-3.253720045E0,-2.353500366E0
3.302807591E1,3.191470861E0,-3.881000996E0,-2.466027737E0
3.303307591E1,3.256114244E0,-4.450820923E0,-2.102109194E0
3.303807591E1,3.385401249E0,-5.791872978E0,-8.786720037E-1
3.304307591E1,4.024652958E0,-7.395988464E0,8.882488012E-1
3.304807591E1,5.073612690E0,-9.775824547E0,3.040636063E0
3.305307591E1,6.584353924E0,-1.298405552E1,4.529829502E0
3.305807587E1,8.437465668E0,-1.674085617E1,5.004180908E0
3.306307584E1,1.042704773E1,-2.104084396E1,5.626673222E0
3.306807584E1,1.315643787E1,-2.767308044E1,8.818143845E0
3.307307587E1,1.480634212E1,-3.279188538E1,1.439902782E1
3.307807590E1,1.568022537E1,-4.383184814E1,2.523338890E1
3.308307590E1,1.827075195E1,-4.878335571E1,2.082057571E1
3.308807590E1,2.401444244E1,-5.622243881E1,1.319235039E1
3.309307587E1,2.714396286E1,-5.948094940E1,8.784625053E0
3.309807584E1,2.996912003E1,-6.207147598E1,4.261679053E-1
3.310307580E1,2.977758408E1,-5.917927933E1,-5.025728703E0
3.310807580E1,2.708171272E1,-5.081124496E1,-5.959467411E0
3.311307584E1,2.190514946E1,-4.196676636E1,-5.736806393E0
3.311807587E1,1.461450672E1,-3.366816330E1,-6.431125164E0
3.312307590E1,1.115727901E1,-2.947112656E1,-6.347328186E0
3.312807590E1,6.917148113E0,-2.409584427E1,-6.728005886E0
3.313307590E1,5.260360241E0,-2.157714462E1,-6.732794285E0
3.313807587E1,3.500322819E0,-1.841440392E1,-6.139032364E0
3.314307587E1,2.940079689E0,-1.636496735E1,-5.413589478E0
3.314807587E1,2.612074137E0,-1.463605404E1,-5.236418247E0
3.315307590E1,2.389413357E0,-1.317559147E1,-5.078401089E0
3.315807590E1,2.286462545E0,-1.195694256E1,-4.903624535E0
3.316307590E1,1.786074519E0,-1.086518669E1,-4.896441936E0
3.316807587E1,7.613561153E-1,-9.447818756E0,-4.690241337E0
3.317307623E1,3.687070608E-1,-8.494926453E0,-4.627991676E0
3.317807620E1,-2.322375625E-1,-7.142202854E0,-4.256890774E0
3.318307620E1,-5.889736414E-1,-6.364087582E0,-4.036623955E0
3.318807620E1,-9.289502501E-1,-5.205293655E0,-3.809175014E0
3.319307623E1,-9.864110947E-1,-4.532223701E0,-3.629609823E0
3.319807626E1,-9.145850539E-1,-3.821146011E0,-3.608062029E0
3.320307630E1,-8.547300100E-1,-3.028665066E0,-3.509899616E0
3.320807630E1,-3.567360640E-1,-2.240972757E0,-3.447650433E0
3.321307630E1,-2.346317619E-1,-1.640028119E0,-3.445256233E0
3.321807626E1,-9.816227108E-2,-1.036689281E0,-3.315969467E0
3.322307626E1,-4.070143029E-2,-7.445967197E-1,-3.268085241E0
3.322807626E1,1.029506698E-1,-3.136404157E-1,-3.217807055E0
3.323307630E1,1.891419291E-1,2.154781483E-2,-3.148375273E0
3.323807630E1,1.651999205E-1,5.243301988E-1,-3.026270866E0
3.324307630E1,2.154781483E-2,7.709329724E-1,-2.937685490E0
3.324807630E1,4.788403399E-3,9.097966552E-1,-2.717418909E0
3.325307630E1,4.548983276E-2,1.024718285E0,-2.521094322E0
3.325807630E1,2.059013397E-1,1.125274777E0,-1.968033791E0
3.326307626E1,2.226607651E-1,1.142034173E0,-1.575384736E0
3.326807626E1,-2.873042040E-2,1.065419793E0,-1.144428372E0
3.327307626E1,-1.125274822E-1,9.217676520E-1,-1.216254473E0
3.327807630E1,-3.950432837E-1,6.224924326E-1,-1.558625340E0
3.328307630E1,-5.841852427E-1,5.458779931E-1,-1.867477298E0
3.328807630E1,-6.679822803E-1,3.878606856E-1,-2.511517525E0
3.329307626E1,-9.792284966E-1,2.753331959E-1,-3.550601006E0
3.329807623E1,-1.252167463E0,1.292868853E-1,-4.299986362E0
3.330307619E1,-1.513135433E0,-1.173158810E-1,-4.288015366E0
3.330807619E1,-1.795651317E0,-3.256114423E-1,-4.254496574E0
3.331307619E1,-2.027888775E0,-2.609679997E-1,-4.462791920E0
3.331807623E1,-2.190694571E0,-2.394201607E-2,-4.752490520E0
3.332307586E1,-2.315192938E0,7.900865376E-2,-5.013757706E0
3.332807589E1,-2.205059767E0,4.405331016E-1,-3.950432777E0
3.333307589E1,-1.678335428E0,5.267243981E-1,-2.729389906E0
3.333807589E1,-1.244984865E0,5.147533417E-1,-2.073378563E0
3.334307586E1,-9.337386489E-1,4.548983276E-1,-1.735796213E0
3.334807586E1,-7.158663273E-1,5.410895944E-1,-1.453280449E0
3.335307586E1,-6.200982332E-1,6.991068721E-1,-1.182735682E0
3.335807589E1,-6.033388376E-1,1.438915253E0,-1.891419291E0
3.336307589E1,-7.110779285E-1,2.722207308E0,-4.249708176E0
3.336807589E1,-1.156399369E0,5.499780655E0,-7.513304234E0
3.337307586E1,-1.795651317E0,6.988974094E0,-6.040870190E0
3.337807582E1,-1.297657371E0,5.236418247E0,-2.205059767E0
3.338307579E1,-1.675941236E-2,1.623268723E0,-3.926490843E-1
3.338807579E1,3.615244627E-1,-4.788403399E-3,-4.788403399E-3
3.339307582E1,4.884171486E-1,-3.112462163E-1,-1.675941236E-2
3.339807586E1,5.602431893E-1,-3.926490843E-1,-7.661445439E-2
3.340307589E1,5.698199868E-1,-5.339069963E-1,2.011129409E-1
3.340807589E1,4.429273009E-1,-7.374141216E-1,-2.777273953E-1
3.341307589E1,2.873042040E-2,-8.619126081E-1,-9.241618514E-1
3.341807585E1,-9.935936928E-1,-9.696516991E-1,-9.696516991E-1
3.342307519E1,-1.247379065E0,-1.048660398E0,-7.613561153E-1
3.342807452E1,-1.264138460E0,-1.237802267E0,-1.149216816E-1
3.343307409E1,-1.522712231E0,-1.118092179E0,-1.316810995E-1
3.343807345E1,-1.989581585E0,-1.154005170E0,-5.386953950E-1
3.344307255E1,-2.655169725E0,-1.570596337E0,-1.419761658E0
3.344807165E1,-3.646369219E0,-2.109291792E0,-3.114856482E0
3.345307268E1,-3.816357613E0,-3.100491285E0,-5.164592266E0
3.345807202E1,-3.088520288E0,-4.896441936E0,-7.082347870E0
3.346307112E1,-2.633621931E0,-5.990592003E0,-7.977779388E0
3.346807018E1,-2.039859772E0,-8.080730438E0,-8.909123421E0
3.347306928E1,-2.123656988E0,-9.402329445E0,-9.787796021E0
3.347806928E1,-1.292868972E0,-1.202398014E1,-1.105672264E1
3.348306865E1,1.699883193E-1,-1.528039360E1,-1.196412563E1
3.348806865E1,1.589749932E0,-2.027709198E1,-1.353950977E1
3.349306865E1,4.077325344E0,-2.670103455E1,-1.560121727E1
3.349806862E1,9.565135002E0,-3.603871918E1,-1.795471764E1
3.350306862E1,1.407341671E1,-4.167227936E1,-1.902492523E1
3.350806795E1,2.285564804E1,-5.003552246E1,-1.696830559E1
3.351306798E1,2.841528320E1,-5.406047440E1,-1.476324654E1
3.351806758E1,3.531806564E1,-5.817850113E1,-9.287407875E0
3.352306758E1,3.732201385E1,-5.914336777E1,-3.742137194E0
3.352806758E1,3.604829788E1,-5.990232849E1,1.187524080E0
3.353306758E1,3.254049301E1,-5.922476959E1,3.986345768E0
3.353806722E1,2.645443153E1,-5.645946503E1,4.759673119E0
3.354306718E1,2.059073257E1,-5.238423538E1,5.770325184E0
3.354806718E1,1.501224327E1,-4.686799622E1,5.205293655E0
3.355306718E1,1.225861168E1,-4.359721756E1,4.702212334E0
3.355806721E1,8.597877502E0,-3.813604355E1,3.907337189E0
3.356306725E1,6.883629322E0,-3.493020630E1,3.584120035E0
3.356806725E1,2.566584110E0,-2.685665894E1,4.477157116E0
3.357306788E1,-4.685452938E0,-1.848383522E1,1.137515163E1
3.357806851E1,-3.895366192E0,-1.797626495E1,1.546474743E1
3.358306898E1,2.832340717E0,-2.020766068E1,1.801696587E1
3.358806965E1,6.546046734E0,-1.087236881E1,5.496548462E1
3.359307058E1,1.164569664E1,2.585737705E-1,7.695922089E1
3.359807148E1,1.219157410E1,-9.603442192E0,7.193827820E1
3.360307044E1,1.122671127E1,-1.277815342E1,5.452734375E1
3.360807111E1,7.642591000E0,-1.588612652E1,2.547041512E1
3.361307201E1,4.357447147E0,-1.653256035E1,1.183244419E1
3.361807291E1,4.070143029E-2,-1.653016663E1,-4.848258495E0
3.362307378E1,-1.400607944E0,-1.556769753E1,-1.055633450E1
3.362807378E1,-1.462857246E0,-1.409735870E1,-9.773430824E0
3.363307444E1,-9.888052940E-1,-1.273745251E1,-6.960243702E0
3.363807448E1,-4.141969085E-1,-1.098010826E1,-4.498704910E0
3.364307448E1,-2.729389966E-1,-9.024045944E0,-2.806004286E0
3.364807448E1,-4.908113480E-1,-6.921936512E0,-1.422155857E0
3.365307444E1,-4.692635238E-1,-5.918766022E0,-8.427590132E-1
3.365807507E1,-5.267243981E-1,-4.237737179E0,-2.657563984E-1
3.366307504E1,-1.446097851E0,-1.177947283E0,2.576161146E0
3.366807544E1,-4.031835556E0,2.123656988E0,1.529475880E1
3.367307547E1,-1.132726765E1,8.494926453E0,5.514983749E1
3.367807551E1,-1.079096603E1,1.256028175E1,7.630320740E1
3.368307554E1,-3.177105665E0,8.054393768E0,5.113685608E1
3.368807594E1,9.840168953E-1,6.033388376E-1,1.037437534E1
3.369307594E1,1.436521053E0,-1.192312479E0,-6.703764945E-2
3.369807590E1,1.623268723E0,-1.659181833E0,-2.944868088E0
3.370307587E1,1.563413739E0,-1.549048543E0,-2.803610086E0
3.370807587E1,1.458068848E0,-1.419761658E0,-2.928108692E0
3.371307587E1,1.450886250E0,-1.319205165E0,-3.011905670E0
3.371807590E1,1.419761658E0,-1.019929886E0,-2.887407303E0
3.372307590E1,1.400607944E0,-8.930372596E-1,-2.736572504E0
3.372807590E1,1.455674648E0,-7.972691655E-1,-3.007117271E0
3.373307587E1,1.556231141E0,-7.110779285E-1,-3.337517262E0
3.373807584E1,2.003946781E0,-5.889736414E-1,-3.715801001E0
3.374307580E1,2.238578558E0,-5.410895944E-1,-3.849876404E0
3.374807580E1,2.525882721E0,-4.860229492E-1,-3.859453201E0
3.375307584E1,2.729389906E0,-4.979939461E-1,-3.780444384E0
3.375807587E1,3.055001259E0,-5.530605912E-1,-3.569754839E0
3.376307590E1,3.394978046E0,-7.876923680E-1,-3.454833031E0
3.376807590E1,3.833117008E0,-1.122880578E0,-2.983175278E0
3.377307590E1,4.402936935E0,-1.489193439E0,-2.408566952E0
3.377807587E1,5.028122902E0,-1.936909199E0,-1.623268723E0
3.378307587E1,6.596324921E0,-3.552995205E0,7.637802601E0
3.378807587E1,7.877223015E0,-6.938695908E0,1.873283195E1
3.379307590E1,8.205228806E0,-8.320150375E0,1.674085617E1
3.379807590E1,9.672874451E0,-1.084603310E1,9.522039413E0
3.380307590E1,1.062337208E1,-1.255549335E1,5.729623795E0
3.380807590E1,1.349162579E1,-1.691802788E1,2.238578558E0
3.381307590E1,1.675043297E1,-2.233610535E1,1.379060149E0
3.381807590E1,2.130659866E1,-2.951901054E1,2.118868589E0
3.382307587E1,2.650949860E1,-3.840419388E1,6.117484570E0
3.382807583E1,2.984701538E1,-4.910417938E1,2.467793465E1
3.383307583E1,3.065865135E1,-6.068283844E1,4.158129883E1
3.383807583E1,3.458304596E1,-6.867737579E1,2.755097771E1
3.384307586E1,3.427868271E1,-6.843316650E1,1.896028137E1
3.384807587E1,2.967223930E1,-6.098450851E1,6.256348133E0
3.385307586E1,2.504903603E1,-5.300672913E1,4.477157295E-1
3.385807583E1,1.708801651E1,-3.956059265E1,-5.985803604E0
3.386307580E1,1.248366737E1,-3.171688843E1,-9.316138268E0
3.386807576E1,8.557176590E0,-2.502030563E1,-1.121234608E1
3.387307576E1,6.807014942E0,-2.221400261E1,-1.158105278E1
3.387807580E1,4.620809078E0,-1.918533707E1,-1.226100636E1
3.388307583E1,3.457227230E0,-1.770332527E1,-1.253394508E1
3.388807586E1,1.618480325E0,-1.543601704E1,-1.267041492E1
3.389307586E1,1.019929886E0,-1.417876148E1,-1.216044998E1
3.389807586E1,3.878606856E-1,-1.239268684E1,-1.088434029E1
3.390307583E1,8.619125932E-2,-1.103517532E1,-9.500492096E0
3.390807583E1,-8.379705995E-2,-9.936236382E0,-8.454225540E0
3.391307583E1,-1.532289088E-1,-9.143755913E0,-7.769483566E0
3.391807586E1,-5.267243832E-2,-8.530839920E0,-7.063194275E0
3.392307586E1,2.394201756E-1,-7.987356186E0,-6.320991993E0
3.392807586E1,2.011129409E-1,-7.474997044E0,-5.607519627E0
3.393307583E1,-5.746084079E-2,-7.046434879E0,-5.030517101E0
3.393807579E1,-6.703764796E-1,-6.395212173E0,-3.888183594E0
3.394307576E1,-9.385270476E-1,-5.887641430E0,-3.344699860E0
3.394807576E1,-1.300051570E0,-4.860229492E0,-2.568978310E0
3.395307576E1,-1.319205165E0,-4.209006786E0,-2.367865562E0
3.395807579E1,-1.285686255E0,-3.045424461E0,-2.408566952E0
3.396307583E1,-1.156399369E0,-2.193088770E0,-2.516305923E0
3.396807586E1,-9.313444495E-1,-1.467645645E0,-2.717418909E0
3.397307586E1,-8.140285611E-1,-8.714894056E-1,-2.889801502E0
3.397807586E1,-5.841852427E-1,-3.447650373E-1,-2.966415882E0
3.398307582E1,-5.171475410E-1,-5.506663769E-2,-2.928108692E0
3.398807579E1,-3.327940404E-1,4.979939461E-1,-2.734178305E0
3.399307576E1,-2.561795712E-1,8.403648138E-1,-2.729389906E0
3.399807576E1,-6.703764945E-2,1.297657371E0,-2.676717520E0
3.400307579E1,4.548983276E-2,1.527500629E0,-2.427720547E0
3.400807582E1,1.819593310E-1,1.599326730E0,-1.920149803E0
3.401307586E1,1.891419291E-1,1.513135433E0,-1.335964561E0
3.401807586E1,1.723825186E-1,1.426944256E0,-9.002198577E-1
3.402307586E1,7.900865376E-2,1.309628367E0,-8.020575643E-1
3.402807582E1,-1.723825186E-1,1.199495077E0,-1.120486379E0
3.403307582E1,-4.572925270E-1,1.151610970E0,-1.395819545E0
3.403807582E1,-9.457096457E-1,1.039083481E0,-1.783680320E0
3.404307585E1,-1.479616642E0,9.768342972E-1,-2.027888775E0
3.404807585E1,-1.970427990E0,7.134721279E-1,-2.276885748E0
3.405307585E1,-2.466027737E0,7.278373241E-1,-2.288856745E0
3.405807582E1,-2.755726099E0,8.068459630E-1,-2.085349798E0
3.406307579E1,-2.844311714E0,8.930372596E-1,-1.819593310E0
3.406807575E1,-3.181894064E0,9.433154464E-1,-1.637633920E0
3.407307575E1,-3.497928619E0,9.959878922E-1,-1.613691926E0
3.407807575E1,-3.430891037E0,9.672574997E-1,-1.278503656E0
3.408307579E1,-3.299209833E0,9.002198577E-1,-1.010353088E0
3.408807582E1,-2.750937700E0,7.350199223E-1,-5.650315881E-1
3.409307585E1,-2.396595955E0,6.105214357E-1,-4.333505034E-1
3.409807585E1,-2.116474390E0,2.489969730E-1,-7.326257229E-1
3.410307585E1,-4.316745758E0,-9.097966552E-1,-4.515464306E0
3.410807492E1,-3.035847664E0,-5.913678408E-1,5.990592003E0
3.411307492E1,-3.143586874E0,-7.230489254E-1,1.585021400E1
3.411807492E1,-4.429273129E0,-3.375824451E0,1.822765541E1
3.412307495E1,-4.383783340E0,-5.334580898E0,1.058745956E1
3.412807495E1,-3.292027235E0,-4.666299343E0,4.211400986E0
3.413307495E1,-2.710236311E0,-3.035847664E0,3.610456228E0
3.413807495E1,-1.951274395E0,-9.241618514E-1,3.988739967E0
3.414307495E1,-1.414973259E0,1.795651317E-1,3.454833031E0
3.414807495E1,-9.528923035E-1,6.703764796E-1,2.367865562E0
3.415307492E1,-1.400607944E0,4.668693244E-1,1.393425345E0
3.415807492E1,-1.939303398E0,-3.830722719E-2,1.110909581E0
3.416307492E1,-1.838746905E0,-3.447650373E-1,6.584054828E-1
3.416807495E1,-2.042253971E0,-4.405331016E-1,-1.436520964E-1
3.417307495E1,-2.296039343E0,-6.296750307E-1,-3.711012602E-1
3.417807495E1,-2.391807556E0,-5.889736414E-1,-1.189918280E0
3.418307492E1,-2.341529369E0,-4.596867263E-1,-2.336740971E0
3.418807548E1,-2.274491549E0,-3.854664862E-1,-3.150769472E0
3.419307545E1,-2.140416384E0,-5.506663918E-1,-3.375824451E0
3.419807545E1,-2.130839586E0,-9.696516991E-1,-3.536235809E0
3.420307545E1,-2.401384354E0,-1.704671621E0,-4.242525578E0
3.420807548E1,-2.726995707E0,-2.726995707E0,-5.444714069E0
3.421307551E1,-2.372653961E0,-3.888183594E0,-6.598719120E0
3.421807555E1,-5.482721925E-1,-5.909189224E0,-8.662521362E0
3.422307555E1,8.092401624E-1,-7.467814445E0,-9.478943825E0
3.422807555E1,2.382230759E0,-1.066646767E1,-1.071435165E1
3.423307551E1,2.633621931E0,-1.311094761E1,-1.229213047E1
3.423807551E1,4.094084740E0,-1.879747581E1,-1.425537586E1
3.424307551E1,7.522881031E0,-2.611684990E1,-1.585500240E1
3.424807554E1,1.329530144E1,-3.449206543E1,-1.722927475E1
3.425307554E1,2.085409546E1,-4.241687393E1,-1.838567352E1
3.425807644E1,2.973688316E1,-5.074899673E1,-1.798105240E1
3.426307641E1,3.421403885E1,-5.409160233E1,-1.599625969E1
3.426807638E1,3.903626251E1,-5.757037735E1,-1.164330196E1
3.427307634E1,3.824617386E1,-5.772839355E1,-9.007286072E0
3.427807634E1,3.323720551E1,-5.587288666E1,-4.261679173E0
3.428307638E1,2.914312172E1,-5.392161179E1,-1.242590666E0
3.428807641E1,2.383966446E1,-5.045211411E1,5.339069963E-1
3.429307644E1,1.912308693E1,-4.640351868E1,1.225831270E0
3.429807644E1,1.572332096E1,-4.193324661E1,2.051830769E0
3.430307644E1,1.352035618E1,-3.764283752E1,2.370259762E0
3.430807641E1,1.155232239E1,-3.323241806E1,2.466027737E0
3.431307604E1,1.062816048E1,-3.075681305E1,2.382230759E0
3.431807604E1,8.382399559E0,-2.444060898E1,1.721431017E0
3.432307607E1,6.320991993E0,-2.113661194E1,3.294421434E0
3.432807611E1,4.738125324E0,-1.951813126E1,7.077559471E0
3.433307611E1,6.617872715E0,-2.004724884E1,1.073829365E1
3.433807551E1,1.074068832E1,-1.583106041E1,3.793971634E1
3.434307551E1,1.971685028E1,-5.578489900E-1,7.555860901E1
3.434807551E1,2.303760719E1,-5.272331238E0,7.772536469E1
3.435307551E1,1.737292671E1,-1.127938366E1,5.439326859E1
3.435807547E1,1.235198593E1,-1.375019932E1,3.278709412E1
3.436307547E1,1.018523312E1,-1.421946335E1,2.481200981E1
3.436807547E1,4.623203278E0,-1.420749187E1,5.782296181E0
3.437307551E1,2.952050686E0,-1.437269211E1,-1.553836942E0
3.437807551E1,7.302315235E-1,-1.452592087E1,-7.393594265E0
3.438307551E1,2.154781520E-1,-1.405905151E1,-7.618649006E0
3.438807547E1,4.165911078E-1,-1.290504646E1,-6.244377136E0
3.439307544E1,5.746083856E-1,-1.129614258E1,-4.668693542E0
3.439807540E1,6.895300746E-1,-9.443030357E0,-3.263296843E0
3.440307540E1,5.913678408E-1,-7.791031837E0,-2.398990154E0
3.440807544E1,3.543418646E-1,-6.009745598E0,-1.596932530E0
3.441307547E1,1.436520964E-1,-5.099948883E0,-1.134851575E0
3.441807550E1,-9.816227108E-2,-3.780444384E0,-3.734954596E-1
3.442307550E1,-8.690952063E-1,-2.813186884E0,5.674257874E-1
3.442807550E1,-8.621819496E0,6.744765282E0,3.947679520E1
3.443307457E1,-1.359218216E1,1.166485023E1,6.904368591E1
3.443807387E1,-6.996156693E0,1.006791782E1,5.878423691E1
3.444307297E1,-8.619126081E-1,4.570530891E0,2.842964935E1
3.444807234E1,1.556231141E0,2.633621991E-1,5.284302235E0
3.445307237E1,1.845929503E0,-1.280897856E0,-2.331952572E0
3.445807170E1,1.654393315E0,-1.400607944E0,-3.217807055E0
3.446307137E1,1.642422318E0,-1.338358760E0,-2.882618904E0
3.446807043E1,1.663970232E0,-1.237802267E0,-3.122039080E0
3.447306950E1,1.690306425E0,-1.137245774E0,-3.308786631E0
3.447806856E1,1.872265697E0,-9.409212470E-1,-3.337517262E0
3.448306826E1,2.094926596E0,-8.092401624E-1,-3.744531393E0
3.448806763E1,2.312798738E0,-7.134721279E-1,-4.019864559E0
3.449306700E1,2.592920542E0,-6.153098345E-1,-4.194641590E0
3.449806660E1,2.839523315E0,-5.746083856E-1,-4.400542736E0
3.450306593E1,2.968810081E0,-5.195417404E-1,-4.161122322E0
3.450806593E1,3.239354849E0,-5.171475410E-1,-3.919308186E0
3.451306590E1,3.344699860E0,-5.051765442E-1,-3.632004023E0
3.451806523E1,3.632004023E0,-6.536170840E-1,-3.268085241E0
3.452306523E1,4.129997730E0,-9.552865028E-1,-2.813186884E0
3.452806486E1,4.539406300E0,-1.417367458E0,-2.231395960E0
3.453306420E1,5.097554684E0,-2.020706177E0,-5.985504389E-1
3.453806420E1,6.821380138E0,-3.756502390E0,8.753500938E0
3.454306420E1,7.654561996E0,-5.736806393E0,1.511040592E1
3.454806350E1,7.824550629E0,-7.032069683E0,1.227058315E1
3.455306350E1,8.346486092E0,-8.490138054E0,7.970596790E0
3.455806346E1,1.019720459E1,-1.111897182E1,2.846705914E0
3.456306343E1,1.183483791E1,-1.351077938E1,1.017535686E0
3.456806343E1,1.562994766E1,-1.897225189E1,-5.578489900E-1
3.457306346E1,1.948221779E1,-2.376065636E1,6.033388376E-1
3.457806349E1,2.373671341E1,-3.321086884E1,3.438073635E0
3.458306439E1,2.732113266E1,-4.078163528E1,9.871592522E0
3.458806506E1,2.786701202E1,-4.942260742E1,2.858048439E1
3.459306593E1,3.000263977E1,-5.620568085E1,3.236811066E1
3.459806659E1,3.296187210E1,-5.931095886E1,2.168009567E1
3.460306659E1,3.185335732E1,-5.818807983E1,1.542644024E1
3.460806729E1,2.702664566E1,-5.047845078E1,5.892429829E0
3.461306796E1,2.233371162E1,-4.418888474E1,2.008735180E0
3.461806886E1,1.483028412E1,-3.402250290E1,-2.779668093E0
3.462306976E1,1.103756905E1,-2.745281410E1,-5.008969307E0
3.462807066E1,8.408735275E0,-2.302563667E1,-6.716034889E0
3.463307096E1,6.929119110E0,-2.015977669E1,-7.891588211E0
3.463807159E1,5.301061630E0,-1.811512947E1,-8.590695381E0
3.464307226E1,3.617638826E0,-1.678395271E1,-9.457395554E0
3.464807269E1,2.212242365E0,-1.513434792E1,-1.017326260E1
3.465307339E1,1.587355733E0,-1.418594456E1,-1.046535492E1
3.465807339E1,8.667010069E-1,-1.313967800E1,-1.009664822E1
3.466307339E1,4.692635238E-1,-1.243817711E1,-9.785401344E0
3.466807402E1,3.663128614E-1,-1.119558620E1,-8.743924141E0
3.467307399E1,4.596867263E-1,-1.027621269E1,-8.107066154E0
3.467807435E1,4.477157295E-1,-9.780612946E0,-7.917924404E0
3.468307502E1,6.655880809E-1,-9.306561470E0,-7.678503990E0
3.468807502E1,7.469909191E-1,-8.897152901E0,-7.448660851E0
3.469307505E1,8.954314590E-1,-8.566753387E0,-7.036858082E0
3.469807579E1,9.385270476E-1,-7.908347607E0,-6.337751389E0
3.470307582E1,7.398083210E-1,-7.616254807E0,-6.055235386E0
3.470807582E1,2.059013397E-1,-7.053617477E0,-5.162198067E0
3.471307582E1,-2.466027737E-1,-6.663362503E0,-4.261679173E0
3.471807578E1,-9.959878922E-1,-5.767930984E0,-3.047818661E0
3.472307578E1,-1.285686255E0,-5.028122902E0,-2.545036316E0
3.472807578E1,-1.285686255E0,-4.189853191E0,-2.437297344E0
3.473307582E1,-1.173158884E0,-3.414131641E0,-2.758120298E0
3.473807582E1,-8.810662031E-1,-2.592920542E0,-3.462015629E0
3.474307582E1,-7.685387731E-1,-2.087743998E0,-3.691859007E0
3.474807578E1,-7.493851185E-1,-1.276109457E0,-3.428496838E0
3.475307575E1,-6.703764796E-1,-8.858546019E-1,-3.136404276E0
3.475807572E1,-4.812345505E-1,-4.118026793E-1,-2.633621931E0
3.476307572E1,-4.979939461E-1,-1.675941199E-1,-2.377442360E0
3.476807575E1,-5.937620401E-1,4.309562966E-2,-2.221819162E0
3.477307578E1,-7.230489254E-1,2.106897533E-1,-2.272097349E0
3.477807582E1,-1.031900883E0,2.681505978E-1,-2.506729126E0
3.478307582E1,-1.362300754E0,1.795651317E-1,-2.722207308E0
3.478807582E1,-2.039859772E0,1.244984865E-1,-3.129221678E0
3.479307578E1,-2.425326347E0,8.140286058E-2,-3.359065056E0
3.479807578E1,-3.057395458E0,2.154781483E-2,-3.687070608E0
3.480307578E1,-3.270479441E0,-6.464344263E-2,-3.725377798E0
3.480807581E1,-3.481169224E0,-1.125274822E-1,-3.634398222E0
3.481307585E1,-3.406949043E0,-1.149216816E-1,-3.260902643E0
3.481807585E1,-3.016694069E0,1.197100803E-2,-2.729389906E0
3.482307585E1,-2.707842112E0,3.591302410E-2,-2.329558372E0
3.482807585E1,-2.190694571E0,2.394201607E-2,-1.853112102E0
3.483307585E1,-1.690306425E0,-1.197100803E-2,-1.441309452E0
3.483807585E1,-1.501164436E0,-9.576806799E-3,-1.259350061E0
3.484307581E1,-1.484405041E0,-2.394201700E-3,-1.201889277E0
3.484807581E1,-1.280897856E0,1.843535304E-1,-1.022324085E0
3.485307581E1,-1.853112102E0,-2.298433632E-1,-2.308010340E0
3.485807585E1,-3.208230257E0,-1.235408068E0,-3.995922565E0
3.486307585E1,-1.460463107E-1,4.118026793E-1,1.007958889E0
3.486807585E1,2.118868589E0,1.802833915E0,6.711246490E0
3.487307581E1,1.362300754E0,2.183511972E0,1.196651936E1
3.487807581E1,-2.530671120E0,7.398083210E-1,8.087912560E0
3.488307581E1,-3.861847401E0,-1.474828243E0,4.283226967E0
3.488807584E1,-3.919308186E0,-1.810016513E0,2.643198729E0
3.489307585E1,-3.572149038E0,-1.156399369E0,2.748543501E0
3.489807584E1,-3.234566450E0,-6.991068721E-1,2.592920542E0
3.490307585E1,-2.825158119E0,-7.613561153E-1,2.770091295E0
3.490807584E1,-2.128445387E0,-9.888052940E-1,2.695871115E0
3.491307584E1,-1.206677675E0,-1.527500629E0,1.807622313E0
3.491807581E1,-8.978256583E-1,-1.618480325E0,1.608903527E0
3.492307581E1,-1.017535686E0,-1.709460020E0,1.912967205E0
3.492807581E1,-8.523358107E-1,-2.003946781E0,2.164358377E0
3.493307584E1,-8.978256583E-1,-2.169146776E0,2.126051188E0
3.493807588E1,-9.696516991E-1,-2.583343744E0,1.742978811E0
3.494307588E1,-1.043871999E0,-2.952050686E0,1.048660398E0
3.494807584E1,-1.515529633E0,-3.787626982E0,-1.987187415E-1
3.495307581E1,-1.836352706E0,-4.244919777E0,-1.022324085E0
3.495807578E1,-2.027888775E0,-4.915595531E0,-1.644816518E0
3.496307574E1,-1.302445769E0,-5.830180645E0,-1.752555609E0
3.496807574E1,3.112462163E-2,-7.336133480E0,-2.786850691E0
3.497307577E1,1.714248419E0,-9.723152161E0,-4.611232281E0
3.497807581E1,3.028665066E0,-1.404947472E1,-6.218040943E0
3.498307584E1,3.701435804E0,-1.719575500E1,-6.579565525E0
3.498807584E1,5.636250019E0,-2.330097008E1,-6.514922142E0
3.499307584E1,7.484573841E0,-2.749591064E1,-6.270713329E0
3.499807581E1,1.228255367E1,-3.534200668E1,-5.746383190E0
3.500307581E1,1.630032349E1,-4.036743927E1,-5.425560474E0
3.500807581E1,1.896746445E1,-4.416493988E1,-4.321534157E0
3.501307584E1,2.299211693E1,-4.739232635E1,-4.616020679E0
3.501807584E1,2.578405571E1,-4.927177429E1,-6.165368557E0
3.502307584E1,2.542013741E1,-4.883363342E1,-7.384017467E0
3.502807580E1,2.364812851E1,-4.938908768E1,-8.087912560E0
3.503307577E1,2.196739960E1,-4.925501251E1,-7.992144585E0
3.503807574E1,1.714547729E1,-4.615691757E1,-6.895600319E0
3.504307574E1,1.430086613E1,-4.330033493E1,-6.062417984E0
3.504807577E1,1.127938366E1,-3.746805954E1,-4.707000732E0
3.505307580E1,1.016368580E1,-3.323241806E1,-3.847482204E0
3.505807584E1,9.416694641E0,-2.959083748E1,-3.066972494E0
3.506307587E1,8.681674957E0,-2.650471115E1,-2.394201756E0
3.506807587E1,7.709628582E0,-2.325308609E1,-1.697489023E0
3.507307584E1,7.127837658E0,-2.154841423E1,-1.343147159E0
3.507807580E1,6.239588737E0,-1.907041550E1,-8.283938169E-1
3.508307580E1,5.806238174E0,-1.780148888E1,-5.841852427E-1
3.508807580E1,5.839757442E0,-1.321389866E1,1.175553083E0
3.509307583E1,1.256267548E1,-2.916137695E0,3.445136642E1
3.509807583E1,2.115576553E1,-3.184288144E-1,6.499988556E1
3.510307583E1,1.928349876E1,-1.278503656E0,5.965093613E1
3.510807583E1,1.658044624E1,-2.396595955E0,4.881926727E1
3.511307583E1,1.376456451E1,-3.694253206E0,3.670191574E1
3.511807583E1,1.145415974E1,-5.181351662E0,2.504664230E1
3.512307580E1,9.809343338E0,-5.813420773E0,1.822526169E1
3.512807580E1,7.738358974E0,-6.893206120E0,8.444648743E0
3.513307580E1,6.407183170E0,-7.324162483E0,3.301604033E0
3.513807583E1,4.860229492E0,-7.381623268E0,-3.105279684E0
3.514307583E1,4.144362926E0,-6.802226067E0,-4.297592163E0
3.514807583E1,4.101267338E0,-5.961861610E0,-4.441244125E0
3.515307580E1,4.244919777E0,-5.200505257E0,-4.194641590E0
3.515807580E1,4.156333923E0,-4.390965939E0,-3.450044632E0
3.516307580E1,3.995922565E0,-3.634398222E0,-2.501940727E0
3.516807583E1,3.600879431E0,-2.468421936E0,1.484405100E-1
3.517307583E1,3.320757866E0,-5.171475410E-1,6.536469936E0
3.517807583E1,1.400607944E0,2.942473888E0,1.865861320E1
3.518307583E1,1.077390760E-1,3.586514235E0,1.956362152E1
3.518807583E1,-2.059013397E-1,2.808398485E0,1.513434792E1
3.519307583E1,4.022258818E-1,1.726219416E0,1.000327396E1
3.519807580E1,9.768342972E-1,9.193734527E-1,6.289866924E0
3.520307576E1,1.520318031E0,5.195417404E-1,4.058171749E0
3.520807576E1,1.989581585E0,2.944868207E-1,2.580949545E0
3.521307576E1,2.410961151E0,0.000000000E0,1.400607944E0
3.521807580E1,2.894589901E0,-2.920926213E-1,3.208230138E-1
3.522307580E1,3.081337690E0,-3.998316824E-1,-5.027823448E-1
3.522807580E1,3.296815634E0,-5.027823448E-1,-1.795651317E0
3.523307576E1,3.430891037E0,-4.740519226E-1,-2.545036316E0
3.523807573E1,3.842693806E0,-1.915361285E-1,-3.186682463E0
3.524307570E1,4.539406300E0,3.136404157E-1,-3.196259260E0
3.524807570E1,5.607519627E0,1.175553083E0,-2.358288765E0
3.525307573E1,6.809409142E0,2.104503393E0,-6.081272364E-1
3.525807576E1,8.339303970E0,2.966415882E0,1.831564307E0
3.526307579E1,9.052776337E0,3.222595453E0,3.021482468E0
3.526807579E1,9.847650528E0,3.141192675E0,3.907337189E0
3.527307579E1,9.967360497E0,2.803610086E0,4.280832767E0
3.527807576E1,9.213187218E0,1.922544003E0,4.355052948E0
3.528307576E1,9.241917610E0,1.472434044E0,5.121496677E0
3.528807576E1,1.006073475E1,-6.464344263E-2,6.170156956E0
3.529307579E1,1.021635818E1,-2.087743998E0,6.088754177E0
3.529807579E1,8.937853813E0,-3.950432777E0,5.241206646E0
3.530307579E1,7.180510044E0,-4.929960728E0,3.648763418E0
3.530807576E1,6.258742332E0,-5.643432617E0,1.948880196E0
3.531307573E1,6.218040943E0,-6.385635376E0,1.000776291E0
3.531807569E1,6.905177116E0,-7.788637638E0,2.322375625E-1
3.532307569E1,7.882011414E0,-9.117419243E0,5.027823448E-1
3.532807569E1,1.023072338E1,-1.257704067E1,2.217030764E0
3.533307572E1,1.262731934E1,-1.564191818E1,3.246537447E0
3.533807576E1,1.790443802E1,-2.263538170E1,4.278438568E0
3.534307579E1,2.128744507E1,-3.070892906E1,1.359936523E1
3.534807579E1,2.391627884E1,-3.945764160E1,2.019329643E1
3.535307579E1,2.793883705E1,-4.810340118E1,2.238877869E1
3.535807576E1,3.368252563E1,-5.544911194E1,1.904168510E1
3.536307576E1,3.543059540E1,-5.744827271E1,1.645834160E1
3.536807576E1,3.347662735E1,-5.637566757E1,1.143261242E1
3.537307579E1,3.010319519E1,-5.260929108E1,8.588300705E0
3.537807579E1,2.351405334E1,-4.328357697E1,3.675099611E0
3.538307579E1,1.893394470E1,-3.629489899E1,-5.770025849E-1
3.538807579E1,1.527560520E1,-3.072089958E1,-5.231629848E0
3.539307579E1,1.299123764E1,-2.651907539E1,-7.951443195E0
3.539807579E1,1.113812542E1,-2.341828537E1,-8.576330185E0
3.540307576E1,9.696816444E0,-2.094507408E1,-8.712799072E0
3.540807576E1,8.128614426E0,-1.887887955E1,-8.652944565E0
3.541307576E1,7.309797287E0,-1.771290207E1,-8.475772858E0
3.541807579E1,6.574777126E0,-1.640088081E1,-8.722375870E0
3.542307579E1,6.115090370E0,-1.582866573E1,-8.990526199E0
3.542807642E1,5.097554684E0,-1.516547203E1,-9.998485565E0
3.543307572E1,4.505887508E0,-1.474169827E1,-1.018762779E1
3.543807479E1,4.209006786E0,-1.386751556E1,-1.057548809E1
3.544307385E1,4.137180328E0,-1.316601467E1,-1.080293751E1
3.544807319E1,4.115632534E0,-1.244536018E1,-1.082209110E1
3.545307252E1,3.979163170E0,-1.179174232E1,-1.102559853E1
3.545807298E1,3.143586874E0,-1.092264748E1,-1.106151104E1
3.546307235E1,2.597708941E0,-1.035282707E1,-1.060900688E1
3.546807148E1,1.814804912E0,-9.328108788E0,-9.713575363E0
3.547307058E1,1.240196466E0,-8.698433876E0,-9.189245224E0
3.547806968E1,3.160346150E-1,-7.546823025E0,-7.786243439E0
3.548306965E1,-3.806780577E-1,-6.500556946E0,-6.737582684E0
3.548806875E1,-1.501164436E0,-5.597942829E0,-5.480627060E0
3.549306808E1,-2.497152328E0,-4.299986362E0,-2.647987127E0
3.549806745E1,-2.762908697E0,-3.186682463E0,-1.261744261E0
3.550306745E1,-2.554613113E0,-2.370259762E0,-6.679822803E-1
3.550806745E1,-2.001552582E0,-1.616086125E0,-7.685387731E-1
3.551306742E1,-1.692700624E0,-1.254561663E0,-1.036689281E0
3.551806672E1,-1.355118155E0,-7.062895298E-1,-1.268926859E0
3.552306668E1,-1.077390790E0,-2.992752194E-1,-1.225831270E0
3.552806578E1,-9.193734527E-1,-2.394201607E-2,-1.043871999E0
3.553306581E1,-8.068459630E-1,2.178723514E-1,-8.690952063E-1
3.553806518E1,-8.283938169E-1,3.758896589E-1,-7.996633649E-1
3.554306521E1,-8.475474119E-1,5.315127969E-1,-7.469909191E-1
3.554806521E1,-8.116343617E-1,8.259995580E-1,-8.499416113E-1
3.555306521E1,-7.661445141E-1,8.954314590E-1,-9.840168953E-1
3.555806518E1,-7.709329724E-1,8.020575643E-1,-1.058237195E0
3.556306514E1,-8.978256583E-1,7.062895298E-1,-1.098938584E0
3.556806515E1,-1.431732655E0,5.243301988E-1,-1.393425345E0
3.557306518E1,-1.951274395E0,4.955997467E-1,-1.582567334E0
3.557806458E1,-2.205059767E0,4.692635238E-1,-1.517923832E0
3.558306524E1,-2.346317768E0,4.548983276E-1,-1.259350061E0
3.558806614E1,-2.353500366E0,4.285621047E-1,-9.289502501E-1
3.559306704E1,-2.006340981E0,4.165911078E-1,-6.272808313E-1
3.559806771E1,-1.551442742E0,2.705447972E-1,-3.615244627E-1
3.560306838E1,-1.429338455E0,2.609679997E-1,-1.939303428E-1
3.560806791E1,-1.345541358E0,2.418143749E-1,-2.489969730E-1
3.561306791E1,-1.532289028E0,1.843535304E-1,-3.806780577E-1
3.561806881E1,-1.726219416E0,2.513911724E-1,-3.782838583E-1
3.562306974E1,-2.142810583E0,5.243301988E-1,-6.272808313E-1
3.562807064E1,-3.045424461E0,2.873041928E-1,-6.224924326E-2
3.563307068E1,-4.362235546E0,-6.655880809E-1,1.819593310E0
3.563807154E1,-5.722441196E0,-1.833958507E0,4.448426723E0
3.564307221E1,-6.711246490E0,-2.755726099E0,6.728005886E0
3.564807287E1,-7.702445984E0,-3.708618402E0,8.435071945E0
3.565307291E1,-8.087912560E0,-4.153939724E0,7.970596790E0
3.565807291E1,-6.929119110E0,-4.268861771E0,2.284068346E0
3.566307291E1,-6.036081791E0,-3.643975019E0,3.112462163E-2
3.566807357E1,-5.866093636E0,-3.294421434E0,-4.740519226E-1
3.567307357E1,-5.353734493E0,-3.224989653E0,-4.788403213E-2
3.567807447E1,-4.058171749E0,-3.167528868E0,4.070142806E-1
3.568307444E1,-3.438073635E0,-2.861071110E0,7.757213712E-1
3.568807507E1,-2.291250944E0,-2.662352324E0,1.101332784E0
3.569307507E1,-2.279279947E0,-2.676717520E0,8.403648138E-1
3.569807510E1,-2.176329374E0,-2.667140722E0,3.351882398E-1
3.570307514E1,-1.709460020E0,-2.571372509E0,3.399766386E-1
3.570807514E1,-1.359906554E0,-2.530671120E0,9.337386489E-2
3.571307514E1,-1.410184860E0,-2.724601507E0,-6.464344263E-2
3.571807510E1,-1.704671621E0,-3.117250681E0,-5.722141862E-1
3.572307507E1,-1.936909199E0,-3.375824451E0,-7.757213712E-1
3.572807504E1,-2.032677174E0,-3.749319792E0,-7.062895298E-1
3.573307504E1,-2.082955360E0,-4.204218388E0,-4.979939461E-1
3.573807507E1,-2.126051188E0,-4.675876141E0,-5.267243832E-2
3.574307510E1,-1.745373011E0,-5.028122902E0,1.795651317E-1
3.574807513E1,-1.295263171E0,-6.088754177E0,4.405331016E-1
3.575307513E1,-1.312022567E0,-7.326556683E0,7.852981687E-1
3.575807513E1,-1.242590666E0,-1.074308205E1,3.339911461E0
3.576307577E1,3.782838583E-1,-1.408538818E1,4.046200752E0
3.576807577E1,2.664746523E0,-1.743756866E1,9.481038451E-1
3.577307577E1,2.940079689E0,-2.053087807E1,-1.769315004E0
3.577807580E1,3.718195200E0,-2.438554192E1,-2.968810081E0
3.578307577E1,5.995380402E0,-2.911439133E1,-3.454833031E0
3.578807577E1,1.220115089E1,-3.568916702E1,-5.157409668E0
3.579307573E1,1.606090355E1,-3.975931168E1,-5.076006889E0
3.579807570E1,2.308070374E1,-4.962372208E1,-1.057069969E1
3.580307566E1,2.535788727E1,-5.127332687E1,-1.275181770E1
3.580807566E1,2.434244728E1,-4.556315613E1,-9.050381660E0
3.581307566E1,2.323632622E1,-4.174171066E1,-6.670545101E0
3.581807570E1,2.127786827E1,-3.926849747E1,-5.032911301E0
3.582307573E1,1.794992828E1,-3.502597427E1,-3.857059002E0
3.582807576E1,1.446127796E1,-3.035698128E1,-3.064578056E0
3.583307576E1,1.132726765E1,-2.599235153E1,-2.501940727E0
3.583807576E1,8.042423248E0,-2.125871468E1,-2.300827742E0
3.584307573E1,6.423942566E0,-1.870410156E1,-2.195482969E0
3.584807533E1,4.228160381E0,-1.507449245E1,-1.800439715E0
3.585307533E1,3.141192675E0,-1.339346313E1,-1.403002143E0
3.585807536E1,1.759738207E0,-1.104235744E1,-4.788403511E-1
3.586307536E1,1.005564690E0,-9.306561470E0,7.134721279E-1
3.586807536E1,2.466027737E-1,-7.472602844E0,2.317587137E0
3.587307536E1,4.309562966E-2,-5.676951408E0,4.575319290E0
3.587807536E1,1.580173075E-1,-3.828328609E0,8.004115105E0
3.588307536E1,5.291185975E-1,-2.236184359E0,1.224664116E1
3.588807533E1,1.228225470E0,-1.565807939E0,1.556530380E1
3.589307533E1,1.563413739E0,-1.812410712E0,1.487816811E1
3.589807533E1,1.608903527E0,-3.203441858E0,9.751882553E0
3.590307536E1,1.616086125E0,-4.220977783E0,5.219658852E0
3.590807536E1,1.812410712E0,-5.727229595E0,1.944091797E0
3.591307536E1,2.269703150E0,-6.754342079E0,-9.097966552E-2
3.591807533E1,2.870647907E0,-7.822156429E0,-1.312022567E0
3.592307533E1,3.529053211E0,-8.885181427E0,-2.097320795E0
3.592807533E1,4.539406300E0,-1.024987698E1,-2.647987127E0
3.593307536E1,5.147832870E0,-1.103996372E1,-3.074155092E0
3.593807539E1,6.184522152E0,-1.211974812E1,-3.363853455E0
3.594307539E1,6.833351135E0,-1.256267548E1,-3.308786631E0
3.594807539E1,7.582736015E0,-1.296490192E1,-2.889801502E0
3.595307539E1,7.896376610E0,-1.309418869E1,-2.760514498E0
3.595807539E1,7.606678009E0,-1.278533649E1,-2.432508945E0
3.596307539E1,6.912359715E0,-1.205271053E1,-1.659181833E0
3.596807536E1,6.335357189E0,-1.115488529E1,-6.033388376E-1
3.597307536E1,6.112696171E0,-1.016847420E1,1.448492050E0
3.597807536E1,6.696881294E0,-8.387187958E0,7.149385452E0
3.598307539E1,7.182904243E0,-7.091924667E0,1.165287876E1
3.598807539E1,7.434295654E0,-5.358522892E0,1.717420769E1
3.599307539E1,7.130231857E0,-4.845864296E0,1.747348213E1
3.599807576E1,5.949890614E0,-4.747702122E0,1.356584644E1
3.600307572E1,5.126285076E0,-4.833893299E0,9.186851501E0
3.600807569E1,4.259284973E0,-5.078401089E0,5.344157696E0
3.601307569E1,3.677493811E0,-5.037699699E0,2.858676910E0
3.601807572E1,3.339911461E0,-4.833893299E0,1.312022567E0
3.602307576E1,3.169923067E0,-4.462791920E0,9.050082564E-1
3.602807579E1,3.055001259E0,-3.806780815E0,1.204283476E0
3.603307579E1,3.069366693E0,-3.435679436E0,1.596932530E0
3.603807579E1,3.105279684E0,-2.918531895E0,2.094926596E0
3.604307576E1,3.160346270E0,-2.755726099E0,2.288856745E0
3.604807576E1,3.201047659E0,-2.643198729E0,2.236184359E0
3.605307576E1,3.296815634E0,-2.592920542E0,2.035071373E0
3.605807579E1,3.366247654E0,-2.525882721E0,1.999158382E0
3.606307582E1,3.572149038E0,-2.425326347E0,2.339135170E0
3.606807582E1,3.761290789E0,-2.214636564E0,3.131615877E0
3.607307579E1,3.919308186E0,-2.066195965E0,4.115632534E0
3.607807575E1,4.120420933E0,-1.862688899E0,5.004180908E0
3.608307572E1,4.285621166E0,-1.810016513E0,5.157409668E0
3.608807568E1,4.163516521E0,-1.807622313E0,4.805162907E0
3.609307568E1,4.077325344E0,-1.848323703E0,4.266467571E0
3.609807572E1,4.012681961E0,-1.915361404E0,3.526659012E0
3.610307575E1,3.986345768E0,-1.889025092E0,3.246537447E0
3.610807578E1,3.960009575E0,-1.915361404E0,3.256114244E0
3.611307578E1,4.091690540E0,-1.886630893E0,3.622427225E0
3.611807578E1,4.431667328E0,-1.853112102E0,3.981557369E0
3.612307575E1,4.781220913E0,-1.788468719E0,4.228160381E0
3.612807575E1,5.475838661E0,-1.453280449E0,4.489128113E0
3.613307575E1,5.688922405E0,-1.355118155E0,4.027047157E0
3.613807578E1,5.811026573E0,-1.259350061E0,3.014299870E0
3.614307578E1,5.902006626E0,-1.295263171E0,2.499546528E0
3.614807578E1,6.524498940E0,-1.838746905E0,2.293645144E0
3.615307578E1,7.261912823E0,-3.763684988E0,1.977610588E0
3.615807578E1,5.913977623E0,-6.206069946E0,1.106121182E0
3.616307578E1,4.000710964E0,-7.467814445E0,-4.165911078E-1
3.616807575E1,2.626439333E0,-8.365639687E0,-2.406172752E0
3.617307575E1,2.257732153E0,-9.021651268E0,-3.263296843E0
3.617807575E1,2.080561161E0,-1.076941872E1,-4.046200752E0
3.618307578E1,2.329558372E0,-1.211495972E1,-4.235342979E0
3.618807582E1,3.205836058E0,-1.471775627E1,-4.244919777E0
3.619307582E1,4.244919777E0,-1.642721558E1,-3.859453201E0
3.619807578E1,5.485415459E0,-1.956840897E1,-2.104503393E0
3.620307498E1,1.082209110E1,-2.931071472E1,7.611466408E0
3.620807411E1,1.082209110E1,-2.931071472E1,7.611466408E0
3.621307325E1,1.082209110E1,-2.931071472E1,7.611466408E0
3.621807328E1,1.159062958E1,-2.999306297E1,6.560411930E0
3.622307328E1,1.274463463E1,-3.075441933E1,4.831499100E0
3.622807328E1,1.446127796E1,-3.163069725E1,2.540247917E0
3.623307328E1,1.532827759E1,-3.201376724E1,1.606509328E0
3.623807328E1,1.679352951E1,-3.226037216E1,7.972691655E-1
3.624307328E1,1.808639908E1,-3.210953522E1,6.224924326E-1
3.624807325E1,1.892436790E1,-3.144394875E1,6.081272364E-1
3.625307325E1,1.860833359E1,-2.994996643E1,6.105214357E-1
3.625807325E1,1.709041023E1,-2.755576515E1,6.129156351E-1
3.626307328E1,1.525405788E1,-2.490538406E1,4.692635238E-1
3.626807328E1,1.373344040E1,-2.179022789E1,1.125274822E-1
3.627307328E1,1.301278591E1,-2.004724884E1,-2.873041928E-1
3.627807324E1,1.204552841E1,-1.746629906E1,-1.046266198E0
3.628307325E1,1.121473980E1,-1.439423943E1,-2.231395960E0
3.628807318E1,1.109024143E1,-1.401116753E1,-2.387019157E0
3.629307321E1,1.049647999E1,-1.269675064E1,-2.849100113E0
3.629807321E1,9.854833603E0,-1.164090824E1,-3.141192675E0
3.630307321E1,9.383175850E0,-1.082687950E1,-3.564966440E0
3.630807321E1,9.002497673E0,-1.014692593E1,-4.007893562E0
3.631307321E1,8.839692116E0,-9.639355659E0,-4.146757126E0
3.631807321E1,8.530839920E0,-9.112630844E0,-4.003105164E0
3.632307318E1,8.126219749E0,-8.514080048E0,-3.892971992E0
3.632807314E1,8.032846451E0,-8.375216484E0,-3.869029999E0
3.633307314E1,7.915530205E0,-8.166921616E0,-3.778050184E0
3.633807314E1,7.683292389E0,-7.893982410E0,-3.569754839E0
3.634307318E1,7.570765018E0,-7.757512569E0,-3.385401249E0
3.634807318E1,7.410353661E0,-7.683292389E0,-3.227383852E0
3.635307394E1,7.245153427E0,-7.649773598E0,-3.126827478E0
3.635807478E1,6.965032101E0,-7.506121635E0,-3.167528868E0
3.636307561E1,6.641814709E0,-7.467814445E0,-3.248931646E0
3.636807557E1,5.971438408E0,-7.498939037E0,-3.806780815E0
3.637307557E1,5.626673222E0,-7.599495411E0,-4.410119534E0
3.637807561E1,4.925172329E0,-7.659350395E0,-5.250783443E0
3.638307564E1,4.278438568E0,-7.625831604E0,-5.451896667E0
3.638807567E1,3.557783842E0,-7.472602844E0,-5.516540051E0
3.639307567E1,2.913743496E0,-7.178115845E0,-5.494992256E0
3.639807567E1,2.229001760E0,-6.876446724E0,-5.487809658E0
3.640307564E1,1.584961534E0,-6.598719120E0,-5.509357452E0
3.640807564E1,8.762778044E-1,-6.299443722E0,-5.715258598E0
3.641307564E1,4.764461517E-1,-6.136638165E0,-5.753565788E0
3.641807567E1,-1.197100803E-2,-5.712864399E0,-5.672163010E0
3.642307537E1,-3.711012602E-1,-5.471050262E0,-5.629067421E0
3.642807470E1,-8.834604025E-1,-4.980238914E0,-5.372888088E0
3.643307400E1,-1.288080573E0,-4.623203278E0,-5.150227070E0
3.643807314E1,-1.594538331E0,-4.022258759E0,-4.735731125E0
3.644307287E1,-1.817199111E0,-3.524264812E0,-4.225766182E0
3.644807197E1,-1.884236693E0,-2.999934673E0,-3.691859007E0
3.645307130E1,-1.817199111E0,-2.470816135E0,-3.019088268E0
3.645807067E1,-1.608903527E0,-1.908178806E0,-2.276885748E0
3.646306980E1,-1.450886250E0,-1.608903527E0,-1.927332401E0
3.646806894E1,-1.256955862E0,-1.194706678E0,-1.482010841E0
3.647306894E1,-1.177947283E0,-1.019929886E0,-1.316810966E0
3.647806924E1,-1.067813993E0,-8.355764151E-1,-1.177947283E0
3.648306854E1,-9.888052940E-1,-7.182605267E-1,-1.060631394E0
3.648806854E1,-8.954314590E-1,-6.129156351E-1,-9.074024558E-1
3.649306854E1,-8.834604025E-1,-5.267243981E-1,-7.517793179E-1
3.649806790E1,-8.643068075E-1,-4.237737060E-1,-6.081272364E-1
3.650306790E1,-8.786720037E-1,-3.615244627E-1,-4.644751251E-1
3.650806790E1,-7.972691655E-1,-2.944868207E-1,-3.830722570E-1
3.651306790E1,-8.188169599E-1,-2.729389966E-1,-3.351882398E-1
3.651806764E1,-7.996633649E-1,-2.202665508E-1,-3.351882398E-1
3.652306764E1,-8.451532125E-1,-1.675941199E-1,-3.519476354E-1
3.652806670E1,-9.385270476E-1,-5.027823523E-2,-1.867477298E-1
3.653306670E1,-9.504981041E-1,1.029506698E-1,-5.267243832E-2
3.653806670E1,-9.265560508E-1,9.816227108E-2,-3.088520169E-1
3.654306673E1,-8.475474119E-1,-8.858546615E-2,-4.740519226E-1
3.654806637E1,-7.278373241E-1,-5.171475410E-1,-4.979939461E-1
3.655306637E1,-6.967126727E-1,-8.690952063E-1,-3.806780577E-1
3.655806633E1,-7.015010715E-1,-1.735796213E0,3.830722570E-1
3.656306630E1,-1.412579060E0,-2.647987127E0,2.559401512E0
3.656806630E1,-6.356904984E0,-6.230011940E0,1.933856583E1
3.657306663E1,-6.742371082E0,-8.602665901E0,2.509452629E1
3.657806733E1,-3.564966440E0,-1.120755768E1,2.712001991E1
3.658306800E1,-1.443703651E0,-1.200482655E1,2.665075684E1
3.658806890E1,2.130839527E-1,-1.217002678E1,2.512804413E1
3.659306913E1,9.911994934E-1,-1.175582981E1,2.189557266E1
3.659807003E1,1.362300754E0,-1.046774864E1,1.797626495E1
3.660307070E1,1.302445769E0,-9.835680008E0,1.611597061E1
3.660807133E1,1.060631394E0,-8.899546623E0,1.344134808E1
3.661307223E1,1.235408068E0,-8.459013939E0,1.178456020E1
3.661807246E1,1.285686255E0,-7.582736015E0,8.954613686E0
3.662307250E1,1.211466074E0,-7.314585686E0,7.927501202E0
3.662807220E1,1.455674648E0,-7.580341816E0,8.866027832E0
3.663307286E1,1.647210717E0,-7.877223015E0,8.624214172E0
3.663807283E1,1.762132406E0,-8.131008148E0,6.323386192E0
3.664307279E1,1.826775908E0,-8.729558945E0,3.043030262E0
3.664807343E1,2.501940727E0,-1.053718090E1,-3.615244627E-1
3.665307343E1,3.526659012E0,-1.237592793E1,-1.912967205E0
3.665807346E1,6.194098949E0,-1.678634644E1,-4.012681961E0
3.666307349E1,8.796596527E0,-2.028188133E1,-4.146757126E0
3.666807379E1,1.491647530E1,-2.713677979E1,1.321599364E0
3.667307379E1,2.013822937E1,-3.202813339E1,6.426336765E0
3.667807469E1,2.290113831E1,-3.345986557E1,5.885247231E0
3.668307466E1,2.287240791E1,-3.225558472E1,1.120486379E0
3.668807463E1,1.968811989E1,-2.860203171E1,-2.473210335E0
3.669307462E1,1.466478443E1,-2.374389648E1,-4.288015366E0
3.669807502E1,9.028834343E0,-1.840243340E1,-5.190928459E0
3.670307506E1,6.476614952E0,-1.595316410E1,-5.506963253E0
3.670807506E1,3.912125587E0,-1.260816574E1,-5.442319870E0
3.671307506E1,2.853888512E0,-1.099686813E1,-5.231629848E0
3.671807502E1,1.838746905E0,-8.791808128E0,-4.908412933E0
3.672307499E1,1.446097851E0,-7.465420246E0,-4.718971729E0
3.672807496E1,1.223437071E0,-6.469432354E0,-4.618414879E0
3.673307496E1,1.091755986E0,-5.808632374E0,-4.479551315E0
3.673807499E1,1.053448796E0,-5.363311291E0,-4.551377296E0
3.674307502E1,1.170764685E0,-5.243600845E0,-4.735731125E0
3.674807506E1,1.642422318E0,-5.502174854E0,-5.325003624E0
3.675307506E1,2.109291792E0,-5.940313816E0,-5.911583424E0
3.675807506E1,3.086126089E0,-7.182904243E0,-7.094318867E0
3.676307502E1,3.943250179E0,-8.631396294E0,-8.224382401E0
3.676807569E1,4.592078686E0,-1.015889740E1,-9.131784439E0
3.677307569E1,5.212476254E0,-1.164569664E1,-9.859622002E0
3.677807572E1,5.645826817E0,-1.335994434E1,-1.047014332E1
3.678307572E1,5.734412193E0,-1.414284897E1,-1.045098972E1
3.678807572E1,5.722441196E0,-1.486140823E1,-9.708786964E0
3.679307572E1,5.483021259E0,-1.483986092E1,-8.600272179E0
3.679807572E1,4.927566528E0,-1.440621090E1,-6.565200329E0
3.680307572E1,4.661510944E0,-1.398722553E1,-5.523722649E0
3.680807569E1,4.185064793E0,-1.340064621E1,-4.015076160E0
3.681307565E1,3.900154591E0,-1.316122627E1,-3.157952070E0
3.681807565E1,3.612850428E0,-1.288349819E1,-2.477998734E0
3.682307568E1,3.433285236E0,-1.276139450E1,-1.980004787E0
3.682807572E1,3.184288263E0,-1.270393372E1,-1.594538331E0
3.683307572E1,3.055001259E0,-1.269435692E1,-1.458068848E0
3.683807572E1,2.882618904E0,-1.258422375E1,-1.309628367E0
3.684307568E1,2.825158119E0,-1.243099403E1,-1.185129881E0
3.684807568E1,2.719813108E0,-1.231846714E1,-1.022324085E0
3.685307568E1,2.619256735E0,-1.217242050E1,-9.361328483E-1
3.685807572E1,2.509123325E0,-1.186835670E1,-7.685387731E-1
3.686307572E1,2.516305923E0,-1.165527344E1,-5.339069963E-1
3.686807572E1,2.523488522E0,-1.140148735E1,-1.149216816E-1
3.687307572E1,2.578555346E0,-1.105193424E1,1.429338455E0
3.687807572E1,2.935291290E0,-9.838073730E0,9.577106476E0
3.688307572E1,4.096478939E0,-9.103054047E0,1.904886818E1
3.688807568E1,5.178957462E0,-9.466972351E0,2.082536507E1
3.689307568E1,5.336975098E0,-1.001285076E1,1.823962784E1
3.689807568E1,4.963479519E0,-1.069040966E1,1.188511658E1
3.690307572E1,4.197035789E0,-1.075984192E1,7.855675220E0
3.690807572E1,3.457227230E0,-1.044380665E1,2.683900118E0
3.691307572E1,3.090914488E0,-1.028818417E1,3.232172430E-1
3.691807568E1,2.975992680E0,-1.031691456E1,-8.978256583E-1
3.692307565E1,2.849100113E0,-1.032888508E1,-1.601720929E0
3.692807561E1,2.626439333E0,-1.018762779E1,-1.704671621E0
3.693307561E1,2.590526342E0,-9.945813179E0,-1.558625340E0
3.693807561E1,2.540247917E0,-9.624990463E0,-1.314416766E0
3.694307565E1,2.470816135E0,-9.344868660E0,-9.552865028E-1
3.694807568E1,2.398990154E0,-8.906729698E0,-7.374141216E-1
3.695307571E1,2.360682964E0,-8.588300705E0,-4.094084799E-1
3.695807571E1,2.466027737E0,-7.838915825E0,1.106121182E0
3.696307571E1,2.604891539E0,-7.048829079E0,2.964021683E0
3.696807568E1,2.791639090E0,-6.244377136E0,4.884171486E0
3.697307568E1,3.064578056E0,-5.384859085E0,6.728005886E0
3.697807568E1,3.117250681E0,-4.819528103E0,7.774271965E0
3.698307571E1,3.071760893E0,-4.922778130E0,7.209240437E0
3.698807571E1,2.961627483E0,-5.494992256E0,5.468656063E0
3.699307571E1,2.952050686E0,-5.945102215E0,4.465186119E0
3.699807568E1,2.990357876E0,-6.682516098E0,3.148375273E0
3.700307564E1,3.107673883E0,-7.154173851E0,2.475604534E0
3.700807561E1,3.251325846E0,-7.577947617E0,2.123656988E0
3.701307561E1,3.411737442E0,-7.920318604E0,1.980004787E0
3.701807564E1,3.622427225E0,-8.241141319E0,1.953668594E0
3.702307568E1,3.845088005E0,-8.569147110E0,2.044648170E0
3.702807571E1,4.115632534E0,-8.971372604E0,2.257732153E0
3.703307571E1,4.228160381E0,-9.167697906E0,2.336740971E0
3.703807571E1,4.446032524E0,-9.498097420E0,2.415749550E0
3.704307568E1,4.544194698E0,-9.660902977E0,2.444479942E0
3.704807568E1,4.730942726E0,-9.941024780E0,2.375048161E0
3.705307568E1,4.833893299E0,-1.017565632E1,2.200271368E0
3.705807571E1,4.855441093E0,-1.038155746E1,1.941697598E0
3.706307574E1,4.831499100E0,-1.049408531E1,1.587355733E0
3.706807574E1,4.666299343E0,-1.065210247E1,1.185129881E0
3.707307574E1,4.565742493E0,-1.075984192E1,8.906430602E-1
3.707807574E1,4.316745758E0,-1.073350525E1,5.865794420E-1
3.708307574E1,4.046200752E0,-1.056351757E1,5.147533417E-1
3.708807574E1,3.878606796E0,-1.030254936E1,4.070142806E-1
3.709307571E1,3.845088005E0,-1.020678139E1,2.753331959E-1
3.709807571E1,3.538630009E0,-9.823708534E0,9.576806426E-2
3.710307571E1,3.141192675E0,-9.359233856E0,6.224924326E-2
3.710807574E1,2.815581083E0,-8.782231331E0,5.746084079E-2
3.711307574E1,2.614468336E0,-8.346486092E0,9.576806799E-3
3.711807574E1,2.523488522E0,-8.013691902E0,2.154781483E-2
3.712307571E1,2.525882721E0,-7.690474987E0,2.154781483E-2
3.712807571E1,2.640804529E0,-7.403171062E0,1.412578970E-1
3.713307571E1,2.729389906E0,-7.266701221E0,2.250549644E-1
3.713807574E1,3.112462282E0,-7.156568050E0,3.519476354E-1
3.714307574E1,3.485957623E0,-7.161356449E0,4.620809257E-1
3.714807574E1,3.945644379E0,-7.273883820E0,5.674257874E-1
3.715307574E1,4.381389141E0,-7.467814445E0,6.871358752E-1
3.715807574E1,4.675876141E0,-7.613860607E0,6.727706790E-1
3.716307574E1,4.838681698E0,-7.870040417E0,4.381389022E-1
3.716807570E1,4.671087742E0,-8.040028572E0,-9.337386489E-2
3.717307570E1,4.288015366E0,-8.056788445E0,-4.022258818E-1
3.717807571E1,4.017470360E0,-8.315361977E0,-7.733271718E-1
3.718307574E1,3.945644379E0,-8.521263123E0,-9.026140571E-1
3.718807577E1,3.782838583E0,-8.854057312E0,-1.005564690E0
3.719307577E1,3.672705412E0,-9.067141533E0,-1.029506683E0
3.719807574E1,3.521870613E0,-9.344868660E0,-1.091755986E0
3.720307570E1,3.548206806E0,-9.651326180E0,-1.146822572E0
3.720807567E1,3.643975019E0,-1.000566864E1,-1.189918280E0
3.721307564E1,3.701435804E0,-1.026903057E1,-1.206677675E0
3.721807564E1,3.854664803E0,-1.057788277E1,-1.259350061E0
3.722307567E1,3.861847401E0,-1.067365074E1,-1.266532660E0
3.722807570E1,4.036623955E0,-1.080293751E1,-1.297657371E0
3.723307573E1,4.192247391E0,-1.080293751E1,-1.352723956E0
3.723807573E1,4.273650169E0,-1.054436398E1,-1.364694953E0
3.724307573E1,4.106055737E0,-1.021156979E1,-1.316810966E0
3.724807570E1,3.931279182E0,-9.847650528E0,-1.264138460E0
3.725307570E1,3.821146011E0,-9.466972351E0,-1.249773264E0
3.725807570E1,3.529053211E0,-8.875604630E0,-1.154005170E0
3.726307573E1,3.342305660E0,-8.549993515E0,-1.118092179E0
3.726807573E1,3.167528868E0,-8.147768021E0,-1.043871999E0
3.727307533E1,3.145981073E0,-7.992144585E0,-1.005564690E0
3.727802936E1,3.059789658E0,-7.779060364E0,-9.696516991E-1
3.728302932E1,2.997540474E0,-7.673715591E0,-9.720458984E-1
3.728802929E1,3.033453465E0,-7.652167797E0,-9.744400978E-1
3.729302929E1,3.011905670E0,-7.635408401E0,-9.672574997E-1
3.729802932E1,2.985569477E0,-7.613860607E0,-9.600749016E-1
3.730302936E1,2.985569477E0,-7.628225803E0,-9.768342972E-1
3.730802939E1,3.035847664E0,-7.642591000E0,-1.031900883E0
3.731302942E1,3.052607059E0,-7.721599579E0,-1.010353088E0
3.731802942E1,2.999934673E0,-7.747935772E0,-9.457096457E-1
3.732302939E1,3.086126089E0,-7.932289600E0,-9.840168953E-1
3.732802935E1,3.371036053E0,-8.399158478E0,-1.029506683E0
3.733302935E1,3.507505417E0,-8.710405350E0,-1.015141487E0
3.733802935E1,3.543418407E0,-9.146149635E0,-9.528923035E-1
3.734302939E1,3.409343243E0,-9.421483040E0,-9.433154464E-1
3.734802939E1,3.229778051E0,-9.639355659E0,-9.145850539E-1
3.735302939E1,2.930502892E0,-9.751882553E0,-8.643068075E-1
3.735802939E1,2.609679937E0,-9.823708534E0,-7.876923680E-1
3.736302939E1,2.454056740E0,-9.876380920E0,-7.541735172E-1
3.736802939E1,2.183511972E0,-9.854833603E0,-7.206547260E-1
3.737302935E1,2.032677174E0,-9.759065628E0,-7.110779285E-1
3.737802935E1,1.908178806E0,-9.586683273E0,-6.512228847E-1
3.738302935E1,1.944091797E0,-9.433453560E0,-6.057330370E-1
3.738802939E1,2.149993181E0,-9.426271439E0,-5.650315881E-1
3.739302939E1,2.461239338E0,-9.545981407E0,-5.291185975E-1
3.739802939E1,2.734178305E0,-9.747094154E0,-4.979939461E-1
3.740302935E1,2.997540474E0,-9.991303444E0,-4.165911078E-1
3.740802932E1,3.213018656E0,-1.024269390E1,-3.615244627E-1
3.741302928E1,3.215412855E0,-1.029057789E1,-3.040636182E-1
3.741802928E1,3.167528868E0,-1.028578949E1,-2.322375625E-1
3.742302972E1,3.069366693E0,-1.019241619E1,-2.106897533E-1
3.742802908E1,2.839523315E0,-9.941024780E0,-1.364694983E-1
3.743302912E1,2.758120298E0,-9.821314812E0,-1.029506698E-1
3.743802825E1,2.777273893E0,-9.852438927E0,-6.224924326E-2
3.744302758E1,2.810792685E0,-9.912294388E0,-7.182605099E-3
3.744802755E1,2.726995707E0,-9.890746117E0,1.675941236E-2
3.745302705E1,2.590526342E0,-9.778219223E0,1.915361360E-2
3.745802625E1,2.339135170E0,-9.557952881E0,2.873042040E-2
3.746302538E1,2.185906172E0,-9.306561470E0,5.506663769E-2
3.746802451E1,2.063801765E0,-9.026439667E0,5.027823523E-2
3.747302385E1,1.996764183E0,-8.866027832E0,5.027823523E-2
3.747802385E1,1.889025092E0,-8.590695381E0,4.309562966E-2
3.748302315E1,1.862688899E0,-8.466196060E0,2.873042040E-2
3.748802311E1,1.860294700E0,-8.435071945E0,1.915361360E-2
3.749302218E1,1.932120800E0,-8.547599792E0,1.197100803E-2
3.749802171E1,2.118868589E0,-8.810961723E0,3.830722719E-2
3.750302175E1,2.410961151E0,-9.246706009E0,7.182604820E-2
3.750802178E1,2.813186884E0,-9.852438927E0,1.053448766E-1
3.751302181E1,3.050212860E0,-1.024748230E1,1.436520964E-1
3.751802114E1,3.270479441E0,-1.079096603E1,1.795651317E-1
3.752302114E1,3.339911461E0,-1.102799225E1,1.819593310E-1
3.752802111E1,3.232172251E0,-1.118600941E1,1.484405100E-1
3.753302111E1,3.023876667E0,-1.109742451E1,9.576806426E-2
3.753802071E1,2.810792685E0,-1.089391708E1,-1.221042871E-1
3.754302008E1,2.492363930E0,-1.046296024E1,-2.729389966E-1
3.754802008E1,2.001552582E0,-1.001763916E1,-2.585737705E-1
3.755302008E1,1.728613615E0,-9.608230591E0,-1.651999205E-1
3.755802008E1,1.419761658E0,-9.304166794E0,2.394201700E-3
3.756302008E1,1.290474772E0,-9.165303230E0,7.900865376E-2
3.756802008E1,1.177947283E0,-8.921094894E0,1.723825186E-1
3.757302004E1,1.199495077E0,-8.832509041E0,2.059013397E-1
3.757802068E1,1.261744261E0,-8.684068680E0,2.489969730E-1
3.758302068E1,1.350329757E0,-8.669703484E0,3.543418646E-1
3.758802158E1,1.453280449E0,-8.710405350E0,7.062895298E-1
3.759302228E1,1.802833915E0,-8.959402084E0,4.240131378E0
3.759802228E1,2.908955097E0,-1.000327396E1,1.611836433E1
3.760302274E1,3.124433279E0,-1.006312943E1,1.479676533E1
3.760802351E1,3.157952070E0,-9.854833603E0,9.964966774E0
3.761302434E1,2.954444885E0,-9.821314812E0,6.400000572E0
3.761802521E1,2.394201756E0,-9.620202065E0,1.723825216E0
3.762302521E1,2.379836559E0,-9.675268173E0,-4.979939461E-1
3.762802524E1,2.264914751E0,-9.591471672E0,-1.546654344E0
3.763302594E1,2.269703150E0,-9.512462616E0,-1.790862918E0
3.763802597E1,2.262520552E0,-9.505280495E0,-2.078166962E0
3.764302687E1,2.425326347E0,-9.526827812E0,-2.240972757E0
3.764802734E1,2.607285738E0,-9.636960983E0,-2.269703150E0
3.765302730E1,2.803610086E0,-9.749488831E0,-2.221819162E0
3.765802730E1,2.892195702E0,-9.871592522E0,-2.037465572E0
3.766302730E1,3.021482468E0,-1.002242756E1,-1.968033791E0
3.766802800E1,3.220201254E0,-1.023790550E1,-1.805228114E0
3.767302800E1,3.366247654E0,-1.026424217E1,-1.680729628E0
3.767802800E1,3.629609823E0,-1.036479855E1,-1.613691926E0
3.768302797E1,3.768473387E0,-1.026663589E1,-1.515529633E0
3.768802834E1,3.936067581E0,-1.008467674E1,-1.410184860E0
3.769302897E1,4.335899353E0,-1.008467674E1,-1.359906554E0
3.769802897E1,4.522646904E0,-9.857227325E0,-1.194706678E0
3.770302897E1,4.592078686E0,-9.658509254E0,-1.041477680E0
3.770802900E1,4.711789131E0,-9.419088364E0,-7.015010715E-1
3.771302904E1,4.678270340E0,-9.210793495E0,-5.674257874E-1
3.771802907E1,4.920383930E0,-9.122207642E0,-3.687070608E-1
3.772302907E1,5.016151905E0,-8.933065414E0,-2.489969730E-1
3.772802907E1,5.202899456E0,-8.849268913E0,-1.316810995E-1
3.773302903E1,5.360917091E0,-8.760683060E0,-5.985504389E-2
3.773802903E1,5.691316605E0,-8.724770546E0,2.154781483E-2
3.774302903E1,5.842151642E0,-8.679280281E0,1.484405100E-1
3.774802907E1,5.976226807E0,-8.485349655E0,1.963245422E-1
3.775302907E1,5.961861610E0,-8.317755699E0,1.699883193E-1
3.775802907E1,6.237194538E0,-8.109460831E0,1.436520964E-1
3.776302907E1,5.942708015E0,-7.688080788E0,6.943184882E-2
3.776802907E1,5.940313816E0,-7.489362240E0,2.394201700E-3
3.777302973E1,5.942708015E0,-7.336133480E0,-1.005564705E-1
3.777802970E1,5.861305237E0,-7.252336025E0,-1.891419291E-1
3.778302970E1,5.396830082E0,-7.211634636E0,-2.944868207E-1
3.778802970E1,4.786009312E0,-7.237970829E0,-5.578489900E-1
3.779302973E1,4.560954094E0,-7.372046471E0,-6.440402865E-1
3.779802973E1,3.957615376E0,-7.585130215E0,-5.602431893E-1
3.780302973E1,3.481169224E0,-7.712022781E0,-4.716577232E-1
3.780802970E1,3.076549292E0,-8.131008148E0,-4.812345505E-1
3.781302966E1,2.880224705E0,-8.473379135E0,-5.051765442E-1
3.781802963E1,2.612074137E0,-8.942642212E0,-5.482721925E-1
3.782302963E1,2.298433542E0,-9.285013199E0,-5.506663918E-1
3.782802963E1,2.248155355E0,-9.713575363E0,-5.841852427E-1
3.783302966E1,2.363077164E0,-1.025227070E1,-6.296750307E-1
3.783802970E1,2.810792685E0,-1.106151104E1,-6.200982332E-1
3.784302973E1,3.270479441E0,-1.160020638E1,-5.913678408E-1
3.784802973E1,4.232948780E0,-1.245493698E1,-5.363011956E-1
3.785302973E1,4.884171486E0,-1.292898846E1,-4.644751251E-1
3.785802970E1,5.222053051E0,-1.322347546E1,-2.274491638E-1
3.786302970E1,4.240131378E0,-1.285476780E1,9.337386489E-2
3.786802970E1,2.377442360E0,-1.193778896E1,2.298433632E-1
3.787302973E1,1.364694953E0,-1.137994003E1,1.723825186E-1
3.787802973E1,1.225831270E0,-1.099207973E1,1.340752989E-1
3.788302973E1,1.302445769E0,-1.060182476E1,1.484405100E-1
3.788802969E1,1.470039845E0,-1.013734913E1,1.819593310E-1
3.789302966E1,1.549048543E0,-9.955389977E0,1.747767180E-1
3.789802963E1,1.723825216E0,-9.608230591E0,1.723825186E-1
3.790302963E1,1.769315004E0,-9.349657059E0,2.274491638E-1
3.790802966E1,1.867477298E0,-9.002497673E0,2.777273953E-1
3.791302969E1,2.027888775E0,-8.827720642E0,3.926490843E-1
3.791802973E1,2.202665567E0,-8.638579369E0,5.674257874E-1
3.792302972E1,2.303221941E0,-8.344092369E0,8.236053586E-1
3.792802972E1,2.454056740E0,-8.087912560E0,1.149216771E0
3.793302969E1,2.518700123E0,-7.735964775E0,1.747767210E0
3.793802966E1,2.846705914E0,-7.743147373E0,2.882618904E0
3.794302966E1,3.148375273E0,-7.925107002E0,3.404554844E0
3.794802969E1,3.691859007E0,-8.475772858E0,3.715801001E0
3.795302972E1,4.029441357E0,-8.854057312E0,3.507505417E0
3.795802972E1,4.572925091E0,-9.519645691E0,2.628833532E0
3.796302972E1,4.829104900E0,-9.972148895E0,1.776497602E0
3.796802972E1,4.961085320E0,-1.037437534E1,1.058237195E0
3.797302972E1,4.975450516E0,-1.067365074E1,5.985504389E-1
3.797802972E1,4.831499100E0,-1.080772591E1,3.399766386E-1
3.798302969E1,4.690241337E0,-1.079814911E1,2.657563984E-1
3.798802969E1,4.477157116E0,-1.071435165E1,1.364694983E-1
3.799302969E1,4.326322556E0,-1.055872917E1,8.379705995E-2
3.799802972E1,4.213795185E0,-1.032888508E1,-2.873042040E-2
3.800302972E1,4.299986362E0,-1.012298393E1,-1.580173075E-1
3.800802972E1,4.505887508E0,-9.883563995E0,-3.040636182E-1
3.801303026E1,4.759673119E0,-9.723152161E0,-4.189853072E-1
3.801803022E1,5.030517101E0,-9.581894875E0,-5.339069963E-1
3.802303019E1,5.404012680E0,-9.545981407E0,-7.015010715E-1
3.802803019E1,5.930737019E0,-9.670479774E0,-9.624691010E-1
3.803303022E1,6.064812183E0,-9.596260071E0,-1.053448796E0
3.803803025E1,6.038475990E0,-9.251494408E0,-1.060631394E0
3.804303029E1,6.024110794E0,-8.971372604E0,-1.048660398E0
3.804803029E1,5.887641430E0,-8.339303970E0,-1.036689281E0
3.805303029E1,5.638644218E0,-7.850886822E0,-1.034295082E0
3.805803025E1,5.401618481E0,-7.170933247E0,-1.007958889E0
3.806303022E1,5.286696434E0,-6.799831867E0,-1.022324085E0
3.806803022E1,5.269937038E0,-6.543652534E0,-1.082179189E0
3.807303025E1,5.370493889E0,-6.438307762E0,-1.074996591E0
3.807803028E1,5.523722649E0,-6.416759968E0,-1.048660398E0
3.808303028E1,5.624279022E0,-6.445490360E0,-1.051054597E0
3.808803028E1,5.799055576E0,-6.591536522E0,-1.101332784E0
3.809303025E1,5.921160221E0,-6.718429089E0,-1.115697980E0
3.809803022E1,5.971438408E0,-6.977003098E0,-1.070208192E0
3.810303018E1,6.021716595E0,-7.218817234E0,-9.888052940E-1
3.810803018E1,6.139032364E0,-7.510910034E0,-8.523358107E-1
3.811303022E1,6.265924931E0,-7.774271965E0,-7.230489254E-1
3.811803025E1,6.335357189E0,-8.032846451E0,-5.530605912E-1
3.812303028E1,6.340145588E0,-8.248324394E0,-3.687070608E-1
3.812803028E1,6.237194538E0,-8.447042465E0,-1.221042871E-1
3.813303028E1,6.184522152E0,-8.552388191E0,1.915361360E-2
3.813803025E1,6.177339554E0,-8.652944565E0,3.112462163E-1
3.814303025E1,6.222829342E0,-8.662521362E0,5.458779931E-1
3.814803025E1,6.304232121E0,-8.748712540E0,7.996633649E-1
3.815303028E1,6.347328186E0,-8.731952667E0,1.046266198E0
3.815803028E1,6.316203594E0,-8.648156166E0,1.345541358E0
3.816302971E1,6.206069946E0,-8.597877502E0,1.620874524E0
3.816802971E1,6.016928196E0,-8.516474724E0,1.836352706E0
3.817302971E1,5.866093636E0,-8.473379135E0,2.023100376E0
3.817802971E1,5.727229595E0,-8.499714851E0,2.205059767E0
3.818302968E1,5.624279022E0,-8.561964989E0,2.200271368E0
3.818802964E1,5.411195278E0,-8.698433876E0,1.793257117E0
3.819302964E1,5.384859085E0,-8.818143845E0,1.300051570E0
3.819802968E1,5.011363506E0,-8.698433876E0,3.399766386E-1
3.820302971E1,4.448426723E0,-8.329727173E0,-7.422025502E-2
3.820802971E1,3.991134167E0,-8.063970566E0,-2.322375625E-1
3.821302971E1,3.778050184E0,-7.769483566E0,-3.160346150E-1
3.821802968E1,3.493140221E0,-7.429507256E0,-5.315127969E-1
3.822302968E1,3.385401249E0,-7.307403088E0,-5.937620401E-1
3.822802968E1,3.162740469E0,-7.190086842E0,-6.631938815E-1
3.823302971E1,3.260902643E0,-7.214028835E0,-6.272808313E-1
3.823802971E1,3.471592426E0,-7.261912823E0,-4.477157295E-1
3.824302971E1,3.627215624E0,-7.328950882E0,-1.819593310E-1
3.824802971E1,3.835511208E0,-7.419930458E0,5.985504389E-2
3.825302971E1,4.249708176E0,-7.759906769E0,3.902548850E-1
3.825802971E1,4.819528103E0,-8.044816971E0,7.086837292E-1
3.826302968E1,4.850652695E0,-8.099884033E0,7.948749661E-1
3.826802968E1,5.099948883E0,-8.298602104E0,8.331822157E-1
3.827302968E1,5.181351662E0,-8.399158478E0,8.236053586E-1
3.827802971E1,5.320215225E0,-8.621819496E0,8.020575643E-1
3.828302971E1,5.451896667E0,-8.717587471E0,7.398083210E-1
3.828802971E1,5.468656063E0,-9.100660324E0,8.068459630E-1
3.829302968E1,5.418377876E0,-9.498097420E0,8.283938169E-1
3.829802964E1,5.301061630E0,-9.852438927E0,8.667010069E-1
3.830302961E1,4.961085320E0,-1.012298393E1,8.619126081E-1
3.830802961E1,4.546588898E0,-1.022114658E1,7.733271718E-1
3.831302961E1,4.194641590E0,-1.031930828E1,6.440402865E-1
3.831802964E1,3.883395195E0,-1.044859505E1,4.764461517E-1
3.832302967E1,3.773261786E0,-1.049887371E1,2.777273953E-1
3.832802971E1,3.517082214E0,-1.041747093E1,-4.788403399E-3
3.833302971E1,3.385401249E0,-1.025705910E1,-1.795651317E-1
3.833802971E1,3.201047659E0,-9.833285332E0,-4.333505034E-1
3.834302967E1,3.057395458E0,-9.378387451E0,-6.033388376E-1
3.834802967E1,2.899378300E0,-8.985737801E0,-7.015010715E-1
3.835302967E1,2.695871115E0,-8.511686325E0,-7.805097699E-1
3.835802970E1,2.461239338E0,-8.126219749E0,-7.302315235E-1
3.836302970E1,2.269703150E0,-7.714416981E0,-5.506663918E-1
3.836802971E1,2.111685991E0,-7.285854816E0,-2.944868207E-1
3.837302967E1,2.003946781E0,-7.020098686E0,-1.005564705E-1
3.837802964E1,2.011129379E0,-6.780678272E0,3.064578176E-1
3.838302960E1,1.881842494E0,-6.510133743E0,8.930372596E-1
3.838802960E1,-2.758120298E0,-3.248931646E0,5.269937038E0
3.839302964E1,-3.256114423E-1,-4.716577530E0,2.679111719E0
3.839802967E1,4.141969085E-1,-5.569212437E0,2.133233786E0
3.840302970E1,-4.548983276E-1,-5.339369297E0,3.047818661E0
3.840802970E1,1.031900883E0,-6.287472725E0,2.525882721E0
3.841302970E1,2.073378563E0,-7.091924667E0,2.272097349E0
3.841802967E1,3.138798475E0,-8.236352921E0,1.812410712E0
3.842302933E1,3.696647406E0,-9.012074471E0,1.335964561E0
3.842802867E1,5.047276497E0,-1.036240387E1,8.571242094E-1
3.843302780E1,5.779901981E0,-1.105672264E1,6.105214357E-1
3.843802783E1,6.548440933E0,-1.216763210E1,2.106897533E-1
3.844302717E1,6.713640690E0,-1.288349819E1,1.532289088E-1
3.844802650E1,6.340145588E0,-1.301039124E1,6.943184882E-2
3.845302593E1,5.708076000E0,-1.289546967E1,2.370259613E-1
3.845802526E1,5.138256073E0,-1.238550472E1,3.160346150E-1
3.846302436E1,5.068824291E0,-1.210538292E1,2.394201756E-1
3.846802367E1,5.339369297E0,-1.174864674E1,-3.351882473E-2
3.847302300E1,5.727229595E0,-1.188751030E1,3.830722719E-2
3.847802300E1,6.500556946E0,-1.188990498E1,-3.591302410E-2
3.848302240E1,7.051223278E0,-1.175822353E1,-2.992752194E-1
3.848802240E1,7.395988464E0,-1.121952820E1,-7.182605267E-1
3.849302210E1,7.836521626E0,-1.079575443E1,-5.578489900E-1
3.849802140E1,8.300996780E0,-1.001524544E1,-4.333505034E-1
3.850302136E1,8.533234596E0,-9.258677483E0,-5.123591423E-1
3.850802066E1,8.925883293E0,-8.746317863E0,-3.902548850E-1
3.851302066E1,8.964190483E0,-8.289025307E0,-5.027823448E-1
3.851802030E1,9.004891396E0,-7.858069420E0,-7.062895298E-1
3.852301966E1,8.942642212E0,-7.515698433E0,-7.493851185E-1
3.852801970E1,8.717587471E0,-6.929119110E0,-1.151610970E0
3.853301970E1,8.461407661E0,-6.474220753E0,-1.470039845E0
3.853801970E1,8.296208382E0,-6.160580158E0,-1.733402014E0
3.854301966E1,8.011298180E0,-5.808632374E0,-2.015917778E0
3.854801966E1,7.642591000E0,-5.523722649E0,-2.260126352E0
3.855301966E1,7.393594265E0,-5.289090633E0,-2.389413357E0
3.855801970E1,7.156568050E0,-5.097554684E0,-2.501940727E0
3.856301973E1,7.087136269E0,-5.066430092E0,-2.499546528E0
3.856801973E1,7.111078262E0,-5.152621269E0,-2.212242365E0
3.857302003E1,7.206846237E0,-5.296273232E0,-1.865083098E0
3.857802066E1,7.575553417E0,-5.698499203E0,-1.300051570E0
3.858302153E1,7.637802601E0,-6.007351398E0,-5.722141862E-1
3.858802149E1,7.597101212E0,-6.361693382E0,1.651999205E-1
3.859302216E1,7.479785442E0,-6.775889874E0,9.433154464E-1
3.859802286E1,7.036858082E0,-7.190086842E0,1.987187386E0
3.860302346E1,6.433519363E0,-7.704840183E0,3.296815634E0
3.860802416E1,4.726154327E0,-9.217975616E0,5.449502468E0
3.861302506E1,3.251325846E0,-9.122207642E0,4.508281708E0
3.861802572E1,1.012747288E0,-8.657732964E0,3.744531393E0
3.862302636E1,8.571242094E-1,-9.024045944E0,3.658340216E0
3.862802566E1,2.008735180E0,-9.670479774E0,3.835511208E0
3.863302629E1,3.529053211E0,-1.003918743E1,3.622427225E0
3.863802632E1,4.888959885E0,-1.020678139E1,3.239354849E0
3.864302662E1,5.619490623E0,-9.943418503E0,2.741360903E0
3.864802729E1,6.548440933E0,-9.926659584E0,2.482787132E0
3.865302729E1,6.883629322E0,-9.993697166E0,2.387019157E0
3.865802796E1,7.010521889E0,-1.017565632E1,2.291250944E0
3.866302796E1,6.897994518E0,-1.021875191E1,2.092532396E0
3.866802832E1,6.672939301E0,-1.004397583E1,1.503558636E0
3.867302899E1,6.581959724E0,-9.646537781E0,9.911994934E-1
3.867802899E1,6.318597794E0,-9.251494408E0,6.296750307E-1
3.868302902E1,5.782296181E0,-8.892364502E0,3.208230138E-1
3.868802905E1,5.099948883E0,-8.497321129E0,5.746084079E-2
3.869302905E1,4.594472885E0,-8.193257332E0,-4.213795066E-1
3.869802902E1,4.453215122E0,-7.992144585E0,-8.283938169E-1
3.870302899E1,4.513070107E0,-7.917924404E0,-1.125274777E0
3.870802899E1,4.733336926E0,-7.755118370E0,-1.398213744E0
3.871302899E1,4.838681698E0,-7.700051785E0,-1.443703651E0
3.871802902E1,5.083189487E0,-7.510910034E0,-1.544260144E0
3.872302902E1,5.212476254E0,-7.271489620E0,-1.616086125E0
3.872802902E1,5.315426826E0,-7.041646481E0,-1.673547029E0
3.873302902E1,5.621884823E0,-6.926724911E0,-1.692700624E0
3.873802902E1,5.897218227E0,-6.886023521E0,-1.649604917E0
3.874302902E1,6.040870190E0,-6.886023521E0,-1.592144132E0
3.874802899E1,6.127061367E0,-6.866869926E0,-1.537077546E0
3.875302898E1,6.086359978E0,-6.859687328E0,-1.470039845E0
3.875802898E1,6.002563000E0,-6.862081528E0,-1.367089152E0
3.876302902E1,6.076783180E0,-6.847716331E0,-1.288080573E0
3.876802902E1,6.136638165E0,-6.725611687E0,-1.235408068E0
3.877302902E1,6.179733753E0,-6.658574104E0,-1.170764685E0
3.877802968E1,6.206069946E0,-6.627449512E0,-1.063025594E0
3.878302968E1,6.282684326E0,-6.646603107E0,-8.762778044E-1
3.878802968E1,6.562806129E0,-6.792649269E0,-3.567360640E-1
3.879302972E1,6.483797550E0,-6.718429089E0,-2.394201700E-3
3.879802972E1,6.285078526E0,-6.682516098E0,4.836287498E-1
3.880302972E1,6.052841187E0,-6.641814709E0,6.512228847E-1
3.880802972E1,5.535693645E0,-6.730400085E0,7.326257229E-1
3.881302972E1,5.198111057E0,-6.790255070E0,8.355764151E-1
3.881802972E1,4.848258495E0,-6.965032101E0,1.041477680E0
3.882302968E1,4.453215122E0,-7.601889610E0,1.546654344E0
3.882802965E1,4.376600742E0,-8.803778648E0,2.750937700E0
3.883302965E1,3.433285236E0,-1.234959126E1,2.952050686E0
3.883802965E1,3.203441858E0,-1.591006851E1,-3.543418646E-1
3.884302968E1,3.739742994E0,-1.149486160E1,3.665522814E0
3.884802968E1,5.004180908E0,-6.797437668E0,5.459079266E0
3.885302968E1,6.167762756E0,-5.949890614E0,5.207687855E0
3.885802965E1,8.212410927E0,-6.117484570E0,5.131073475E0
3.886302961E1,9.009679794E0,-6.670545101E0,4.481945515E0
3.886802958E1,8.870816231E0,-7.067982674E0,3.165134668E0
3.887302958E1,8.403946877E0,-7.192481041E0,2.451662540E0
3.887802961E1,7.920318604E0,-7.513304234E0,2.353500366E0
3.888302965E1,7.472602844E0,-8.243535995E0,2.284068346E0
3.888802968E1,6.622661114E0,-9.567529678E0,2.173935175E0
3.889302968E1,5.928342819E0,-1.017086792E1,2.291250944E0
3.889802968E1,4.944325924E0,-1.029776096E1,3.603273630E0
3.890302965E1,4.541800499E0,-1.012537861E1,4.340687752E0
3.890802964E1,4.381389141E0,-1.011580181E1,4.740519524E0
3.891302964E1,4.529829502E0,-1.024987698E1,4.381389141E0
3.891802968E1,4.800374508E0,-1.029057789E1,3.756502390E0
3.892302968E1,5.114314079E0,-1.026903057E1,2.952050686E0
3.892802968E1,5.351340294E0,-1.050126839E1,2.217030764E0
3.893302964E1,5.782296181E0,-1.069280434E1,1.450886250E0
3.893802961E1,6.122272968E0,-1.038634586E1,8.643068075E-1
3.894302958E1,6.038475990E0,-9.943418503E0,8.116343617E-1
3.894802958E1,5.298667431E0,-9.167697906E0,9.768342972E-1
3.895302958E1,4.726154327E0,-8.746317863E0,1.137245774E0
3.895802961E1,3.842693806E0,-8.265083313E0,1.362300754E0
3.896302964E1,3.483563423E0,-8.107066154E0,1.371877551E0
3.896802968E1,3.368641853E0,-8.099884033E0,1.367089152E0
3.897302968E1,3.385401249E0,-8.284236908E0,1.345541358E0
3.897802968E1,3.476380825E0,-8.420706749E0,1.288080573E0
3.898302964E1,3.524264812E0,-8.459013939E0,1.235408068E0
3.898802964E1,3.756502390E0,-8.454225540E0,1.362300754E0
3.899302964E1,4.007893562E0,-8.327332497E0,1.431732655E0
3.899802967E1,4.532223701E0,-8.164526939E0,1.513135433E0
3.900302967E1,5.042488098E0,-8.078335762E0,1.663970232E0
3.900802967E1,5.365705490E0,-7.958625793E0,1.836352706E0
3.901302967E1,5.913977623E0,-7.910741806E0,2.231395960E0
3.901802967E1,5.949890614E0,-7.999327183E0,2.329558372E0
3.902302967E1,6.052841187E0,-7.901165009E0,2.454056740E0
3.902802964E1,5.796661377E0,-7.910741806E0,2.470816135E0
3.903302964E1,5.619490623E0,-7.460631847E0,1.841141105E0
3.903802964E1,4.477157116E0,-6.670545101E0,2.549824715E0
3.904302967E1,3.102885485E0,-6.713640690E0,5.025728703E0
3.904802967E1,1.340752989E-1,-7.015310287E0,1.128656578E1
3.905302967E1,-1.110909581E0,-6.977003098E0,1.388666916E1
3.905802964E1,-9.217676520E-1,-7.194875240E0,1.290983486E1
3.906302961E1,-5.674257874E-1,-7.683292389E0,1.097771454E1
3.906802960E1,-2.873042040E-2,-8.317755699E0,8.566753387E0
3.907302964E1,5.363011956E-1,-8.966584206E0,6.443096161E0
3.907802967E1,1.714248419E0,-9.459790230E0,4.783615112E0
3.908302967E1,2.130839586E0,-9.589076996E0,4.115632534E0
3.908802967E1,2.609679937E0,-9.838073730E0,3.505111217E0
3.909302967E1,2.580949545E0,-1.018044472E1,3.359065056E0
3.909802967E1,2.489969730E0,-1.064731407E1,3.148375273E0
3.910302967E1,2.482787132E0,-1.087715721E1,3.543418407E0
3.910802964E1,2.518700123E0,-1.065210247E1,3.818751812E0
3.911302964E1,2.554613113E0,-1.046535492E1,3.679888010E0
3.911802964E1,2.568978310E0,-1.018044472E1,3.500322819E0
3.912302967E1,2.628833532E0,-9.763854027E0,3.294421434E0
3.912802967E1,3.035847664E0,-9.399934769E0,3.150769472E0
3.913302967E1,3.275267839E0,-9.074323654E0,3.009511471E0
3.913802964E1,3.485957623E0,-8.549993515E0,2.794033289E0
3.914302960E1,3.246537447E0,-8.135796547E0,2.762908697E0
3.914802957E1,2.643198729E0,-7.613860607E0,2.770091295E0
3.915302957E1,2.078166962E0,-7.233182430E0,2.748543501E0
3.915802960E1,1.601720929E0,-6.931513309E0,2.715024710E0
3.916302963E1,1.051054597E0,-6.565200329E0,2.856282711E0
3.916803017E1,6.584054828E-1,-6.287472725E0,3.028665066E0
3.917299687E1,6.799532771E-1,-6.210858345E0,3.095702887E0
3.917796353E1,7.206547260E-1,-6.167762756E0,3.339911461E0
3.918293017E1,8.643068075E-1,-6.172551155E0,3.665522814E0
3.918789680E1,1.055842996E0,-6.268319130E0,4.036623955E0
3.919286346E1,1.386242747E0,-6.490980148E0,4.089296341E0
3.919783016E1,1.532289028E0,-6.780678272E0,4.067748547E0
3.920279686E1,1.508347034E0,-7.352892876E0,3.945644379E0
3.920776353E1,1.288080573E0,-7.937077999E0,3.684676409E0
3.921273020E1,1.103726983E0,-8.399158478E0,3.282450438E0
3.921769683E1,1.101332784E0,-8.882787704E0,2.832340717E0
3.922266346E1,1.381454349E0,-9.186851501E0,2.631227732E0
3.922763010E1,2.221819162E0,-9.371204376E0,2.576161146E0
3.923259676E1,2.336740971E0,-9.141361237E0,2.942473888E0
3.923756346E1,2.612074137E0,-7.120655060E0,4.201824188E0
3.924253016E1,3.043030262E0,-5.657797813E0,4.757278919E0
3.924749686E1,2.310404539E0,-6.265924931E0,3.754108191E0
3.925246353E1,1.326387763E0,-7.776666164E0,2.932897091E0
3.925743019E1,6.919242740E-1,-9.548376083E0,2.681505919E0
3.926239683E1,6.344634295E-1,-1.027381897E1,2.839523315E0
3.926736349E1,7.805097699E-1,-1.079575443E1,2.999934673E0
3.927233016E1,7.445967197E-1,-1.078617764E1,3.095702887E0
3.927729686E1,8.355764151E-1,-1.089152241E1,3.083731890E0
3.928226356E1,4.860229492E-1,-1.109981823E1,2.834734917E0
3.928723022E1,-1.867477298E-1,-1.109263611E1,2.758120298E0
3.929219689E1,-6.272808313E-1,-1.120995140E1,2.954444885E0
3.929716356E1,-1.273715258E0,-1.129614258E1,3.500322819E0
3.930213022E1,-1.424550056E0,-1.115249062E1,4.015076160E0
3.930709686E1,-1.314416766E0,-1.091307068E1,4.223371983E0
3.931206349E1,-1.472434044E0,-1.053718090E1,4.405331135E0
3.931702966E1,-1.022324085E0,-9.742305756E0,5.157409668E0
3.932202966E1,-6.655880809E-1,-9.505280495E0,4.965873718E0
3.932702969E1,1.460463107E-1,-9.047987938E0,4.108449936E0
3.933202969E1,8.906430602E-1,-8.470984459E0,3.825934410E0
3.933702969E1,1.544260144E0,-8.461407661E0,3.658340216E0
3.934202965E1,2.214636564E0,-8.492532730E0,3.454833031E0
3.934702965E1,1.719036818E0,-8.676886559E0,3.308786631E0
3.935202965E1,1.003170490E0,-8.997709274E0,3.318363667E0
3.935702969E1,-2.633621916E-2,-9.354445457E0,3.445256233E0
3.936202969E1,-7.948749661E-1,-9.483732224E0,3.636792421E0
3.936702969E1,-2.473210335E0,-9.478943825E0,3.876212597E0
3.937202969E1,-3.632004023E0,-9.440636635E0,4.156333923E0
3.937702969E1,-4.316745758E0,-9.354445457E0,4.204218388E0
3.938202969E1,-3.098097086E0,-9.126996040E0,3.526659012E0
3.938702965E1,-2.082955360E0,-8.758289337E0,3.287238836E0
3.939202965E1,-1.611297727E0,-8.470984459E0,3.215412855E0
3.939702965E1,-1.314416766E0,-8.152556419E0,3.112462282E0
3.940202969E1,-1.280897856E0,-7.963414192E0,2.920926094E0
3.940702972E1,-1.333570361E0,-7.882011414E0,2.693476915E0
3.941202972E1,-1.074996591E0,-7.934683800E0,2.722207308E0
3.941702968E1,-4.381389022E-1,-8.346486092E0,2.913743496E0
3.942202965E1,-3.160346150E-1,-8.466196060E0,3.272873640E0
3.942702898E1,-4.620809257E-1,-8.516474724E0,3.576937437E0
3.943202832E1,-5.506663918E-1,-8.679280281E0,3.924096584E0
3.943702835E1,-8.930372596E-1,-8.851662636E0,4.125209332E0
3.944202768E1,-1.158793569E0,-9.014469147E0,4.149151325E0
3.944702702E1,-1.496376038E0,-9.083900452E0,3.936067581E0
3.945202635E1,-1.764526606E0,-9.150938034E0,4.072536945E0
3.945702598E1,-2.595314741E0,-9.191639900E0,4.299986362E0
3.946202508E1,-3.213018656E0,-9.124602318E0,4.170699596E0
3.946702415E1,-3.938461781E0,-9.021651268E0,3.684676409E0
3.947202325E1,-4.323928356E0,-9.067141533E0,3.426102638E0
3.947702235E1,-4.750096321E0,-9.325715065E0,3.043030262E0
3.948202171E1,-4.893748283E0,-9.658509254E0,3.131615877E0
3.948702171E1,-5.147832870E0,-9.857227325E0,3.251325846E0
3.949202105E1,-5.269937038E0,-1.000088024E1,3.196259260E0
3.949702035E1,-4.961085320E0,-1.032409668E1,2.918531895E0
3.950202035E1,-4.462791920E0,-1.071435165E1,2.820369720E0
3.950702035E1,-3.974374771E0,-1.151162148E1,2.614468336E0
3.951202038E1,-3.402160645E0,-1.170555115E1,2.832340717E0
3.951701991E1,-3.004723072E0,-1.217002678E1,3.179499865E0
3.952201991E1,-2.370259762E0,-1.249324417E1,3.292027235E0
3.952701991E1,-2.238578558E0,-1.282603741E1,3.275267839E0
3.953201991E1,-1.927332401E0,-1.316362000E1,3.375824451E0
3.953701925E1,-1.300051570E0,-1.337191582E1,3.241749048E0
3.954201921E1,-6.392518282E-1,-1.361612415E1,2.992752075E0
3.954701918E1,-2.561795712E-1,-1.422185707E1,2.327163935E0
3.955201918E1,-2.801215947E-1,-1.449240208E1,1.951274395E0
3.955701918E1,-9.696516991E-1,-1.498590660E1,1.015141487E0
3.956201921E1,-1.608903527E0,-1.494999409E1,1.221042871E-1
3.956701921E1,-2.231395960E0,-1.395131302E1,-7.733271718E-1
3.957201921E1,-2.882618904E0,-1.309179401E1,-3.998316824E-1
3.957701984E1,-3.289633036E0,-1.263689613E1,4.357447028E-1
3.958202048E1,-4.278438568E0,-1.206947041E1,1.455674648E0
3.958702044E1,-5.087977886E0,-1.217960358E1,2.286462545E0
3.959202111E1,-5.566818237E0,-1.141824722E1,4.237737179E0
3.959702181E1,-5.700893402E0,-1.101362705E1,7.118260860E0
3.960202251E1,-5.813420773E0,-1.079336071E1,8.293813705E0
3.960702291E1,-5.902006626E0,-1.030254936E1,9.771036148E0
3.961202381E1,-6.009745598E0,-1.029057789E1,1.013974380E1
3.961702471E1,-6.476614952E0,-1.002482224E1,9.941024780E0
3.962202558E1,-6.950666904E0,-9.440636635E0,9.364022255E0
3.962702648E1,-7.803002834E0,-8.827720642E0,8.126219749E0
3.963202714E1,-8.336909294E0,-8.961795807E0,5.851728439E0
3.963702717E1,-8.114249229E0,-9.596260071E0,2.959233284E0
3.964202784E1,-7.295432091E0,-9.773430824E0,1.821987510E0
3.964702851E1,-5.609913826E0,-9.976937294E0,-9.816227108E-2
3.965202847E1,-4.845864296E0,-1.011580181E1,-9.169792533E-1
3.965702844E1,-3.552995205E0,-1.005834103E1,-1.446097851E0
3.966202840E1,-3.224989653E0,-9.572318077E0,-9.696516991E-1
3.966702887E1,-4.003105164E0,-9.323320389E0,-1.120486379E0
3.967202887E1,-4.589684486E0,-9.601048470E0,-1.635239720E0
3.967702890E1,-5.710470200E0,-8.822932243E0,-1.127668977E0
3.968202807E1,-6.167762756E0,-8.090307236E0,3.902548850E-1
3.968702877E1,-5.449502468E0,-6.376058578E0,3.653551817E0
3.969202877E1,-4.982633114E0,-4.860229492E0,5.964255810E0
3.969702877E1,-4.151545525E0,-3.201047659E0,7.441478252E0
3.970202874E1,-3.682282209E0,-3.617638826E0,5.363311291E0
3.970702874E1,-3.213018656E0,-3.746925592E0,5.178957462E0
3.971202874E1,-3.651157618E0,-4.867412090E0,2.746149302E0
3.971702877E1,-2.858676910E0,-6.546046734E0,2.985569477E0
3.972202877E1,-2.880224705E0,-7.257124424E0,1.651999116E0
3.972702877E1,-2.588132143E0,-7.419930458E0,2.154781483E-2
3.973202877E1,-2.257732153E0,-7.118260860E0,-1.752555609E0
3.973702877E1,-2.159569979E0,-6.816591740E0,-2.829946518E0
3.974202877E1,-2.255337954E0,-6.627449512E0,-2.547430515E0
3.974702873E1,-2.710236311E0,-7.570765018E0,-1.865083098E0
3.975202873E1,-2.777273893E0,-8.511686325E0,-1.060631394E0
3.975702873E1,-2.571372509E0,-9.811738014E0,2.513911724E-1
3.976202877E1,-4.249708176E0,-8.600272179E0,8.140286058E-2
3.976702877E1,-7.762300968E0,-6.210858345E0,1.333570361E0
3.977202877E1,-1.000806236E1,-4.963479519E0,3.538630009E0
3.977702873E1,-1.111897182E1,-5.296273232E0,4.752490520E0
3.978202870E1,-1.191384697E1,-5.763142586E0,4.730942726E0
3.978702870E1,-1.172949314E1,-5.617096424E0,4.474762917E0
3.979202873E1,-1.082687950E1,-5.494992256E0,4.757278919E0
3.979702876E1,-8.992920876E0,-4.278438568E0,4.594472885E0
3.980202876E1,-7.618649006E0,-4.491522312E0,3.033453465E0
3.980702877E1,-6.502951145E0,-5.667374611E0,1.453280449E0
3.981202876E1,-7.635408401E0,-9.364022255E0,-1.125274822E-1
3.981702876E1,-1.036240387E1,-1.326657104E1,-7.469909191E-1
3.982202877E1,-8.346486092E0,-1.070956326E1,-1.963245392E0
3.982702873E1,-5.475838661E0,-8.435071945E0,-3.835511208E0
3.983202960E1,-3.931279182E0,-8.221987724E0,-5.090372086E0
3.983702960E1,-1.975216389E0,-9.047987938E0,-6.263530731E0
3.984202963E1,-1.443703651E0,-9.107842445E0,-6.074388981E0
3.984702963E1,-1.881842494E0,-9.083900452E0,-4.666299343E0
3.985202963E1,-2.341529369E0,-9.517251015E0,-3.512293816E0
3.985702960E1,-3.586514235E0,-1.052521038E1,-1.771709204E0
3.986202956E1,-4.893748283E0,-1.092504120E1,-6.991068721E-1
3.986702953E1,-6.297049522E0,-1.049408531E1,3.136404157E-1
3.987202953E1,-7.139808655E0,-9.957783699E0,8.427590132E-1
3.987702956E1,-8.044816971E0,-9.091083527E0,1.096544385E0
3.988202959E1,-8.540416718E0,-8.346486092E0,1.323993564E0
3.988702963E1,-9.093477249E0,-7.056011677E0,1.821987510E0
3.989202963E1,-9.167697906E0,-6.500556946E0,2.205059767E0
3.989702963E1,-9.550769806E0,-5.806238174E0,2.573766708E0
3.990202959E1,-1.044620132E1,-5.703287601E0,3.004723072E0
3.990702956E1,-1.098250294E1,-5.724835396E0,4.007893562E0
3.991202956E1,-1.137994003E1,-5.811026573E0,4.809951305E0
3.991702959E1,-1.204074001E1,-5.873276234E0,5.104737282E0
3.992202962E1,-1.209580612E1,-5.791872978E0,5.035305500E0
3.992702962E1,-1.170794582E1,-5.868487835E0,4.838681698E0
3.993202963E1,-1.143021774E1,-6.019322395E0,4.690241337E0
3.993702959E1,-1.061618996E1,-6.227617741E0,4.601655483E0
3.994202956E1,-1.023311710E1,-6.143820763E0,4.673481941E0
3.994702952E1,-9.079112053E0,-6.457461357E0,4.601655483E0
3.995202952E1,-8.262689590E0,-6.510133743E0,4.328716755E0
3.995702956E1,-7.680898190E0,-6.593930721E0,4.558559895E0
3.996202959E1,-6.957849503E0,-7.003339291E0,4.766855717E0
3.996702962E1,-5.583577633E0,-8.607454300E0,3.801992416E0
3.997202962E1,-3.509899616E0,-1.069280434E1,2.487575531E0
3.997702962E1,-5.011363506E0,-7.616254807E0,3.418920040E0
3.998202959E1,-5.303455830E0,-6.241982937E0,4.163516521E0
3.998702959E1,-7.010521889E0,-5.514145851E0,4.266467571E0
3.999202959E1,-8.080730438E0,-5.459079266E0,4.007893562E0
3.999702962E1,-8.763077736E0,-5.298667431E0,4.065354347E0
4.000202962E1,-8.640973091E0,-5.078401089E0,4.299986362E0
4.000702962E1,-8.564358711E0,-4.913201332E0,4.841075897E0
4.001202962E1,-8.880393028E0,-5.123890877E0,5.097554684E0
4.001702962E1,-9.040804863E0,-5.760748386E0,5.617096424E0
4.002202962E1,-9.153332710E0,-6.244377136E0,6.239588737E0
4.002702959E1,-8.743924141E0,-5.691316605E0,6.526893139E0
4.003202955E1,-8.346486092E0,-5.109525681E0,6.060023785E0
4.003702955E1,-7.824550629E0,-4.216189384E0,4.867412090E0
4.004202959E1,-7.127837658E0,-3.600879431E0,3.974374771E0
4.004702962E1,-7.120655060E0,-3.191470861E0,3.734954596E0
4.005202962E1,-1.028100109E1,-3.162740469E0,5.595548630E0
4.005702962E1,-1.263928986E1,-2.664746523E0,6.402394772E0
4.006202959E1,-1.219157410E1,-1.924938202E0,5.858911037E0
4.006702955E1,-1.189469337E1,-9.840168953E-1,4.774038315E0
4.007202952E1,-1.196173096E1,-5.817909837E-1,4.122815132E0
4.007702952E1,-1.253155136E1,-3.950432837E-1,3.095702887E0
4.008202955E1,-1.321629238E1,-5.171475410E-1,2.573766708E0
4.008702958E1,-1.458338165E1,-1.084573388E0,1.960851192E0
4.009202962E1,-1.543841076E1,-1.558625340E0,1.709460020E0
4.009702962E1,-1.609202766E1,-2.353500366E0,1.173158884E0
4.010202962E1,-1.673127937E1,-2.849100113E0,6.895300746E-1
4.010702958E1,-1.727476311E1,-3.177105665E0,1.125274822E-1
4.011202958E1,-1.765304756E1,-3.457227230E0,-4.764461517E-1
4.011702958E1,-1.781824684E1,-3.450044632E0,-1.278503656E0
4.012202962E1,-1.765783691E1,-3.136404276E0,-1.666364431E0
4.012702962E1,-1.695633507E1,-2.303221941E0,-2.154781580E0
4.013202962E1,-1.632187080E1,-1.769315004E0,-2.382230759E0
4.013702958E1,-1.513674164E1,-1.211466074E0,-2.310404539E0
4.014202955E1,-1.440621090E1,-1.268926859E0,-2.104503393E0
4.014702951E1,-1.352275085E1,-1.635239720E0,-1.841141105E0
4.015202951E1,-1.246451378E1,-2.018311977E0,-1.309628367E0
4.015702951E1,-1.113094330E1,-2.403778553E0,-6.440402865E-1
4.016202955E1,-9.672874451E0,-2.794033289E0,-4.309562966E-2
4.016702958E1,-8.001721382E0,-3.323152065E0,5.195417404E-1
4.017202961E1,-7.314585686E0,-3.890577793E0,7.230489254E-1
4.017702961E1,-6.347328186E0,-5.095160484E0,1.206677675E0
4.018202961E1,-5.432743073E0,-5.693710804E0,1.587355733E0
4.018702958E1,-4.699818134E0,-6.076783180E0,2.164358377E0
4.019202958E1,-4.446032524E0,-6.194098949E0,2.355894566E0
4.019702958E1,-4.510675907E0,-6.306626320E0,2.408566952E0
4.020202961E1,-4.707000732E0,-6.500556946E0,2.219424963E0
4.020702961E1,-4.807557106E0,-6.598719120E0,1.872265697E0
4.021202961E1,-4.872200489E0,-6.349722385E0,1.355118155E0
4.021702961E1,-5.485415459E0,-5.791872978E0,7.350199223E-1
4.022202961E1,-5.961861610E0,-5.418377876E0,6.177040339E-1
4.022702961E1,-6.629843712E0,-4.817133904E0,9.050082564E-1
4.023202958E1,-7.099107265E0,-4.345476151E0,1.352723956E0
4.023702958E1,-7.807791233E0,-3.488351822E0,2.432508945E0
4.024202958E1,-8.013691902E0,-2.973598480E0,3.385401249E0
4.024702961E1,-7.831733227E0,-2.844311714E0,4.285621166E0
4.025202961E1,-7.381623268E0,-3.246537447E0,5.109525681E0
4.025702961E1,-6.704063892E0,-4.426878929E0,6.062417984E0
4.026202958E1,-6.285078526E0,-5.147832870E0,6.692092896E0
4.026702954E1,-5.734412193E0,-6.318597794E0,7.855675220E0
4.027202951E1,-5.653009415E0,-7.044040680E0,8.281843185E0
4.027702951E1,-6.371270180E0,-8.492532730E0,8.336909294E0
4.028202951E1,-7.063194275E0,-9.435848236E0,8.068758965E0
4.028702954E1,-7.498939037E0,-1.000088024E1,7.597101212E0
4.029202957E1,-7.561188221E0,-1.028818417E1,6.969820499E0
4.029702961E1,-7.652167797E0,-1.035282707E1,6.055235386E0
4.030202961E1,-8.411129951E0,-1.046056652E1,4.843470097E0
4.030702961E1,-9.809343338E0,-1.024748230E1,3.466804028E0
4.031202957E1,-1.047493172E1,-9.783007622E0,2.849100113E0
4.031702957E1,-1.092743587E1,-8.430283546E0,2.035071373E0
4.032202957E1,-1.100644493E1,-7.417536259E0,1.561019540E0
4.032702961E1,-1.075984192E1,-5.516540051E0,6.871358752E-1
4.033202961E1,-1.029536629E1,-3.988739967E0,1.867477298E-1
4.033702961E1,-9.387964249E0,-2.542642117E0,-3.591302410E-2
4.034202957E1,-8.135796547E0,-1.338358760E0,1.436521020E-2
4.034702954E1,-6.692092896E0,-3.160346150E-1,2.849099934E-1
4.035202950E1,-5.198111057E0,5.003881454E-1,7.398083210E-1
4.035702950E1,-3.184288263E0,1.288080573E0,1.800439715E0
4.036202954E1,-1.740584612E0,1.589749932E0,2.691082716E0
4.036702957E1,9.792284966E-1,1.781286120E0,3.548206806E0
4.037202960E1,2.398990154E0,1.745373011E0,3.794809580E0
4.037702960E1,1.021875191E1,3.256114244E0,1.553657341E1
4.038202960E1,1.564910126E1,4.623203278E0,1.884775352E1
4.038702957E1,7.486968040E0,2.298433542E0,8.461407661E0
4.039202957E1,9.601048470E0,1.300051570E0,1.284040260E1
4.039702957E1,8.164526939E0,-3.399766386E-1,1.517026043E1
4.040202960E1,3.253720045E0,-2.432508945E0,1.901295471E1
4.040702964E1,-5.399224281E0,-5.906795025E0,2.207035065E1
4.041202964E1,-4.493916512E0,-5.174169064E0,2.083733559E1
4.041702964E1,1.180341482E0,-4.213795066E-1,1.728912926E1
4.042202964E1,1.048660398E0,2.140416384E0,1.124347019E1
4.042702897E1,5.913678408E-1,1.771709204E0,1.179653072E1
4.043202830E1,2.849099934E-1,7.374141216E-1,1.051802731E1
4.043702737E1,-1.675941229E0,9.313444495E-1,9.692028046E0
4.044202670E1,-5.535693645E0,1.450886250E0,7.776666164E0
4.044702603E1,-6.615478516E0,1.723825216E0,6.900388718E0
4.045202607E1,-5.595548630E0,1.412579060E0,7.470208645E0
4.045702580E1,-3.713406801E0,9.911994934E-1,8.545205116E0
4.046202490E1,-2.743755102E0,5.434837937E-1,9.466972351E0
4.046702396E1,-1.855506301E0,-5.506663769E-2,1.044141293E1
4.047202327E1,-1.300051570E0,3.782838583E-1,1.111657810E1
4.047702257E1,2.082955539E-1,9.792284966E-1,1.227058315E1
4.048202190E1,1.328781962E0,1.082179189E0,1.250282097E1
4.048702183E1,1.424550056E0,1.508347034E0,1.230649567E1
4.049202120E1,4.572925270E-1,2.336740971E0,1.196412563E1
4.049702176E1,-1.675941199E-1,2.296039343E0,1.145655441E1
4.050202176E1,-4.094084799E-1,2.202665567E0,1.101123333E1
4.050702176E1,-2.154781520E-1,1.783680320E0,1.108545303E1
4.051202173E1,-3.040636182E-1,1.738190413E0,1.116206741E1
4.051702133E1,-3.998316824E-1,1.793257117E0,1.114530849E1
4.052202163E1,7.182605099E-3,1.939303398E0,1.129135418E1
4.052702166E1,4.525041282E-1,2.224213362E0,1.135120964E1
4.053202170E1,6.177040339E-1,2.638410330E0,1.130811405E1
4.053702103E1,6.224924326E-1,3.059789658E0,1.118122101E1
4.054202033E1,5.937620401E-1,3.505111217E0,1.091067600E1
4.054702029E1,4.955997467E-1,3.938461781E0,1.051563358E1
4.055202026E1,5.219359994E-1,4.019864559E0,1.020438671E1
4.055702023E1,8.906430602E-1,3.833117008E0,9.574711800E0
4.056202023E1,1.125274777E0,3.663128614E0,9.086295128E0
4.056702026E1,1.060631394E0,3.801992416E0,8.150161743E0
4.057202029E1,6.775590777E-1,4.115632534E0,7.448660851E0
4.057702099E1,2.633621991E-1,4.498704910E0,6.919542313E0
4.058202166E1,0.000000000E0,4.644751072E0,6.565200329E0
4.058702256E1,4.309562966E-2,4.438849926E0,6.428730965E0
4.059202319E1,8.379705995E-2,4.230554581E0,6.359299183E0
4.059702386E1,2.825157940E-1,3.763684988E0,6.617872715E0
4.060202386E1,5.267243981E-1,3.435679436E0,6.866869926E0
4.060702416E1,8.595184088E-1,3.184288263E0,7.288249016E0
4.061202466E1,1.003170490E0,3.083731890E0,7.307403088E0
4.061702556E1,1.261744261E0,2.896984100E0,7.302614689E0
4.062202622E1,1.496376038E0,2.815581083E0,7.314585686E0
4.062702622E1,1.549048543E0,2.863465309E0,7.182904243E0
4.063202689E1,1.438915253E0,2.949656487E0,7.046434879E0
4.063702696E1,1.242590666E0,3.086126089E0,6.938695908E0
4.064202762E1,1.132457376E0,3.251325846E0,6.845322132E0
4.064702709E1,9.217676520E-1,3.459621429E0,6.677727699E0
4.065202712E1,7.924807668E-1,3.584120035E0,6.572382927E0
4.065702715E1,6.560112834E-1,3.722983599E0,6.505345345E0
4.066202715E1,5.123591423E-1,3.845088005E0,6.440701962E0
4.066702752E1,3.782838583E-1,4.024652958E0,6.431125164E0
4.067202719E1,2.226607651E-1,4.218583584E0,6.500556946E0
4.067702718E1,4.309562966E-2,4.410119534E0,6.598719120E0
4.068202718E1,-1.699883193E-1,4.568136692E0,6.689698696E0
4.068702788E1,-4.596867263E-1,4.728548527E0,6.814197540E0
4.069202855E1,-6.464344859E-1,4.795586109E0,6.859687328E0
4.069702855E1,-9.050082564E-1,4.826710701E0,6.914753914E0
4.070202855E1,-9.983820915E-1,4.845864296E0,6.874052525E0
4.070702855E1,-1.036689281E0,4.833893299E0,6.795043468E0
4.071202855E1,-9.959878922E-1,4.814739704E0,6.737582684E0
4.071702852E1,-9.313444495E-1,4.802768707E0,6.701669693E0
4.072202852E1,-1.218648672E0,4.740519524E0,7.060800076E0
4.072702852E1,-3.825934410E0,3.916913986E0,1.377414131E1
4.073202855E1,-4.027047157E0,3.907337189E0,1.399201393E1
4.073702855E1,-1.891419291E0,6.191704750E0,1.166485023E1
4.074202855E1,-2.011129409E-1,6.610690117E0,1.022354031E1
4.074702852E1,1.915361360E-2,6.086359978E0,9.103054047E0
4.075202848E1,-9.097966552E-2,5.743988991E0,8.300996780E0
4.075702845E1,-5.650315881E-1,5.523722649E0,7.166144848E0
4.076202885E1,-9.361328483E-1,5.435137272E0,6.529287338E0
4.076702888E1,-1.041477680E0,5.092766285E0,6.081571579E0
4.077202891E1,-1.151610970E0,4.465186119E0,5.985803604E0
4.077702961E1,-1.563413739E0,4.177882195E0,5.858911037E0
4.078202965E1,-1.244984865E0,4.386177540E0,5.904400826E0
4.078702965E1,-4.692635238E-1,4.766855717E0,6.244377136E0
4.079202961E1,-3.519476354E-1,4.853046894E0,6.474220753E0
4.079702958E1,-6.105214357E-1,4.860229492E0,6.965032101E0
4.080202958E1,-7.709329724E-1,4.838681698E0,7.281066418E0
4.080702958E1,-7.685387731E-1,4.888959885E0,7.812579632E0
4.081202961E1,-6.919242740E-1,4.987421513E0,8.056788445E0
4.081702961E1,-7.182605267E-1,5.097554684E0,8.159738541E0
4.082202961E1,-8.379706144E-1,5.176563263E0,8.236352921E0
4.082702958E1,-1.058237195E0,5.255571842E0,8.353669167E0
4.083202954E1,-1.173158884E0,5.372888088E0,8.425495148E0
4.083702951E1,-1.285686255E0,5.492598057E0,8.461407661E0
4.084202951E1,-1.290474772E0,5.523722649E0,8.430283546E0
4.084702954E1,-1.185129881E0,5.432743073E0,8.248324394E0
4.085202958E1,-1.060631394E0,5.313032627E0,8.040028572E0
4.085702961E1,-6.967126727E-1,5.076006889E0,7.563582420E0
4.086202961E1,-4.285621047E-1,4.906018734E0,7.233182430E0
4.086702961E1,-3.375824392E-1,4.745307922E0,7.072771072E0
4.087202958E1,-3.471592367E-1,4.620809078E0,7.108684063E0
4.087702958E1,-4.596867263E-1,4.486733913E0,7.395988464E0
4.088202958E1,-5.171475410E-1,4.407725334E0,7.618649006E0
4.088702961E1,-5.746083856E-1,4.299986362E0,8.063970566E0
4.089202961E1,-5.985504389E-1,4.266467571E0,8.399158478E0
4.089702961E1,-5.506663918E-1,4.194641590E0,9.134179115E0
4.090202961E1,-3.902548850E-1,4.204218388E0,9.677662849E0
4.090702961E1,-7.900865376E-2,4.237737179E0,9.763854027E0
4.091202961E1,3.280056417E-1,4.199429989E0,9.498097420E0
4.091702957E1,6.895300746E-1,4.062960148E0,9.045593262E0
4.092202954E1,8.595184088E-1,3.859453201E0,8.538022995E0
4.092702954E1,7.637503147E-1,3.775655985E0,7.910741806E0
4.093203011E1,5.937620401E-1,3.845088005E0,7.565976620E0
4.093703014E1,2.130839527E-1,4.161122322E0,6.641814709E0
4.094203014E1,-2.801215947E-1,4.788403511E0,2.145204782E0
4.094703014E1,-1.118092179E0,5.741594791E0,3.124433279E0
4.095203011E1,-2.193088770E0,5.933131218E0,5.502174854E0
4.095703010E1,-3.438073635E0,6.174945354E0,5.969044209E0
4.096203011E1,-3.852270603E0,6.249165535E0,6.965032101E0
4.096703014E1,-3.842693806E0,6.033687592E0,8.573935509E0
4.097203014E1,-3.852270603E0,5.657797813E0,1.008707142E1
4.097703014E1,-3.452438831E0,5.363311291E0,1.125544167E1
4.098203014E1,-2.837129116E0,5.432743073E0,1.173188782E1
4.098703014E1,-1.980004787E0,5.722441196E0,1.192342377E1
4.099203014E1,-1.546654344E0,6.031293392E0,1.151162148E1
4.099703010E1,-6.967126727E-1,6.234800339E0,1.028578949E1
4.100203010E1,-4.644751251E-1,5.933131218E0,8.612242699E0
4.100703010E1,-5.698199868E-1,5.504569054E0,7.158962250E0
4.101203014E1,-7.685387731E-1,5.157409668E0,6.366481781E0
4.101703014E1,-8.547300100E-1,4.985027313E0,6.251559734E0
